#atide2_44002_1
90.91
28052|15.00|60.87|50342
28052|15.00|60.91|50343
28052|15.00|60.87|50344
28052|15.00|60.91|50345
15035|17.00|62.87|50342
15035|17.00|62.91|50343
15035|17.00|62.87|50344
15035|17.00|62.91|50345
15036|19.00|64.87|50342
15036|19.00|64.91|50343
15036|19.00|64.87|50344
15036|19.00|64.91|50345
15037|21.00|66.87|50342
15037|21.00|66.91|50343
15037|21.00|66.87|50344
15037|21.00|66.91|50345
28052|23.00|68.87|50342
28052|23.00|68.91|50343
28052|23.00|68.87|50344
28052|23.00|68.91|50345
15035|25.00|70.87|50342
15035|25.00|70.91|50343
15035|25.00|70.87|50344
15035|25.00|70.91|50345
15036|27.00|72.87|50342
15036|27.00|72.91|50343
15036|27.00|72.87|50344
15036|27.00|72.91|50345
15037|29.00|74.87|50342
15037|29.00|74.91|50343
15037|29.00|74.87|50344
15037|29.00|74.91|50345
28052|31.00|76.87|50342
28052|31.00|76.91|50343
28052|31.00|76.87|50344
28052|31.00|76.91|50345
15035|33.00|78.87|50342
15035|33.00|78.91|50343
15035|33.00|78.87|50344
15035|33.00|78.91|50345
15036|35.00|80.87|50342
15036|35.00|80.91|50343
15036|35.00|80.87|50344
15036|35.00|80.91|50345
15037|37.00|82.87|50342
15037|37.00|82.91|50343
15037|37.00|82.87|50344
15037|37.00|82.91|50345
28052|39.00|84.87|50342
28052|39.00|84.91|50343
28052|39.00|84.87|50344
28052|39.00|84.91|50345
15035|41.00|86.87|50342
15035|41.00|86.91|50343
15035|41.00|86.87|50344
15035|41.00|86.91|50345
15036|43.00|88.87|50342
15036|43.00|88.91|50343
15036|43.00|88.87|50344
15036|43.00|88.91|50345
15037|45.00|90.87|50342
15037|45.00|90.91|50343
15037|45.00|90.87|50344
15037|45.00|90.91|50345
#atide2_44002_2
90.68
28052|15.00|60.67|50346
28052|15.00|60.68|50347
28052|15.00|60.60|50348
28052|15.00|60.63|50349
15035|17.00|62.67|50346
15035|17.00|62.68|50347
15035|17.00|62.60|50348
15035|17.00|62.63|50349
15036|19.00|64.67|50346
15036|19.00|64.68|50347
15036|19.00|64.60|50348
15036|19.00|64.63|50349
15037|21.00|66.67|50346
15037|21.00|66.68|50347
15037|21.00|66.60|50348
15037|21.00|66.63|50349
28052|23.00|68.67|50346
28052|23.00|68.68|50347
28052|23.00|68.60|50348
28052|23.00|68.63|50349
15035|25.00|70.67|50346
15035|25.00|70.68|50347
15035|25.00|70.60|50348
15035|25.00|70.63|50349
15036|27.00|72.67|50346
15036|27.00|72.68|50347
15036|27.00|72.60|50348
15036|27.00|72.63|50349
15037|29.00|74.67|50346
15037|29.00|74.68|50347
15037|29.00|74.60|50348
15037|29.00|74.63|50349
28052|31.00|76.67|50346
28052|31.00|76.68|50347
28052|31.00|76.60|50348
28052|31.00|76.63|50349
15035|33.00|78.67|50346
15035|33.00|78.68|50347
15035|33.00|78.60|50348
15035|33.00|78.63|50349
15036|35.00|80.67|50346
15036|35.00|80.68|50347
15036|35.00|80.60|50348
15036|35.00|80.63|50349
15037|37.00|82.67|50346
15037|37.00|82.68|50347
15037|37.00|82.60|50348
15037|37.00|82.63|50349
28052|39.00|84.67|50346
28052|39.00|84.68|50347
28052|39.00|84.60|50348
28052|39.00|84.63|50349
15035|41.00|86.67|50346
15035|41.00|86.68|50347
15035|41.00|86.60|50348
15035|41.00|86.63|50349
15036|43.00|88.67|50346
15036|43.00|88.68|50347
15036|43.00|88.60|50348
15036|43.00|88.63|50349
15037|45.00|90.67|50346
15037|45.00|90.68|50347
15037|45.00|90.60|50348
15037|45.00|90.63|50349
#atide2_44002_3
126.08
28052|15.00|72.54|50350
28052|15.00|72.72|50351
28052|15.00|73.58|50352
28052|15.00|72.58|50353
15035|18.50|76.04|50350
15035|18.50|76.22|50351
15035|18.50|77.08|50352
15035|18.50|76.08|50353
15036|22.00|79.54|50350
15036|22.00|79.72|50351
15036|22.00|80.58|50352
15036|22.00|79.58|50353
15037|25.50|83.04|50350
15037|25.50|83.22|50351
15037|25.50|84.08|50352
15037|25.50|83.08|50353
28052|29.00|86.54|50350
28052|29.00|86.72|50351
28052|29.00|87.58|50352
28052|29.00|86.58|50353
15035|32.50|90.04|50350
15035|32.50|90.22|50351
15035|32.50|91.08|50352
15035|32.50|90.08|50353
15036|36.00|93.54|50350
15036|36.00|93.72|50351
15036|36.00|94.58|50352
15036|36.00|93.58|50353
15037|39.50|97.04|50350
15037|39.50|97.22|50351
15037|39.50|98.08|50352
15037|39.50|97.08|50353
28052|43.00|100.54|50350
28052|43.00|100.72|50351
28052|43.00|101.58|50352
28052|43.00|100.58|50353
15035|46.50|104.04|50350
15035|46.50|104.22|50351
15035|46.50|105.08|50352
15035|46.50|104.08|50353
15036|50.00|107.54|50350
15036|50.00|107.72|50351
15036|50.00|108.58|50352
15036|50.00|107.58|50353
15037|53.50|111.04|50350
15037|53.50|111.22|50351
15037|53.50|112.08|50352
15037|53.50|111.08|50353
28052|57.00|114.54|50350
28052|57.00|114.72|50351
28052|57.00|115.58|50352
28052|57.00|114.58|50353
15035|60.50|118.04|50350
15035|60.50|118.22|50351
15035|60.50|119.08|50352
15035|60.50|118.08|50353
15036|64.00|121.54|50350
15036|64.00|121.72|50351
15036|64.00|122.58|50352
15036|64.00|121.58|50353
15037|67.50|125.04|50350
15037|67.50|125.22|50351
15037|67.50|126.08|50352
15037|67.50|125.08|50353
#atide2_44002_4
125.19
28052|15.00|72.17|50354
28052|15.00|71.70|50355
28052|15.00|72.52|50356
28052|15.00|72.69|50357
15035|18.50|75.67|50354
15035|18.50|75.20|50355
15035|18.50|76.02|50356
15035|18.50|76.19|50357
15036|22.00|79.17|50354
15036|22.00|78.70|50355
15036|22.00|79.52|50356
15036|22.00|79.69|50357
15037|25.50|82.67|50354
15037|25.50|82.20|50355
15037|25.50|83.02|50356
15037|25.50|83.19|50357
28052|29.00|86.17|50354
28052|29.00|85.70|50355
28052|29.00|86.52|50356
28052|29.00|86.69|50357
15035|32.50|89.67|50354
15035|32.50|89.20|50355
15035|32.50|90.02|50356
15035|32.50|90.19|50357
15036|36.00|93.17|50354
15036|36.00|92.70|50355
15036|36.00|93.52|50356
15036|36.00|93.69|50357
15037|39.50|96.67|50354
15037|39.50|96.20|50355
15037|39.50|97.02|50356
15037|39.50|97.19|50357
28052|43.00|100.17|50354
28052|43.00|99.70|50355
28052|43.00|100.52|50356
28052|43.00|100.69|50357
15035|46.50|103.67|50354
15035|46.50|103.20|50355
15035|46.50|104.02|50356
15035|46.50|104.19|50357
15036|50.00|107.17|50354
15036|50.00|106.70|50355
15036|50.00|107.52|50356
15036|50.00|107.69|50357
15037|53.50|110.67|50354
15037|53.50|110.20|50355
15037|53.50|111.02|50356
15037|53.50|111.19|50357
28052|57.00|114.17|50354
28052|57.00|113.70|50355
28052|57.00|114.52|50356
28052|57.00|114.69|50357
15035|60.50|117.67|50354
15035|60.50|117.20|50355
15035|60.50|118.02|50356
15035|60.50|118.19|50357
15036|64.00|121.17|50354
15036|64.00|120.70|50355
15036|64.00|121.52|50356
15036|64.00|121.69|50357
15037|67.50|124.67|50354
15037|67.50|124.20|50355
15037|67.50|125.02|50356
15037|67.50|125.19|50357
#atide2_44002_5
93.22
28052|15.00|55.72|50358
28052|15.00|55.65|50359
28052|15.00|55.62|50360
28052|15.00|55.70|50361
15035|17.50|58.22|50358
15035|17.50|58.15|50359
15035|17.50|58.12|50360
15035|17.50|58.20|50361
15036|20.00|60.72|50358
15036|20.00|60.65|50359
15036|20.00|60.62|50360
15036|20.00|60.70|50361
15037|22.50|63.22|50358
15037|22.50|63.15|50359
15037|22.50|63.12|50360
15037|22.50|63.20|50361
28052|25.00|65.72|50358
28052|25.00|65.65|50359
28052|25.00|65.62|50360
28052|25.00|65.70|50361
15035|27.50|68.22|50358
15035|27.50|68.15|50359
15035|27.50|68.12|50360
15035|27.50|68.20|50361
15036|30.00|70.72|50358
15036|30.00|70.65|50359
15036|30.00|70.62|50360
15036|30.00|70.70|50361
15037|32.50|73.22|50358
15037|32.50|73.15|50359
15037|32.50|73.12|50360
15037|32.50|73.20|50361
28052|35.00|75.72|50358
28052|35.00|75.65|50359
28052|35.00|75.62|50360
28052|35.00|75.70|50361
15035|37.50|78.22|50358
15035|37.50|78.15|50359
15035|37.50|78.12|50360
15035|37.50|78.20|50361
15036|40.00|80.72|50358
15036|40.00|80.65|50359
15036|40.00|80.62|50360
15036|40.00|80.70|50361
15037|42.50|83.22|50358
15037|42.50|83.15|50359
15037|42.50|83.12|50360
15037|42.50|83.20|50361
28052|45.00|85.72|50358
28052|45.00|85.65|50359
28052|45.00|85.62|50360
28052|45.00|85.70|50361
15035|47.50|88.22|50358
15035|47.50|88.15|50359
15035|47.50|88.12|50360
15035|47.50|88.20|50361
15036|50.00|90.72|50358
15036|50.00|90.65|50359
15036|50.00|90.62|50360
15036|50.00|90.70|50361
15037|52.50|93.22|50358
15037|52.50|93.15|50359
15037|52.50|93.12|50360
15037|52.50|93.20|50361
#atide2_44002_6
97.46
28052|15.00|59.91|50362
28052|15.00|59.96|50363
28052|15.00|51.72|50364
28052|15.00|51.72|50365
15035|17.50|62.41|50362
15035|17.50|62.46|50363
15035|17.50|54.22|50364
15035|17.50|54.22|50365
15036|20.00|64.91|50362
15036|20.00|64.96|50363
15036|20.00|56.72|50364
15036|20.00|56.72|50365
15037|22.50|67.41|50362
15037|22.50|67.46|50363
15037|22.50|59.22|50364
15037|22.50|59.22|50365
28052|25.00|69.91|50362
28052|25.00|69.96|50363
28052|25.00|61.72|50364
28052|25.00|61.72|50365
15035|27.50|72.41|50362
15035|27.50|72.46|50363
15035|27.50|64.22|50364
15035|27.50|64.22|50365
15036|30.00|74.91|50362
15036|30.00|74.96|50363
15036|30.00|66.72|50364
15036|30.00|66.72|50365
15037|32.50|77.41|50362
15037|32.50|77.46|50363
15037|32.50|69.22|50364
15037|32.50|69.22|50365
28052|35.00|79.91|50362
28052|35.00|79.96|50363
28052|35.00|71.72|50364
28052|35.00|71.72|50365
15035|37.50|82.41|50362
15035|37.50|82.46|50363
15035|37.50|74.22|50364
15035|37.50|74.22|50365
15036|40.00|84.91|50362
15036|40.00|84.96|50363
15036|40.00|76.72|50364
15036|40.00|76.72|50365
15037|42.50|87.41|50362
15037|42.50|87.46|50363
15037|42.50|79.22|50364
15037|42.50|79.22|50365
28052|45.00|89.91|50362
28052|45.00|89.96|50363
28052|45.00|81.72|50364
28052|45.00|81.72|50365
15035|47.50|92.41|50362
15035|47.50|92.46|50363
15035|47.50|84.22|50364
15035|47.50|84.22|50365
15036|50.00|94.91|50362
15036|50.00|94.96|50363
15036|50.00|86.72|50364
15036|50.00|86.72|50365
15037|52.50|97.41|50362
15037|52.50|97.46|50363
15037|52.50|89.22|50364
15037|52.50|89.22|50365
#atide2_44002_7
92.54
28052|15.00|55.00|50366
28052|15.00|54.88|50367
28052|15.00|54.99|50368
28052|15.00|55.04|50369
15035|17.50|57.50|50366
15035|17.50|57.38|50367
15035|17.50|57.49|50368
15035|17.50|57.54|50369
15036|20.00|60.00|50366
15036|20.00|59.88|50367
15036|20.00|59.99|50368
15036|20.00|60.04|50369
15037|22.50|62.50|50366
15037|22.50|62.38|50367
15037|22.50|62.49|50368
15037|22.50|62.54|50369
28052|25.00|65.00|50366
28052|25.00|64.88|50367
28052|25.00|64.99|50368
28052|25.00|65.04|50369
15035|27.50|67.50|50366
15035|27.50|67.38|50367
15035|27.50|67.49|50368
15035|27.50|67.54|50369
15036|30.00|70.00|50366
15036|30.00|69.88|50367
15036|30.00|69.99|50368
15036|30.00|70.04|50369
15037|32.50|72.50|50366
15037|32.50|72.38|50367
15037|32.50|72.49|50368
15037|32.50|72.54|50369
28052|35.00|75.00|50366
28052|35.00|74.88|50367
28052|35.00|74.99|50368
28052|35.00|75.04|50369
15035|37.50|77.50|50366
15035|37.50|77.38|50367
15035|37.50|77.49|50368
15035|37.50|77.54|50369
15036|40.00|80.00|50366
15036|40.00|79.88|50367
15036|40.00|79.99|50368
15036|40.00|80.04|50369
15037|42.50|82.50|50366
15037|42.50|82.38|50367
15037|42.50|82.49|50368
15037|42.50|82.54|50369
28052|45.00|85.00|50366
28052|45.00|84.88|50367
28052|45.00|84.99|50368
28052|45.00|85.04|50369
15035|47.50|87.50|50366
15035|47.50|87.38|50367
15035|47.50|87.49|50368
15035|47.50|87.54|50369
15036|50.00|90.00|50366
15036|50.00|89.88|50367
15036|50.00|89.99|50368
15036|50.00|90.04|50369
15037|52.50|92.50|50366
15037|52.50|92.38|50367
15037|52.50|92.49|50368
15037|52.50|92.54|50369
#atide2_44002_8
97.02
28052|15.00|59.17|50370
28052|15.00|59.02|50371
28052|15.00|59.39|50372
28052|15.00|59.52|50373
15035|17.50|61.67|50370
15035|17.50|61.52|50371
15035|17.50|61.89|50372
15035|17.50|62.02|50373
15036|20.00|64.17|50370
15036|20.00|64.02|50371
15036|20.00|64.39|50372
15036|20.00|64.52|50373
15037|22.50|66.67|50370
15037|22.50|66.52|50371
15037|22.50|66.89|50372
15037|22.50|67.02|50373
28052|25.00|69.17|50370
28052|25.00|69.02|50371
28052|25.00|69.39|50372
28052|25.00|69.52|50373
15035|27.50|71.67|50370
15035|27.50|71.52|50371
15035|27.50|71.89|50372
15035|27.50|72.02|50373
15036|30.00|74.17|50370
15036|30.00|74.02|50371
15036|30.00|74.39|50372
15036|30.00|74.52|50373
15037|32.50|76.67|50370
15037|32.50|76.52|50371
15037|32.50|76.89|50372
15037|32.50|77.02|50373
28052|35.00|79.17|50370
28052|35.00|79.02|50371
28052|35.00|79.39|50372
28052|35.00|79.52|50373
15035|37.50|81.67|50370
15035|37.50|81.52|50371
15035|37.50|81.89|50372
15035|37.50|82.02|50373
15036|40.00|84.17|50370
15036|40.00|84.02|50371
15036|40.00|84.39|50372
15036|40.00|84.52|50373
15037|42.50|86.67|50370
15037|42.50|86.52|50371
15037|42.50|86.89|50372
15037|42.50|87.02|50373
28052|45.00|89.17|50370
28052|45.00|89.02|50371
28052|45.00|89.39|50372
28052|45.00|89.52|50373
15035|47.50|91.67|50370
15035|47.50|91.52|50371
15035|47.50|91.89|50372
15035|47.50|92.02|50373
15036|50.00|94.17|50370
15036|50.00|94.02|50371
15036|50.00|94.39|50372
15036|50.00|94.52|50373
15037|52.50|96.67|50370
15037|52.50|96.52|50371
15037|52.50|96.89|50372
15037|52.50|97.02|50373
