#call_11005_1
20.00
11005|0.00|20.00|900300
#call_11008_1
20.00
11008|0.00|20.00|900301
#call_11009_1
20.00
11009|0.00|20.00|900302
#call_11010_1
20.00
11010|0.00|20.00|900303
#call_11011_1
20.00
11011|0.00|20.00|900304
#call_11012_1
25.00
11012|0.00|25.00|900305
#call_11013_1
20.00
11013|0.00|20.00|900306
#call_11015_1
20.00
11015|0.00|20.00|900307
#call_11016_1
30.00
11016|0.00|30.00|900308
#call_11017_1
18.00
11017|0.00|18.00|900309
#call_11018_1
25.00
11018|0.00|25.00|900310
#call_11020_1
20.00
11020|0.00|20.00|900311
#call_11021_1
25.00
11021|0.00|25.00|900312
#call_11024_1
25.00
11024|0.00|25.00|900313
#call_11025_1
25.00
11025|0.00|25.00|900314
#call_11026_1
35.00
11026|0.00|35.00|900315
#call_11075_1
25.00
11075|0.00|25.00|900317
#call_11085_1
12.00
11085|0.00|12.00|900316
#call_11090_1
20.00
11090|0.00|20.00|900318
#call_11211_1
30.00
11211|0.00|30.00|900319
#call_11212_1
30.00
11212|0.00|30.00|900320
#call_11214_1
25.00
11214|0.00|25.00|900321
#call_11231_1
50.00
11231|0.00|50.00|900322
#call_14013_1
25.00
14013|0.00|25.00|900323
#call_14015_1
25.00
14015|0.00|25.00|900324
#call_14020_1
24.00
14020|0.00|24.00|900325
#call_14024_1
35.00
14024|0.00|35.00|900326
#call_14025_1
35.00
14025|0.00|35.00|900327
#call_14087_1
25.00
14087|0.00|25.00|900328
#call_14090_1
20.00
14090|0.00|20.00|900329
#call_76217_1
25.00
76217|0.00|25.00|900330
#call_76218_1
25.00
76218|0.00|25.00|900331
#call_76219_1
25.00
76219|0.00|25.00|900332
#call_76220_1
25.00
76220|0.00|25.00|900333
#call_76221_1
25.00
76221|0.00|25.00|900334
#call_76222_1
25.00
76222|0.00|25.00|900335
#call_76223_1
25.00
76223|0.00|25.00|900336
#call_76224_1
25.00
76224|0.00|25.00|900337
#call_76225_1
30.00
76225|0.00|30.00|900338
#call_76226_1
30.00
76226|0.00|30.00|900339
#call_76227_1
30.00
76227|0.00|30.00|900340
#call_piton_1
30.00
22041|0.00|30.00|600002
22041|0.00|30.00|600003
22041|0.00|30.00|600004
22041|0.00|30.00|600005
22041|0.00|30.00|600006
22041|0.00|30.00|600007
22041|0.00|30.00|600008
22041|0.00|30.00|600009
#call_piton_2
30.00
22041|0.00|30.00|600010
22041|0.00|30.00|600011
22041|0.00|30.00|600012
22041|0.00|30.00|600013
22041|0.00|30.00|600014
22041|0.00|30.00|600015
22041|0.00|30.00|600016
22041|0.00|30.00|600017
#call_piton_3
30.00
22041|0.00|30.00|600010
22041|0.00|30.00|600011
22041|0.00|30.00|600012
22041|0.00|30.00|600013
22041|0.00|30.00|600014
22041|0.00|30.00|600015
22041|0.00|30.00|600016
22041|0.00|30.00|600017
#call_piton_4
30.00
22041|0.00|30.00|600018
22041|0.00|30.00|600019
22041|0.00|30.00|600020
22041|0.00|30.00|600021
22041|0.00|30.00|600022
22041|0.00|30.00|600023
22041|0.00|30.00|600024
22041|0.00|30.00|600025
22041|0.00|30.00|600026
#call_piton_5
30.00
22041|0.00|30.00|600018
22041|0.00|30.00|600019
22041|0.00|30.00|600020
22041|0.00|30.00|600021
22041|0.00|30.00|600022
22041|0.00|30.00|600023
22041|0.00|30.00|600024
22041|0.00|30.00|600025
22041|0.00|30.00|600026
#call_robot
30.00
23042|0.00|30.00|600001
