#coupon_15033_1
68.51
15033|0.00|68.51|10774
#coupon_15033_10
41.08
15033|0.00|41.08|20776
#coupon_15033_11
41.22
15033|0.00|41.22|30776
#coupon_15033_12
41.15
15033|0.00|41.15|40776
#coupon_15033_13
44.32
15033|0.00|44.32|10777
#coupon_15033_14
44.41
15033|0.00|44.41|20777
#coupon_15033_15
44.41
15033|0.00|44.41|30777
#coupon_15033_16
44.24
15033|0.00|44.24|40777
#coupon_15033_17
59.29
15033|0.00|59.29|10778
#coupon_15033_18
59.27
15033|0.00|59.27|20778
#coupon_15033_19
59.40
15033|0.00|59.40|30778
#coupon_15033_2
68.68
15033|0.00|68.68|20774
#coupon_15033_20
59.05
15033|0.00|59.05|40778
#coupon_15033_21
49.35
15033|0.00|49.35|10779
#coupon_15033_22
49.51
15033|0.00|49.51|20779
#coupon_15033_23
49.39
15033|0.00|49.39|30779
#coupon_15033_24
49.44
15033|0.00|49.44|40779
#coupon_15033_25
50.37
15033|0.00|50.37|10780
#coupon_15033_26
50.26
15033|0.00|50.26|20780
#coupon_15033_27
50.38
15033|0.00|50.38|30780
#coupon_15033_28
50.48
15033|0.00|50.48|40780
#coupon_15033_29
66.13
15033|0.00|66.13|10781
#coupon_15033_3
68.60
15033|0.00|68.60|30774
#coupon_15033_30
66.09
15033|0.00|66.09|20781
#coupon_15033_31
66.17
15033|0.00|66.17|30781
#coupon_15033_32
66.21
15033|0.00|66.21|40781
#coupon_15033_33
65.03
15033|0.00|65.03|10782
#coupon_15033_34
65.13
15033|0.00|65.13|20782
#coupon_15033_35
65.34
15033|0.00|65.34|30782
#coupon_15033_36
65.12
15033|0.00|65.12|40782
#coupon_15033_37
59.93
15033|0.00|59.93|10783
#coupon_15033_38
59.83
15033|0.00|59.83|20783
#coupon_15033_39
59.90
15033|0.00|59.90|30783
#coupon_15033_4
68.54
15033|0.00|68.54|40774
#coupon_15033_40
59.80
15033|0.00|59.80|40783
#coupon_15033_5
44.25
15033|0.00|44.25|10775
#coupon_15033_6
44.21
15033|0.00|44.21|20775
#coupon_15033_7
44.18
15033|0.00|44.18|30775
#coupon_15033_8
44.25
15033|0.00|44.25|40775
#coupon_15033_9
41.07
15033|0.00|41.07|10776
#coupon_15034_1
68.61
15034|0.00|68.61|10784
#coupon_15034_10
41.21
15034|0.00|41.21|20786
#coupon_15034_11
41.19
15034|0.00|41.19|30786
#coupon_15034_12
41.17
15034|0.00|41.17|40786
#coupon_15034_13
44.28
15034|0.00|44.28|10787
#coupon_15034_14
44.37
15034|0.00|44.37|20787
#coupon_15034_15
44.33
15034|0.00|44.33|30787
#coupon_15034_16
44.28
15034|0.00|44.28|40787
#coupon_15034_17
59.27
15034|0.00|59.27|10788
#coupon_15034_18
59.10
15034|0.00|59.10|20788
#coupon_15034_19
59.11
15034|0.00|59.11|30788
#coupon_15034_2
68.59
15034|0.00|68.59|20784
#coupon_15034_20
59.28
15034|0.00|59.28|40788
#coupon_15034_21
49.48
15034|0.00|49.48|10789
#coupon_15034_22
49.45
15034|0.00|49.45|20789
#coupon_15034_23
49.40
15034|0.00|49.40|30789
#coupon_15034_24
49.36
15034|0.00|49.36|40789
#coupon_15034_25
50.36
15034|0.00|50.36|10790
#coupon_15034_26
49.90
15034|0.00|49.90|20790
#coupon_15034_27
50.24
15034|0.00|50.24|30790
#coupon_15034_28
50.39
15034|0.00|50.39|40790
#coupon_15034_29
66.09
15034|0.00|66.09|10791
#coupon_15034_3
68.53
15034|0.00|68.53|30784
#coupon_15034_30
66.09
15034|0.00|66.09|20791
#coupon_15034_31
66.21
15034|0.00|66.21|30791
#coupon_15034_32
66.05
15034|0.00|66.05|40791
#coupon_15034_33
64.97
15034|0.00|64.97|10792
#coupon_15034_34
65.07
15034|0.00|65.07|20792
#coupon_15034_35
65.33
15034|0.00|65.33|30792
#coupon_15034_36
65.27
15034|0.00|65.27|40792
#coupon_15034_37
59.84
15034|0.00|59.84|10793
#coupon_15034_38
59.83
15034|0.00|59.83|20793
#coupon_15034_39
59.83
15034|0.00|59.83|30793
#coupon_15034_4
68.49
15034|0.00|68.49|40784
#coupon_15034_40
59.87
15034|0.00|59.87|40793
#coupon_15034_5
44.21
15034|0.00|44.21|10785
#coupon_15034_6
44.21
15034|0.00|44.21|20785
#coupon_15034_7
44.24
15034|0.00|44.24|30785
#coupon_15034_8
44.10
15034|0.00|44.10|40785
#coupon_15034_9
41.15
15034|0.00|41.15|10786
#coupon_15035_1
68.60
15035|0.00|68.60|10794
#coupon_15035_10
41.14
15035|0.00|41.14|20796
#coupon_15035_11
41.19
15035|0.00|41.19|30796
#coupon_15035_12
41.08
15035|0.00|41.08|40796
#coupon_15035_13
44.37
15035|0.00|44.37|10797
#coupon_15035_14
44.41
15035|0.00|44.41|20797
#coupon_15035_15
44.28
15035|0.00|44.28|30797
#coupon_15035_16
44.46
15035|0.00|44.46|40797
#coupon_15035_17
59.31
15035|0.00|59.31|10798
#coupon_15035_18
59.10
15035|0.00|59.10|20798
#coupon_15035_19
59.27
15035|0.00|59.27|30798
#coupon_15035_2
68.70
15035|0.00|68.70|20794
#coupon_15035_20
59.32
15035|0.00|59.32|40798
#coupon_15035_21
49.37
15035|0.00|49.37|10799
#coupon_15035_22
49.34
15035|0.00|49.34|20799
#coupon_15035_23
49.41
15035|0.00|49.41|30799
#coupon_15035_24
49.52
15035|0.00|49.52|40799
#coupon_15035_25
50.91
15035|0.00|50.91|10800
#coupon_15035_26
50.33
15035|0.00|50.33|20800
#coupon_15035_27
50.30
15035|0.00|50.30|30800
#coupon_15035_28
50.16
15035|0.00|50.16|40800
#coupon_15035_29
66.05
15035|0.00|66.05|10801
#coupon_15035_3
68.61
15035|0.00|68.61|30794
#coupon_15035_30
66.01
15035|0.00|66.01|20801
#coupon_15035_31
66.21
15035|0.00|66.21|30801
#coupon_15035_32
66.13
15035|0.00|66.13|40801
#coupon_15035_33
65.15
15035|0.00|65.15|10802
#coupon_15035_34
65.10
15035|0.00|65.10|20802
#coupon_15035_35
65.27
15035|0.00|65.27|30802
#coupon_15035_36
65.29
15035|0.00|65.29|40802
#coupon_15035_37
59.87
15035|0.00|59.87|10803
#coupon_15035_38
59.93
15035|0.00|59.93|20803
#coupon_15035_39
59.86
15035|0.00|59.86|30803
#coupon_15035_4
68.62
15035|0.00|68.62|40794
#coupon_15035_40
59.90
15035|0.00|59.90|40803
#coupon_15035_5
44.28
15035|0.00|44.28|10795
#coupon_15035_6
44.18
15035|0.00|44.18|20795
#coupon_15035_7
44.38
15035|0.00|44.38|30795
#coupon_15035_8
44.21
15035|0.00|44.21|40795
#coupon_15035_9
41.16
15035|0.00|41.16|10796
#coupon_15036_1
68.58
15036|0.00|68.58|10804
#coupon_15036_10
41.13
15036|0.00|41.13|20806
#coupon_15036_11
41.08
15036|0.00|41.08|30806
#coupon_15036_12
41.16
15036|0.00|41.16|40806
#coupon_15036_13
44.32
15036|0.00|44.32|10807
#coupon_15036_14
44.41
15036|0.00|44.41|20807
#coupon_15036_15
44.32
15036|0.00|44.32|30807
#coupon_15036_16
44.41
15036|0.00|44.41|40807
#coupon_15036_17
59.19
15036|0.00|59.19|10808
#coupon_15036_18
59.18
15036|0.00|59.18|20808
#coupon_15036_19
59.15
15036|0.00|59.15|30808
#coupon_15036_2
68.57
15036|0.00|68.57|20804
#coupon_15036_20
59.25
15036|0.00|59.25|40808
#coupon_15036_21
49.47
15036|0.00|49.47|10809
#coupon_15036_22
49.52
15036|0.00|49.52|20809
#coupon_15036_23
49.49
15036|0.00|49.49|30809
#coupon_15036_24
49.38
15036|0.00|49.38|40809
#coupon_15036_25
50.44
15036|0.00|50.44|10810
#coupon_15036_26
50.26
15036|0.00|50.26|20810
#coupon_15036_27
50.31
15036|0.00|50.31|30810
#coupon_15036_28
50.20
15036|0.00|50.20|40810
#coupon_15036_29
66.05
15036|0.00|66.05|10811
#coupon_15036_3
68.52
15036|0.00|68.52|30804
#coupon_15036_30
65.97
15036|0.00|65.97|20811
#coupon_15036_31
66.33
15036|0.00|66.33|30811
#coupon_15036_32
66.05
15036|0.00|66.05|40811
#coupon_15036_33
65.36
15036|0.00|65.36|10812
#coupon_15036_34
65.19
15036|0.00|65.19|20812
#coupon_15036_35
65.26
15036|0.00|65.26|30812
#coupon_15036_36
65.22
15036|0.00|65.22|40812
#coupon_15036_37
59.86
15036|0.00|59.86|10813
#coupon_15036_38
59.84
15036|0.00|59.84|20813
#coupon_15036_39
59.87
15036|0.00|59.87|30813
#coupon_15036_4
68.61
15036|0.00|68.61|40804
#coupon_15036_40
59.80
15036|0.00|59.80|40813
#coupon_15036_5
44.28
15036|0.00|44.28|10805
#coupon_15036_6
44.31
15036|0.00|44.31|20805
#coupon_15036_7
44.35
15036|0.00|44.35|30805
#coupon_15036_8
44.28
15036|0.00|44.28|40805
#coupon_15036_9
41.15
15036|0.00|41.15|10806
#coupon_15037_1
68.57
15037|0.00|68.57|10814
#coupon_15037_10
41.11
15037|0.00|41.11|20816
#coupon_15037_11
41.26
15037|0.00|41.26|30816
#coupon_15037_12
41.17
15037|0.00|41.17|40816
#coupon_15037_13
44.28
15037|0.00|44.28|10817
#coupon_15037_14
44.41
15037|0.00|44.41|20817
#coupon_15037_15
44.32
15037|0.00|44.32|30817
#coupon_15037_16
44.41
15037|0.00|44.41|40817
#coupon_15037_17
59.18
15037|0.00|59.18|10818
#coupon_15037_18
59.26
15037|0.00|59.26|20818
#coupon_15037_19
59.32
15037|0.00|59.32|30818
#coupon_15037_2
68.59
15037|0.00|68.59|20814
#coupon_15037_20
59.31
15037|0.00|59.31|40818
#coupon_15037_21
49.40
15037|0.00|49.40|10819
#coupon_15037_22
49.44
15037|0.00|49.44|20819
#coupon_15037_23
49.50
15037|0.00|49.50|30819
#coupon_15037_24
49.47
15037|0.00|49.47|40819
#coupon_15037_25
50.29
15037|0.00|50.29|10820
#coupon_15037_26
50.30
15037|0.00|50.30|20820
#coupon_15037_27
50.48
15037|0.00|50.48|30820
#coupon_15037_28
50.43
15037|0.00|50.43|40820
#coupon_15037_29
66.21
15037|0.00|66.21|10821
#coupon_15037_3
68.52
15037|0.00|68.52|30814
#coupon_15037_30
66.05
15037|0.00|66.05|20821
#coupon_15037_31
66.21
15037|0.00|66.21|30821
#coupon_15037_32
66.21
15037|0.00|66.21|40821
#coupon_15037_33
65.07
15037|0.00|65.07|10822
#coupon_15037_34
65.31
15037|0.00|65.31|20822
#coupon_15037_35
65.21
15037|0.00|65.21|30822
#coupon_15037_36
65.15
15037|0.00|65.15|40822
#coupon_15037_37
59.93
15037|0.00|59.93|10823
#coupon_15037_38
59.83
15037|0.00|59.83|20823
#coupon_15037_39
59.87
15037|0.00|59.87|30823
#coupon_15037_4
68.54
15037|0.00|68.54|40814
#coupon_15037_40
59.80
15037|0.00|59.80|40823
#coupon_15037_5
44.28
15037|0.00|44.28|10815
#coupon_15037_6
44.34
15037|0.00|44.34|20815
#coupon_15037_7
44.24
15037|0.00|44.24|30815
#coupon_15037_8
44.34
15037|0.00|44.34|40815
#coupon_15037_9
41.11
15037|0.00|41.11|10816
#coupon_15038_1
68.66
15038|0.00|68.66|10824
#coupon_15038_10
41.07
15038|0.00|41.07|20826
#coupon_15038_11
41.12
15038|0.00|41.12|30826
#coupon_15038_12
41.25
15038|0.00|41.25|40826
#coupon_15038_13
44.32
15038|0.00|44.32|10827
#coupon_15038_14
44.41
15038|0.00|44.41|20827
#coupon_15038_15
44.33
15038|0.00|44.33|30827
#coupon_15038_16
44.24
15038|0.00|44.24|40827
#coupon_15038_17
59.15
15038|0.00|59.15|10828
#coupon_15038_18
59.24
15038|0.00|59.24|20828
#coupon_15038_19
59.22
15038|0.00|59.22|30828
#coupon_15038_2
68.61
15038|0.00|68.61|20824
#coupon_15038_20
59.31
15038|0.00|59.31|40828
#coupon_15038_21
49.27
15038|0.00|49.27|10829
#coupon_15038_22
49.41
15038|0.00|49.41|20829
#coupon_15038_23
49.46
15038|0.00|49.46|30829
#coupon_15038_24
49.32
15038|0.00|49.32|40829
#coupon_15038_25
50.23
15038|0.00|50.23|10830
#coupon_15038_26
50.19
15038|0.00|50.19|20830
#coupon_15038_27
50.24
15038|0.00|50.24|30830
#coupon_15038_28
50.31
15038|0.00|50.31|40830
#coupon_15038_29
66.09
15038|0.00|66.09|10831
#coupon_15038_3
68.56
15038|0.00|68.56|30824
#coupon_15038_30
66.09
15038|0.00|66.09|20831
#coupon_15038_31
66.17
15038|0.00|66.17|30831
#coupon_15038_32
66.01
15038|0.00|66.01|40831
#coupon_15038_33
65.24
15038|0.00|65.24|10832
#coupon_15038_34
65.29
15038|0.00|65.29|20832
#coupon_15038_35
65.18
15038|0.00|65.18|30832
#coupon_15038_36
65.27
15038|0.00|65.27|40832
#coupon_15038_37
59.90
15038|0.00|59.90|10833
#coupon_15038_38
59.87
15038|0.00|59.87|20833
#coupon_15038_39
59.80
15038|0.00|59.80|30833
#coupon_15038_4
68.62
15038|0.00|68.62|40824
#coupon_15038_40
59.87
15038|0.00|59.87|40833
#coupon_15038_5
44.28
15038|0.00|44.28|10825
#coupon_15038_6
44.28
15038|0.00|44.28|20825
#coupon_15038_7
44.35
15038|0.00|44.35|30825
#coupon_15038_8
44.24
15038|0.00|44.24|40825
#coupon_15038_9
41.23
15038|0.00|41.23|10826
#coupon_15039_1
68.51
15039|0.00|68.51|10834
#coupon_15039_10
41.21
15039|0.00|41.21|20836
#coupon_15039_11
41.28
15039|0.00|41.28|30836
#coupon_15039_12
41.23
15039|0.00|41.23|40836
#coupon_15039_13
44.32
15039|0.00|44.32|10837
#coupon_15039_14
44.46
15039|0.00|44.46|20837
#coupon_15039_15
44.24
15039|0.00|44.24|30837
#coupon_15039_16
44.32
15039|0.00|44.32|40837
#coupon_15039_17
59.13
15039|0.00|59.13|10838
#coupon_15039_18
59.46
15039|0.00|59.46|20838
#coupon_15039_19
59.26
15039|0.00|59.26|30838
#coupon_15039_2
68.56
15039|0.00|68.56|20834
#coupon_15039_20
59.08
15039|0.00|59.08|40838
#coupon_15039_21
49.46
15039|0.00|49.46|10839
#coupon_15039_22
49.38
15039|0.00|49.38|20839
#coupon_15039_23
49.41
15039|0.00|49.41|30839
#coupon_15039_24
49.40
15039|0.00|49.40|40839
#coupon_15039_25
51.04
15039|0.00|51.04|10840
#coupon_15039_26
50.04
15039|0.00|50.04|20840
#coupon_15039_27
50.23
15039|0.00|50.23|30840
#coupon_15039_28
50.65
15039|0.00|50.65|40840
#coupon_15039_29
66.17
15039|0.00|66.17|10841
#coupon_15039_3
68.59
15039|0.00|68.59|30834
#coupon_15039_30
66.05
15039|0.00|66.05|20841
#coupon_15039_31
66.29
15039|0.00|66.29|30841
#coupon_15039_32
66.17
15039|0.00|66.17|40841
#coupon_15039_33
65.26
15039|0.00|65.26|10842
#coupon_15039_34
65.19
15039|0.00|65.19|20842
#coupon_15039_35
65.25
15039|0.00|65.25|30842
#coupon_15039_36
65.29
15039|0.00|65.29|40842
#coupon_15039_37
59.87
15039|0.00|59.87|10843
#coupon_15039_38
59.83
15039|0.00|59.83|20843
#coupon_15039_39
59.87
15039|0.00|59.87|30843
#coupon_15039_4
68.58
15039|0.00|68.58|40834
#coupon_15039_40
59.87
15039|0.00|59.87|40843
#coupon_15039_5
44.24
15039|0.00|44.24|10835
#coupon_15039_6
44.35
15039|0.00|44.35|20835
#coupon_15039_7
44.22
15039|0.00|44.22|30835
#coupon_15039_8
44.35
15039|0.00|44.35|40835
#coupon_15039_9
41.32
15039|0.00|41.32|10836
#coupon_15055_1
78.59
15055|0.00|78.59|10955
#coupon_15055_10
65.63
15055|0.00|65.63|20957
#coupon_15055_11
65.45
15055|0.00|65.45|30957
#coupon_15055_12
65.63
15055|0.00|65.63|40957
#coupon_15055_13
72.35
15055|0.00|72.35|10958
#coupon_15055_14
72.43
15055|0.00|72.43|20958
#coupon_15055_15
72.31
15055|0.00|72.31|30958
#coupon_15055_16
72.32
15055|0.00|72.32|40958
#coupon_15055_17
70.09
15055|0.00|70.09|10959
#coupon_15055_18
70.05
15055|0.00|70.05|20959
#coupon_15055_19
70.29
15055|0.00|70.29|30959
#coupon_15055_2
79.04
15055|0.00|79.04|20955
#coupon_15055_20
70.15
15055|0.00|70.15|40959
#coupon_15055_21
63.10
15055|0.00|63.10|10960
#coupon_15055_22
63.09
15055|0.00|63.09|20960
#coupon_15055_23
63.18
15055|0.00|63.18|30960
#coupon_15055_24
63.27
15055|0.00|63.27|40960
#coupon_15055_3
79.12
15055|0.00|79.12|30955
#coupon_15055_4
79.14
15055|0.00|79.14|40955
#coupon_15055_5
79.28
15055|0.00|79.28|10956
#coupon_15055_6
79.56
15055|0.00|79.56|20956
#coupon_15055_7
79.77
15055|0.00|79.77|30956
#coupon_15055_8
79.35
15055|0.00|79.35|40956
#coupon_15055_9
65.66
15055|0.00|65.66|10957
#coupon_15056_1
79.13
15056|0.00|79.13|10961
#coupon_15056_10
65.55
15056|0.00|65.55|20963
#coupon_15056_11
65.53
15056|0.00|65.53|30963
#coupon_15056_12
65.58
15056|0.00|65.58|40963
#coupon_15056_13
72.22
15056|0.00|72.22|10964
#coupon_15056_14
72.44
15056|0.00|72.44|20964
#coupon_15056_15
72.34
15056|0.00|72.34|30964
#coupon_15056_16
72.37
15056|0.00|72.37|40964
#coupon_15056_17
70.08
15056|0.00|70.08|10965
#coupon_15056_18
70.12
15056|0.00|70.12|20965
#coupon_15056_19
70.36
15056|0.00|70.36|30965
#coupon_15056_2
79.21
15056|0.00|79.21|20961
#coupon_15056_20
70.15
15056|0.00|70.15|40965
#coupon_15056_21
63.20
15056|0.00|63.20|10966
#coupon_15056_22
63.16
15056|0.00|63.16|20966
#coupon_15056_23
63.05
15056|0.00|63.05|30966
#coupon_15056_24
63.20
15056|0.00|63.20|40966
#coupon_15056_3
79.13
15056|0.00|79.13|30961
#coupon_15056_4
79.23
15056|0.00|79.23|40961
#coupon_15056_5
79.44
15056|0.00|79.44|10962
#coupon_15056_6
79.52
15056|0.00|79.52|20962
#coupon_15056_7
79.28
15056|0.00|79.28|30962
#coupon_15056_8
79.11
15056|0.00|79.11|40962
#coupon_15056_9
65.56
15056|0.00|65.56|10963
#coupon_15057_1
78.61
15057|0.00|78.61|10967
#coupon_15057_10
65.63
15057|0.00|65.63|20969
#coupon_15057_11
65.71
15057|0.00|65.71|30969
#coupon_15057_12
65.56
15057|0.00|65.56|40969
#coupon_15057_13
72.52
15057|0.00|72.52|10970
#coupon_15057_14
72.54
15057|0.00|72.54|20970
#coupon_15057_15
72.68
15057|0.00|72.68|30970
#coupon_15057_16
72.66
15057|0.00|72.66|40970
#coupon_15057_17
70.10
15057|0.00|70.10|10971
#coupon_15057_18
70.28
15057|0.00|70.28|20971
#coupon_15057_19
70.44
15057|0.00|70.44|30971
#coupon_15057_2
79.11
15057|0.00|79.11|20967
#coupon_15057_20
70.40
15057|0.00|70.40|40971
#coupon_15057_21
63.18
15057|0.00|63.18|10972
#coupon_15057_22
63.13
15057|0.00|63.13|20972
#coupon_15057_23
63.12
15057|0.00|63.12|30972
#coupon_15057_24
63.24
15057|0.00|63.24|40972
#coupon_15057_3
79.23
15057|0.00|79.23|30967
#coupon_15057_4
79.04
15057|0.00|79.04|40967
#coupon_15057_5
79.30
15057|0.00|79.30|10968
#coupon_15057_6
79.50
15057|0.00|79.50|20968
#coupon_15057_7
79.56
15057|0.00|79.56|30968
#coupon_15057_8
79.44
15057|0.00|79.44|40968
#coupon_15057_9
65.64
15057|0.00|65.64|10969
#coupon_15058_1
79.03
15058|0.00|79.03|10973
#coupon_15058_10
65.10
15058|0.00|65.10|20975
#coupon_15058_11
65.03
15058|0.00|65.03|30975
#coupon_15058_12
65.06
15058|0.00|65.06|40975
#coupon_15058_13
73.05
15058|0.00|73.05|10976
#coupon_15058_14
73.09
15058|0.00|73.09|20976
#coupon_15058_15
72.90
15058|0.00|72.90|30976
#coupon_15058_16
73.03
15058|0.00|73.03|40976
#coupon_15058_17
70.52
15058|0.00|70.52|10977
#coupon_15058_18
70.61
15058|0.00|70.61|20977
#coupon_15058_19
70.95
15058|0.00|70.95|30977
#coupon_15058_2
78.62
15058|0.00|78.62|20973
#coupon_15058_20
70.90
15058|0.00|70.90|40977
#coupon_15058_21
63.79
15058|0.00|63.79|10978
#coupon_15058_22
63.79
15058|0.00|63.79|20978
#coupon_15058_23
63.89
15058|0.00|63.89|30978
#coupon_15058_24
63.74
15058|0.00|63.74|40978
#coupon_15058_3
78.64
15058|0.00|78.64|30973
#coupon_15058_4
78.55
15058|0.00|78.55|40973
#coupon_15058_5
80.24
15058|0.00|80.24|10974
#coupon_15058_6
80.27
15058|0.00|80.27|20974
#coupon_15058_7
80.40
15058|0.00|80.40|30974
#coupon_15058_8
80.04
15058|0.00|80.04|40974
#coupon_15058_9
65.09
15058|0.00|65.09|10975
#coupon_15081_1
79.03
15081|0.00|79.03|10973
#coupon_15081_10
65.10
15081|0.00|65.10|20975
#coupon_15081_11
65.03
15081|0.00|65.03|30975
#coupon_15081_12
65.06
15081|0.00|65.06|40975
#coupon_15081_13
73.05
15081|0.00|73.05|10976
#coupon_15081_14
73.09
15081|0.00|73.09|20976
#coupon_15081_15
72.90
15081|0.00|72.90|30976
#coupon_15081_16
73.03
15081|0.00|73.03|40976
#coupon_15081_17
70.52
15081|0.00|70.52|10977
#coupon_15081_18
70.61
15081|0.00|70.61|20977
#coupon_15081_19
70.95
15081|0.00|70.95|30977
#coupon_15081_2
78.62
15081|0.00|78.62|20973
#coupon_15081_20
70.90
15081|0.00|70.90|40977
#coupon_15081_21
63.79
15081|0.00|63.79|10978
#coupon_15081_22
63.79
15081|0.00|63.79|20978
#coupon_15081_23
63.89
15081|0.00|63.89|30978
#coupon_15081_24
63.74
15081|0.00|63.74|40978
#coupon_15081_3
78.64
15081|0.00|78.64|30973
#coupon_15081_4
78.55
15081|0.00|78.55|40973
#coupon_15081_5
80.24
15081|0.00|80.24|10974
#coupon_15081_6
80.27
15081|0.00|80.27|20974
#coupon_15081_7
80.40
15081|0.00|80.40|30974
#coupon_15081_8
80.04
15081|0.00|80.04|40974
#coupon_15081_9
65.09
15081|0.00|65.09|10975
#coupon_15123_1
68.51
15123|0.00|68.51|10774
#coupon_15123_10
41.08
15123|0.00|41.08|20776
#coupon_15123_11
41.22
15123|0.00|41.22|30776
#coupon_15123_12
41.15
15123|0.00|41.15|40776
#coupon_15123_13
44.32
15123|0.00|44.32|10777
#coupon_15123_14
44.41
15123|0.00|44.41|20777
#coupon_15123_15
44.41
15123|0.00|44.41|30777
#coupon_15123_16
44.24
15123|0.00|44.24|40777
#coupon_15123_17
59.29
15123|0.00|59.29|10778
#coupon_15123_18
59.27
15123|0.00|59.27|20778
#coupon_15123_19
59.40
15123|0.00|59.40|30778
#coupon_15123_2
68.68
15123|0.00|68.68|20774
#coupon_15123_20
59.05
15123|0.00|59.05|40778
#coupon_15123_21
49.35
15123|0.00|49.35|10779
#coupon_15123_22
49.51
15123|0.00|49.51|20779
#coupon_15123_23
49.39
15123|0.00|49.39|30779
#coupon_15123_24
49.44
15123|0.00|49.44|40779
#coupon_15123_25
50.37
15123|0.00|50.37|10780
#coupon_15123_26
50.26
15123|0.00|50.26|20780
#coupon_15123_27
50.38
15123|0.00|50.38|30780
#coupon_15123_28
50.48
15123|0.00|50.48|40780
#coupon_15123_29
66.13
15123|0.00|66.13|10781
#coupon_15123_3
68.60
15123|0.00|68.60|30774
#coupon_15123_30
66.09
15123|0.00|66.09|20781
#coupon_15123_31
66.17
15123|0.00|66.17|30781
#coupon_15123_32
66.21
15123|0.00|66.21|40781
#coupon_15123_33
65.03
15123|0.00|65.03|10782
#coupon_15123_34
65.13
15123|0.00|65.13|20782
#coupon_15123_35
65.34
15123|0.00|65.34|30782
#coupon_15123_36
65.12
15123|0.00|65.12|40782
#coupon_15123_37
59.93
15123|0.00|59.93|10783
#coupon_15123_38
59.83
15123|0.00|59.83|20783
#coupon_15123_39
59.90
15123|0.00|59.90|30783
#coupon_15123_4
68.54
15123|0.00|68.54|40774
#coupon_15123_40
59.80
15123|0.00|59.80|40783
#coupon_15123_5
44.25
15123|0.00|44.25|10775
#coupon_15123_6
44.21
15123|0.00|44.21|20775
#coupon_15123_7
44.18
15123|0.00|44.18|30775
#coupon_15123_8
44.25
15123|0.00|44.25|40775
#coupon_15123_9
41.07
15123|0.00|41.07|10776
#coupon_15124_1
68.51
15124|0.00|68.51|10774
#coupon_15124_10
41.08
15124|0.00|41.08|20776
#coupon_15124_11
41.22
15124|0.00|41.22|30776
#coupon_15124_12
41.15
15124|0.00|41.15|40776
#coupon_15124_13
44.32
15124|0.00|44.32|10777
#coupon_15124_14
44.41
15124|0.00|44.41|20777
#coupon_15124_15
44.41
15124|0.00|44.41|30777
#coupon_15124_16
44.24
15124|0.00|44.24|40777
#coupon_15124_17
59.29
15124|0.00|59.29|10778
#coupon_15124_18
59.27
15124|0.00|59.27|20778
#coupon_15124_19
59.40
15124|0.00|59.40|30778
#coupon_15124_2
68.68
15124|0.00|68.68|20774
#coupon_15124_20
59.05
15124|0.00|59.05|40778
#coupon_15124_21
49.35
15124|0.00|49.35|10779
#coupon_15124_22
49.51
15124|0.00|49.51|20779
#coupon_15124_23
49.39
15124|0.00|49.39|30779
#coupon_15124_24
49.44
15124|0.00|49.44|40779
#coupon_15124_25
50.37
15124|0.00|50.37|10780
#coupon_15124_26
50.26
15124|0.00|50.26|20780
#coupon_15124_27
50.38
15124|0.00|50.38|30780
#coupon_15124_28
50.48
15124|0.00|50.48|40780
#coupon_15124_29
66.13
15124|0.00|66.13|10781
#coupon_15124_3
68.60
15124|0.00|68.60|30774
#coupon_15124_30
66.09
15124|0.00|66.09|20781
#coupon_15124_31
66.17
15124|0.00|66.17|30781
#coupon_15124_32
66.21
15124|0.00|66.21|40781
#coupon_15124_33
65.03
15124|0.00|65.03|10782
#coupon_15124_34
65.13
15124|0.00|65.13|20782
#coupon_15124_35
65.34
15124|0.00|65.34|30782
#coupon_15124_36
65.12
15124|0.00|65.12|40782
#coupon_15124_37
59.93
15124|0.00|59.93|10783
#coupon_15124_38
59.83
15124|0.00|59.83|20783
#coupon_15124_39
59.90
15124|0.00|59.90|30783
#coupon_15124_4
68.54
15124|0.00|68.54|40774
#coupon_15124_40
59.80
15124|0.00|59.80|40783
#coupon_15124_5
44.25
15124|0.00|44.25|10775
#coupon_15124_6
44.21
15124|0.00|44.21|20775
#coupon_15124_7
44.18
15124|0.00|44.18|30775
#coupon_15124_8
44.25
15124|0.00|44.25|40775
#coupon_15124_9
41.07
15124|0.00|41.07|10776
#coupon_15125_1
68.51
15125|0.00|68.51|10774
#coupon_15125_10
41.08
15125|0.00|41.08|20776
#coupon_15125_11
41.22
15125|0.00|41.22|30776
#coupon_15125_12
41.15
15125|0.00|41.15|40776
#coupon_15125_13
44.32
15125|0.00|44.32|10777
#coupon_15125_14
44.41
15125|0.00|44.41|20777
#coupon_15125_15
44.41
15125|0.00|44.41|30777
#coupon_15125_16
44.24
15125|0.00|44.24|40777
#coupon_15125_17
59.29
15125|0.00|59.29|10778
#coupon_15125_18
59.27
15125|0.00|59.27|20778
#coupon_15125_19
59.40
15125|0.00|59.40|30778
#coupon_15125_2
68.68
15125|0.00|68.68|20774
#coupon_15125_20
59.05
15125|0.00|59.05|40778
#coupon_15125_21
49.35
15125|0.00|49.35|10779
#coupon_15125_22
49.51
15125|0.00|49.51|20779
#coupon_15125_23
49.39
15125|0.00|49.39|30779
#coupon_15125_24
49.44
15125|0.00|49.44|40779
#coupon_15125_25
50.37
15125|0.00|50.37|10780
#coupon_15125_26
50.26
15125|0.00|50.26|20780
#coupon_15125_27
50.38
15125|0.00|50.38|30780
#coupon_15125_28
50.48
15125|0.00|50.48|40780
#coupon_15125_29
66.13
15125|0.00|66.13|10781
#coupon_15125_3
68.60
15125|0.00|68.60|30774
#coupon_15125_30
66.09
15125|0.00|66.09|20781
#coupon_15125_31
66.17
15125|0.00|66.17|30781
#coupon_15125_32
66.21
15125|0.00|66.21|40781
#coupon_15125_33
65.03
15125|0.00|65.03|10782
#coupon_15125_34
65.13
15125|0.00|65.13|20782
#coupon_15125_35
65.34
15125|0.00|65.34|30782
#coupon_15125_36
65.12
15125|0.00|65.12|40782
#coupon_15125_37
59.93
15125|0.00|59.93|10783
#coupon_15125_38
59.83
15125|0.00|59.83|20783
#coupon_15125_39
59.90
15125|0.00|59.90|30783
#coupon_15125_4
68.54
15125|0.00|68.54|40774
#coupon_15125_40
59.80
15125|0.00|59.80|40783
#coupon_15125_5
44.25
15125|0.00|44.25|10775
#coupon_15125_6
44.21
15125|0.00|44.21|20775
#coupon_15125_7
44.18
15125|0.00|44.18|30775
#coupon_15125_8
44.25
15125|0.00|44.25|40775
#coupon_15125_9
41.07
15125|0.00|41.07|10776
#coupon_15126_1
68.51
15126|0.00|68.51|10774
#coupon_15126_10
41.08
15126|0.00|41.08|20776
#coupon_15126_11
41.22
15126|0.00|41.22|30776
#coupon_15126_12
41.15
15126|0.00|41.15|40776
#coupon_15126_13
44.32
15126|0.00|44.32|10777
#coupon_15126_14
44.41
15126|0.00|44.41|20777
#coupon_15126_15
44.41
15126|0.00|44.41|30777
#coupon_15126_16
44.24
15126|0.00|44.24|40777
#coupon_15126_17
59.29
15126|0.00|59.29|10778
#coupon_15126_18
59.27
15126|0.00|59.27|20778
#coupon_15126_19
59.40
15126|0.00|59.40|30778
#coupon_15126_2
68.68
15126|0.00|68.68|20774
#coupon_15126_20
59.05
15126|0.00|59.05|40778
#coupon_15126_21
49.35
15126|0.00|49.35|10779
#coupon_15126_22
49.51
15126|0.00|49.51|20779
#coupon_15126_23
49.39
15126|0.00|49.39|30779
#coupon_15126_24
49.44
15126|0.00|49.44|40779
#coupon_15126_25
50.37
15126|0.00|50.37|10780
#coupon_15126_26
50.26
15126|0.00|50.26|20780
#coupon_15126_27
50.38
15126|0.00|50.38|30780
#coupon_15126_28
50.48
15126|0.00|50.48|40780
#coupon_15126_29
66.13
15126|0.00|66.13|10781
#coupon_15126_3
68.60
15126|0.00|68.60|30774
#coupon_15126_30
66.09
15126|0.00|66.09|20781
#coupon_15126_31
66.17
15126|0.00|66.17|30781
#coupon_15126_32
66.21
15126|0.00|66.21|40781
#coupon_15126_33
65.03
15126|0.00|65.03|10782
#coupon_15126_34
65.13
15126|0.00|65.13|20782
#coupon_15126_35
65.34
15126|0.00|65.34|30782
#coupon_15126_36
65.12
15126|0.00|65.12|40782
#coupon_15126_37
59.93
15126|0.00|59.93|10783
#coupon_15126_38
59.83
15126|0.00|59.83|20783
#coupon_15126_39
59.90
15126|0.00|59.90|30783
#coupon_15126_4
68.54
15126|0.00|68.54|40774
#coupon_15126_40
59.80
15126|0.00|59.80|40783
#coupon_15126_5
44.25
15126|0.00|44.25|10775
#coupon_15126_6
44.21
15126|0.00|44.21|20775
#coupon_15126_7
44.18
15126|0.00|44.18|30775
#coupon_15126_8
44.25
15126|0.00|44.25|40775
#coupon_15126_9
41.07
15126|0.00|41.07|10776
#coupon_15127_1
68.51
15127|0.00|68.51|10774
#coupon_15127_10
41.08
15127|0.00|41.08|20776
#coupon_15127_11
41.22
15127|0.00|41.22|30776
#coupon_15127_12
41.15
15127|0.00|41.15|40776
#coupon_15127_13
44.32
15127|0.00|44.32|10777
#coupon_15127_14
44.41
15127|0.00|44.41|20777
#coupon_15127_15
44.41
15127|0.00|44.41|30777
#coupon_15127_16
44.24
15127|0.00|44.24|40777
#coupon_15127_17
59.29
15127|0.00|59.29|10778
#coupon_15127_18
59.27
15127|0.00|59.27|20778
#coupon_15127_19
59.40
15127|0.00|59.40|30778
#coupon_15127_2
68.68
15127|0.00|68.68|20774
#coupon_15127_20
59.05
15127|0.00|59.05|40778
#coupon_15127_21
49.35
15127|0.00|49.35|10779
#coupon_15127_22
49.51
15127|0.00|49.51|20779
#coupon_15127_23
49.39
15127|0.00|49.39|30779
#coupon_15127_24
49.44
15127|0.00|49.44|40779
#coupon_15127_25
50.37
15127|0.00|50.37|10780
#coupon_15127_26
50.26
15127|0.00|50.26|20780
#coupon_15127_27
50.38
15127|0.00|50.38|30780
#coupon_15127_28
50.48
15127|0.00|50.48|40780
#coupon_15127_29
66.13
15127|0.00|66.13|10781
#coupon_15127_3
68.60
15127|0.00|68.60|30774
#coupon_15127_30
66.09
15127|0.00|66.09|20781
#coupon_15127_31
66.17
15127|0.00|66.17|30781
#coupon_15127_32
66.21
15127|0.00|66.21|40781
#coupon_15127_33
65.03
15127|0.00|65.03|10782
#coupon_15127_34
65.13
15127|0.00|65.13|20782
#coupon_15127_35
65.34
15127|0.00|65.34|30782
#coupon_15127_36
65.12
15127|0.00|65.12|40782
#coupon_15127_37
59.93
15127|0.00|59.93|10783
#coupon_15127_38
59.83
15127|0.00|59.83|20783
#coupon_15127_39
59.90
15127|0.00|59.90|30783
#coupon_15127_4
68.54
15127|0.00|68.54|40774
#coupon_15127_40
59.80
15127|0.00|59.80|40783
#coupon_15127_5
44.25
15127|0.00|44.25|10775
#coupon_15127_6
44.21
15127|0.00|44.21|20775
#coupon_15127_7
44.18
15127|0.00|44.18|30775
#coupon_15127_8
44.25
15127|0.00|44.25|40775
#coupon_15127_9
41.07
15127|0.00|41.07|10776
#coupon_15128_1
68.51
15128|0.00|68.51|10774
#coupon_15128_10
41.08
15128|0.00|41.08|20776
#coupon_15128_11
41.22
15128|0.00|41.22|30776
#coupon_15128_12
41.15
15128|0.00|41.15|40776
#coupon_15128_13
44.32
15128|0.00|44.32|10777
#coupon_15128_14
44.41
15128|0.00|44.41|20777
#coupon_15128_15
44.41
15128|0.00|44.41|30777
#coupon_15128_16
44.24
15128|0.00|44.24|40777
#coupon_15128_17
59.29
15128|0.00|59.29|10778
#coupon_15128_18
59.27
15128|0.00|59.27|20778
#coupon_15128_19
59.40
15128|0.00|59.40|30778
#coupon_15128_2
68.68
15128|0.00|68.68|20774
#coupon_15128_20
59.05
15128|0.00|59.05|40778
#coupon_15128_21
49.35
15128|0.00|49.35|10779
#coupon_15128_22
49.51
15128|0.00|49.51|20779
#coupon_15128_23
49.39
15128|0.00|49.39|30779
#coupon_15128_24
49.44
15128|0.00|49.44|40779
#coupon_15128_25
50.37
15128|0.00|50.37|10780
#coupon_15128_26
50.26
15128|0.00|50.26|20780
#coupon_15128_27
50.38
15128|0.00|50.38|30780
#coupon_15128_28
50.48
15128|0.00|50.48|40780
#coupon_15128_29
66.13
15128|0.00|66.13|10781
#coupon_15128_3
68.60
15128|0.00|68.60|30774
#coupon_15128_30
66.09
15128|0.00|66.09|20781
#coupon_15128_31
66.17
15128|0.00|66.17|30781
#coupon_15128_32
66.21
15128|0.00|66.21|40781
#coupon_15128_33
65.03
15128|0.00|65.03|10782
#coupon_15128_34
65.13
15128|0.00|65.13|20782
#coupon_15128_35
65.34
15128|0.00|65.34|30782
#coupon_15128_36
65.12
15128|0.00|65.12|40782
#coupon_15128_37
59.93
15128|0.00|59.93|10783
#coupon_15128_38
59.83
15128|0.00|59.83|20783
#coupon_15128_39
59.90
15128|0.00|59.90|30783
#coupon_15128_4
68.54
15128|0.00|68.54|40774
#coupon_15128_40
59.80
15128|0.00|59.80|40783
#coupon_15128_5
44.25
15128|0.00|44.25|10775
#coupon_15128_6
44.21
15128|0.00|44.21|20775
#coupon_15128_7
44.18
15128|0.00|44.18|30775
#coupon_15128_8
44.25
15128|0.00|44.25|40775
#coupon_15128_9
41.07
15128|0.00|41.07|10776
#coupon_15129_1
68.51
15129|0.00|68.51|10774
#coupon_15129_10
41.08
15129|0.00|41.08|20776
#coupon_15129_11
41.22
15129|0.00|41.22|30776
#coupon_15129_12
41.15
15129|0.00|41.15|40776
#coupon_15129_13
44.32
15129|0.00|44.32|10777
#coupon_15129_14
44.41
15129|0.00|44.41|20777
#coupon_15129_15
44.41
15129|0.00|44.41|30777
#coupon_15129_16
44.24
15129|0.00|44.24|40777
#coupon_15129_17
59.29
15129|0.00|59.29|10778
#coupon_15129_18
59.27
15129|0.00|59.27|20778
#coupon_15129_19
59.40
15129|0.00|59.40|30778
#coupon_15129_2
68.68
15129|0.00|68.68|20774
#coupon_15129_20
59.05
15129|0.00|59.05|40778
#coupon_15129_21
49.35
15129|0.00|49.35|10779
#coupon_15129_22
49.51
15129|0.00|49.51|20779
#coupon_15129_23
49.39
15129|0.00|49.39|30779
#coupon_15129_24
49.44
15129|0.00|49.44|40779
#coupon_15129_25
50.37
15129|0.00|50.37|10780
#coupon_15129_26
50.26
15129|0.00|50.26|20780
#coupon_15129_27
50.38
15129|0.00|50.38|30780
#coupon_15129_28
50.48
15129|0.00|50.48|40780
#coupon_15129_29
66.13
15129|0.00|66.13|10781
#coupon_15129_3
68.60
15129|0.00|68.60|30774
#coupon_15129_30
66.09
15129|0.00|66.09|20781
#coupon_15129_31
66.17
15129|0.00|66.17|30781
#coupon_15129_32
66.21
15129|0.00|66.21|40781
#coupon_15129_33
65.03
15129|0.00|65.03|10782
#coupon_15129_34
65.13
15129|0.00|65.13|20782
#coupon_15129_35
65.34
15129|0.00|65.34|30782
#coupon_15129_36
65.12
15129|0.00|65.12|40782
#coupon_15129_37
59.93
15129|0.00|59.93|10783
#coupon_15129_38
59.83
15129|0.00|59.83|20783
#coupon_15129_39
59.90
15129|0.00|59.90|30783
#coupon_15129_4
68.54
15129|0.00|68.54|40774
#coupon_15129_40
59.80
15129|0.00|59.80|40783
#coupon_15129_5
44.25
15129|0.00|44.25|10775
#coupon_15129_6
44.21
15129|0.00|44.21|20775
#coupon_15129_7
44.18
15129|0.00|44.18|30775
#coupon_15129_8
44.25
15129|0.00|44.25|40775
#coupon_15129_9
41.07
15129|0.00|41.07|10776
#coupon_59114_1
68.51
59114|0.00|68.51|10774
#coupon_59114_10
41.08
59114|0.00|41.08|20776
#coupon_59114_11
41.22
59114|0.00|41.22|30776
#coupon_59114_12
41.15
59114|0.00|41.15|40776
#coupon_59114_13
44.32
59114|0.00|44.32|10777
#coupon_59114_14
44.41
59114|0.00|44.41|20777
#coupon_59114_15
44.41
59114|0.00|44.41|30777
#coupon_59114_16
44.24
59114|0.00|44.24|40777
#coupon_59114_17
59.29
59114|0.00|59.29|10778
#coupon_59114_18
59.27
59114|0.00|59.27|20778
#coupon_59114_19
59.40
59114|0.00|59.40|30778
#coupon_59114_2
68.68
59114|0.00|68.68|20774
#coupon_59114_20
59.05
59114|0.00|59.05|40778
#coupon_59114_21
49.35
59114|0.00|49.35|10779
#coupon_59114_22
49.51
59114|0.00|49.51|20779
#coupon_59114_23
49.39
59114|0.00|49.39|30779
#coupon_59114_24
49.44
59114|0.00|49.44|40779
#coupon_59114_25
50.37
59114|0.00|50.37|10780
#coupon_59114_26
50.26
59114|0.00|50.26|20780
#coupon_59114_27
50.38
59114|0.00|50.38|30780
#coupon_59114_28
50.48
59114|0.00|50.48|40780
#coupon_59114_29
66.13
59114|0.00|66.13|10781
#coupon_59114_3
68.60
59114|0.00|68.60|30774
#coupon_59114_30
66.09
59114|0.00|66.09|20781
#coupon_59114_31
66.17
59114|0.00|66.17|30781
#coupon_59114_32
66.21
59114|0.00|66.21|40781
#coupon_59114_33
65.03
59114|0.00|65.03|10782
#coupon_59114_34
65.13
59114|0.00|65.13|20782
#coupon_59114_35
65.34
59114|0.00|65.34|30782
#coupon_59114_36
65.12
59114|0.00|65.12|40782
#coupon_59114_37
59.93
59114|0.00|59.93|10783
#coupon_59114_38
59.83
59114|0.00|59.83|20783
#coupon_59114_39
59.90
59114|0.00|59.90|30783
#coupon_59114_4
68.54
59114|0.00|68.54|40774
#coupon_59114_40
59.80
59114|0.00|59.80|40783
#coupon_59114_5
44.25
59114|0.00|44.25|10775
#coupon_59114_6
44.21
59114|0.00|44.21|20775
#coupon_59114_7
44.18
59114|0.00|44.18|30775
#coupon_59114_8
44.25
59114|0.00|44.25|40775
#coupon_59114_9
41.07
59114|0.00|41.07|10776
