#grandprix_11010_1_1
33.18
11010|0.00|33.18|10492
11010|0.00|31.97|10480
11010|0.00|29.62|10482
11010|0.00|27.16|10484
11010|0.00|20.94|10486
#grandprix_11010_1_2
33.16
11010|0.00|33.16|20492
11010|0.00|31.97|20480
11010|0.00|29.66|20482
11010|0.00|27.26|20484
11010|0.00|21.04|20486
#grandprix_11010_1_3
33.30
11010|0.00|33.30|30492
11010|0.00|31.70|30480
11010|0.00|29.62|30482
11010|0.00|27.37|30484
11010|0.00|20.91|30486
#grandprix_11010_1_4
39.37
11010|0.00|27.42|40484
11010|0.00|21.20|40486
11010|1.00|39.37|40488
11010|2.00|26.88|40490
11010|3.00|36.23|40492
#grandprix_11014_1_1
47.60
11014|0.00|27.60|10524
11014|0.00|24.18|10525
11014|0.00|28.59|10526
11014|0.00|38.98|10527
11014|20.00|47.60|10524
11014|20.00|44.18|10525
#grandprix_11014_1_2
47.65
11014|0.00|27.65|20524
11014|0.00|24.40|20525
11014|0.00|28.62|20526
11014|0.00|38.94|20527
11014|20.00|47.65|20524
11014|20.00|44.40|20525
#grandprix_11014_1_3
47.85
11014|0.00|27.85|30524
11014|0.00|24.43|30525
11014|0.00|28.89|30526
11014|0.00|38.73|30527
11014|20.00|47.85|30524
11014|20.00|44.43|30525
#grandprix_11014_1_4
47.55
11014|0.00|27.55|40524
11014|0.00|23.89|40525
11014|0.00|28.75|40526
11014|0.00|38.86|40527
11014|20.00|47.55|40524
11014|20.00|43.89|40525
#grandprix_11016_1_1
67.55
11016|30.00|67.55|10547
11016|30.00|57.63|10544
11016|30.00|55.42|10545
#grandprix_11016_1_2
69.45
11016|30.00|69.45|20547
11016|30.00|57.57|20544
11016|30.00|60.56|20545
#grandprix_11016_1_3
69.17
11016|30.00|69.17|30547
11016|30.00|57.42|30544
11016|30.00|60.28|30545
#grandprix_11016_1_4
70.39
11016|30.00|70.39|40547
11016|30.00|57.37|40544
11016|30.00|60.13|40545
#grandprix_11016_2_1
66.24
11016|30.00|66.24|10550
11016|30.00|63.85|10551
11016|30.00|59.46|10548
#grandprix_11016_2_2
64.35
11016|30.00|64.35|20551
11016|30.00|60.14|20548
11016|30.00|60.92|20549
#grandprix_11016_2_3
64.30
11016|30.00|64.30|30551
11016|30.00|59.83|30548
11016|30.00|60.20|30549
#grandprix_11016_2_4
64.29
11016|30.00|64.29|40551
11016|30.00|59.84|40548
11016|30.00|60.47|40549
#grandprix_11018_1_1
74.17
11018|30.00|56.66|10567
11018|30.00|74.17|10564
11018|30.00|67.17|10565
#grandprix_11018_1_2
74.29
11018|30.00|56.34|20567
11018|30.00|74.29|20564
11018|30.00|67.15|20565
#grandprix_11018_1_3
74.33
11018|30.00|56.53|30567
11018|30.00|74.33|30564
11018|30.00|67.02|30565
#grandprix_11018_1_4
74.46
11018|30.00|64.60|40566
11018|30.00|56.48|40567
11018|30.00|74.46|40564
#grandprix_11020_1_1
50.22
11020|30.00|47.89|10585
11020|30.00|50.22|10586
#grandprix_11020_1_2
52.12
11020|30.00|47.56|20585
11020|33.00|52.12|20584
#grandprix_11020_1_3
53.37
11020|30.00|47.54|30585
11020|33.00|53.37|30584
#grandprix_11020_1_4
52.65
11020|30.00|47.87|40585
11020|33.00|52.65|40584
#grandprix_11020_2_1
53.32
11020|30.00|51.58|10589
11020|35.00|53.32|10587
#grandprix_11020_2_2
53.31
11020|30.00|52.37|20589
11020|35.00|53.31|20587
#grandprix_11020_2_3
52.80
11020|30.00|51.44|30589
11020|35.00|52.80|30587
#grandprix_11020_2_4
53.48
11020|30.00|51.51|40589
11020|35.00|53.48|40587
#grandprix_11020_3_1
55.43
11020|30.00|51.23|10592
11020|35.00|55.43|10590
#grandprix_11020_3_2
55.23
11020|30.00|50.85|20592
11020|35.00|55.23|20590
#grandprix_11020_3_3
55.47
11020|30.00|44.29|30592
11020|35.00|55.47|30590
#grandprix_11020_3_4
55.45
11020|30.00|43.51|40592
11020|35.00|55.45|40590
#grandprix_11021_1_1
34.07
11021|0.00|29.30|10596
11021|5.00|34.07|10594
#grandprix_11021_1_2
34.33
11021|0.00|29.22|20596
11021|5.00|34.33|20594
#grandprix_11021_1_3
34.78
11021|0.00|28.90|30596
11021|5.00|34.78|30594
#grandprix_11021_1_4
33.99
11021|0.00|29.79|40594
11021|5.00|33.99|40595
#grandprix_11021_2_1
44.81
11021|0.00|39.71|10599
11021|5.00|44.81|10597
#grandprix_11021_2_2
44.34
11021|0.00|39.76|20599
11021|5.00|44.34|20597
#grandprix_11021_2_3
47.00
11021|0.00|39.82|30599
11021|5.00|47.00|30597
#grandprix_11021_2_4
42.04
11021|0.00|42.04|40597
11021|5.00|40.04|40598
#grandprix_11021_3_1
43.30
11021|0.00|43.30|10600
11021|5.00|37.31|10601
#grandprix_11021_3_2
48.56
11021|0.00|37.00|20602
11021|5.00|48.56|20600
#grandprix_11021_3_3
48.26
11021|0.00|37.29|30602
11021|5.00|48.26|30600
#grandprix_11021_3_4
43.18
11021|0.00|43.18|40600
11021|5.00|37.68|40601
#grandprix_11024_1_1
42.32
11024|0.00|31.36|10626
11024|5.00|42.32|10624
#grandprix_11024_1_2
41.39
11024|0.00|37.35|20624
11024|5.00|41.39|20625
#grandprix_11024_1_3
42.32
11024|0.00|31.39|30626
11024|5.00|42.32|30624
#grandprix_11024_1_4
41.41
11024|0.00|37.35|40624
11024|5.00|41.41|40625
#grandprix_11024_2_1
38.54
11024|0.00|38.54|10629
11024|5.00|37.53|10627
#grandprix_11024_2_2
38.15
11024|0.00|38.15|20629
11024|5.00|37.53|20627
#grandprix_11024_2_3
38.35
11024|0.00|38.35|30629
11024|5.00|37.53|30627
#grandprix_11024_2_4
51.34
11024|0.00|32.53|40627
11024|5.00|51.34|40628
#grandprix_11024_3_1
61.38
11024|0.00|42.30|10632
11024|5.00|61.38|10631
#grandprix_11024_3_2
62.30
11024|0.00|42.16|20632
11024|5.00|62.30|20631
#grandprix_11024_3_3
62.45
11024|0.00|42.27|30632
11024|5.00|62.45|30631
#grandprix_11024_3_4
56.15
11024|0.00|56.15|40631
11024|5.00|47.36|40632
#grandprix_11085_1_1
33.84
11085|0.50|23.84|11057
11085|0.00|13.67|11004
11085|0.00|11.65|11010
11085|0.50|22.65|11011
11085|0.00|16.42|11042
11085|0.50|17.51|11051
11085|0.00|18.63|11053
11085|10.50|33.84|11057
11085|10.00|23.67|11004
11085|10.00|21.65|11010
11085|10.50|32.65|11011
11085|10.00|26.42|11042
11085|10.50|27.51|11051
11085|10.00|28.63|11053
#grandprix_11085_1_2
33.45
11085|0.50|22.64|21011
11085|0.00|16.44|21042
11085|0.80|18.44|21047
11085|1.00|19.42|21056
11085|0.00|23.45|21057
11085|0.00|13.49|21004
11085|0.00|11.65|21010
11085|10.50|32.64|21011
11085|10.00|26.44|21042
11085|10.80|28.44|21047
11085|11.00|29.42|21056
11085|10.00|33.45|21057
11085|10.00|23.49|21004
11085|10.00|21.65|21010
#grandprix_11085_1_3
33.77
11085|0.50|23.77|31058
11085|0.00|13.42|31004
11085|0.00|12.37|31005
11085|0.00|23.21|31017
11085|0.00|16.39|31042
11085|0.50|17.57|31051
11085|0.30|19.18|31052
11085|10.50|33.77|31058
11085|10.00|23.42|31004
11085|10.00|22.37|31005
11085|10.00|33.21|31017
11085|10.00|26.39|31042
11085|10.50|27.57|31051
11085|10.30|29.18|31052
#grandprix_11085_1_4
32.76
11085|3.50|16.99|41004
11085|0.00|11.65|41010
11085|0.50|22.73|41011
11085|0.00|16.42|41042
11085|0.50|17.55|41051
11085|0.00|21.64|41055
11085|0.00|22.76|41060
11085|13.50|26.99|41004
11085|10.00|21.65|41010
11085|10.50|32.73|41011
11085|10.00|26.42|41042
11085|10.50|27.55|41051
11085|10.00|31.64|41055
11085|10.00|32.76|41060
#grandprix_11090_1_1
38.27
11090|0.00|22.67|11025
11090|5.00|38.27|11024
#grandprix_11090_1_2
38.23
11090|5.00|38.23|21024
11090|0.00|22.46|21025
#grandprix_11090_1_3
38.21
11090|0.00|22.54|31025
11090|5.00|38.21|31024
#grandprix_11090_1_4
33.23
11090|0.00|33.23|41024
11090|5.00|27.55|41025
#grandprix_11090_2_1
24.41
11090|0.00|19.84|11084
11090|5.00|24.41|11031
#grandprix_11090_2_2
24.40
11090|0.00|19.96|21084
11090|5.00|24.40|21031
#grandprix_11090_2_3
25.11
11090|5.00|25.11|31084
11090|0.00|19.43|31031
#grandprix_11090_2_4
24.98
11090|5.00|24.98|41084
11090|0.00|19.40|41031
#grandprix_11090_3_1
24.28
11090|0.00|16.19|11086
11090|5.00|24.28|11085
#grandprix_11090_3_2
24.28
11090|0.00|16.24|21086
11090|5.00|24.28|21085
#grandprix_11090_3_3
24.28
11090|0.00|16.20|31086
11090|5.00|24.28|31085
#grandprix_11090_3_4
24.28
11090|0.00|16.18|41086
11090|5.00|24.28|41085
