#group_44004_1
95.14
11005|7.19|27.10|10305
11005|7.19|27.03|10306
11005|7.19|27.18|10307
11005|7.19|27.31|10308
11005|7.19|27.65|10309
11005|7.19|26.91|10310
11005|7.19|26.38|10311
11018|6.91|41.20|20570
11086|7.22|15.97|31018
11086|8.02|16.77|31018
11086|8.82|17.57|31018
11086|9.62|18.37|31018
11086|10.42|19.17|31018
11086|11.22|19.97|31018
11086|12.02|20.77|31018
11086|12.82|21.57|31018
11086|13.62|22.37|31018
11086|14.42|23.17|31018
11015|6.86|32.38|40536
11005|14.35|32.26|10312
11005|14.35|33.02|10313
11005|14.35|32.81|10314
11005|14.35|38.34|10315
11005|14.35|35.20|10316
11005|14.35|32.50|10317
11005|14.35|32.32|10318
11015|13.95|53.73|20540
11005|14.39|34.29|30305
11005|14.39|34.19|30306
11005|14.39|34.28|30307
11005|14.39|34.47|30308
11005|14.39|34.71|30309
11005|14.39|34.08|30310
11005|14.39|33.62|30311
11088|13.60|37.71|41092
11088|22.60|47.81|11035
11092|21.70|59.32|21001
11019|21.32|62.64|30580
11086|22.34|32.78|41063
11086|22.34|32.69|41064
11086|22.34|32.78|41065
11086|22.34|32.60|41066
11086|22.34|32.77|41067
11011|28.71|53.82|10497
11021|28.98|68.74|20599
11015|29.54|62.11|30539
11088|28.49|58.45|41036
11011|35.57|72.05|10496
11088|35.94|60.05|21092
11018|36.82|71.35|30566
11011|36.43|70.56|40499
11016|43.32|68.74|10545
11011|44.37|71.20|20501
11005|44.57|65.90|30347
11005|44.57|67.15|30348
11005|44.57|65.98|30349
11005|44.57|65.29|30350
11005|44.57|66.88|30351
11005|44.57|67.54|30352
11005|44.57|66.96|30353
11005|42.60|57.83|40340
11005|42.60|58.10|40341
11005|42.60|58.14|40342
11005|42.60|58.10|40343
11005|42.60|57.98|40344
11005|42.60|58.13|40345
11005|42.60|58.37|40346
11021|51.84|95.14|10600
11004|50.55|68.22|20257
11004|51.15|68.76|20258
11004|51.75|69.40|20259
11004|52.35|69.96|20260
11004|52.95|70.56|20261
11004|53.55|71.21|20262
11004|54.15|71.78|20263
11004|54.75|72.41|20264
11088|51.52|71.83|31096
11085|50.77|64.26|41004
11085|51.27|64.76|41004
11085|51.77|65.26|41004
11085|52.27|65.76|41004
11085|52.77|66.26|41004
11085|53.27|66.76|41004
11085|53.77|67.26|41004
11085|54.27|67.76|41004
#group_44004_10
92.98
11005|6.99|27.44|10326
11005|6.99|25.91|10327
11005|6.99|28.06|10328
11005|6.99|27.75|10329
11005|6.99|30.63|10330
11005|6.99|28.96|10331
11005|6.99|26.26|10332
11021|6.36|45.70|20597
11004|6.64|21.82|30281
11004|6.64|22.13|30282
11004|6.64|22.51|30283
11004|6.64|23.34|30284
11004|6.64|23.48|30285
11004|6.64|22.24|30286
11004|6.64|22.70|30287
11004|6.64|22.43|30288
11015|6.61|46.56|40540
11016|14.14|50.38|10550
11014|13.41|35.25|20531
11003|13.87|29.52|30188
11003|13.87|29.08|30189
11003|13.87|29.56|30190
11003|13.87|30.00|30191
11003|13.87|29.28|30192
11003|13.87|30.36|30193
11003|13.87|29.45|30194
11003|13.87|29.17|30195
11003|13.87|30.03|30196
11015|13.37|37.42|40534
11004|20.55|41.69|10241
11004|20.55|41.45|10242
11004|20.55|40.76|10243
11004|20.55|40.97|10244
11004|20.55|42.01|10245
11004|20.55|42.55|10246
11004|20.55|43.42|10247
11004|20.55|43.52|10248
11016|21.02|51.16|20548
11004|20.71|35.89|30281
11004|20.71|36.20|30282
11004|20.71|36.58|30283
11004|20.71|37.41|30284
11004|20.71|37.55|30285
11004|20.71|36.31|30286
11004|20.71|36.77|30287
11004|20.71|36.50|30288
11086|21.77|31.69|41062
11086|22.57|32.49|41062
11086|23.37|33.29|41062
11086|24.17|34.09|41062
11086|24.97|34.89|41062
11086|25.77|35.69|41062
11086|30.35|41.40|11073
11086|31.15|42.20|11073
11086|31.95|43.00|11073
11086|32.75|43.80|11073
11086|33.55|44.60|11073
11086|34.15|45.20|11073
11086|34.75|45.80|11073
11014|30.28|58.90|20526
11014|29.53|58.21|30533
11003|29.18|52.50|40170
11003|29.18|51.65|40171
11003|29.18|50.67|40172
11003|29.98|50.76|40173
11003|29.98|53.31|40174
11003|29.98|54.36|40175
11003|29.98|56.40|40176
11003|29.18|54.72|40177
11003|30.28|54.85|40178
11014|37.62|66.21|10526
11015|37.31|67.26|20543
11014|36.84|65.52|30533
11085|35.84|49.33|41004
11085|36.34|49.83|41004
11085|36.84|50.33|41004
11085|37.34|50.83|41004
11085|37.84|51.33|41004
11085|38.34|51.83|41004
11085|38.84|52.33|41004
11085|39.34|52.83|41004
11014|43.24|65.16|10531
11085|43.97|67.42|21057
11085|43.47|66.65|21058
11085|43.47|66.92|21057
11085|43.47|66.30|21060
11085|43.47|65.93|21061
11085|43.97|66.80|21060
11085|43.97|67.15|21058
11015|43.69|68.05|30534
11015|44.77|77.12|40539
11011|50.95|83.24|10503
11018|51.33|85.88|20566
11092|51.17|88.81|31001
11004|51.49|66.63|40273
11004|51.49|66.93|40274
11004|51.49|67.34|40275
11004|51.49|67.11|40276
11004|51.49|67.21|40277
11004|51.49|67.68|40278
11004|51.49|67.42|40279
11004|51.49|67.73|40280
11018|58.46|92.66|10570
11005|57.53|78.84|20347
11005|57.53|80.12|20348
11005|57.53|78.81|20349
11005|57.53|78.22|20350
11005|57.53|79.78|20351
11005|57.53|80.73|20352
11005|57.53|79.90|20353
11011|58.57|92.98|30499
11015|57.04|86.01|40535
#group_44004_11
96.38
11088|6.58|36.45|11036
11088|6.03|26.27|21096
11005|5.77|24.37|30333
11005|5.77|23.60|30334
11005|5.77|24.59|30335
11005|5.77|23.84|30336
11005|5.77|25.19|30337
11005|5.77|25.61|30338
11005|5.77|24.39|30339
11018|6.87|33.35|40567
11003|17.40|33.89|10224
11003|17.40|35.76|10225
11003|17.80|35.37|10226
11003|18.40|35.08|10227
11003|18.50|34.09|10228
11003|19.40|34.38|10229
11003|15.40|35.44|10230
11003|18.20|33.62|10231
11003|17.40|33.76|10232
11086|13.83|32.12|21019
11086|13.83|32.29|21020
11086|13.83|31.29|21021
11086|13.83|33.42|21022
11086|13.83|33.37|21023
11005|15.07|30.31|30340
11005|15.07|30.46|30341
11005|15.07|30.74|30342
11005|15.07|30.52|30343
11005|15.07|30.40|30344
11005|15.07|30.46|30345
11005|15.07|30.84|30346
11092|14.35|59.15|41003
11011|23.03|53.31|10494
11085|23.02|46.47|21057
11085|22.52|45.70|21058
11085|22.52|45.97|21057
11085|22.52|45.35|21060
11085|22.52|44.98|21061
11085|23.02|45.85|21060
11085|23.02|46.20|21058
11018|21.50|60.15|30573
11086|21.63|33.40|41026
11086|21.63|33.74|41027
11086|21.63|33.92|41028
11086|21.63|32.39|41029
11086|21.63|33.16|41030
11086|21.63|32.39|41029
11005|29.50|49.95|10326
11005|29.50|48.42|10327
11005|29.50|50.57|10328
11005|29.50|50.26|10329
11005|29.50|53.14|10330
11005|29.50|51.47|10331
11005|29.50|48.77|10332
11005|29.44|47.71|20312
11005|29.44|48.08|20313
11005|29.44|48.01|20314
11005|29.44|53.01|20315
11005|29.44|50.34|20316
11005|29.44|48.08|20317
11005|29.44|47.64|20318
11086|29.77|47.93|31019
11086|29.77|48.18|31020
11086|29.77|47.09|31021
11086|29.77|49.43|31022
11086|29.77|49.22|31023
11005|28.91|50.28|40347
11005|28.91|51.58|40348
11005|28.91|50.24|40349
11005|28.91|49.65|40350
11005|28.91|51.22|40351
11005|28.91|52.28|40352
11005|28.91|50.90|40353
11092|36.86|79.04|11090
11015|36.41|76.19|20540
11085|36.84|59.03|31011
11085|36.34|58.25|31012
11085|36.34|59.58|31013
11085|37.34|58.23|31014
11085|36.34|58.65|31015
11085|36.34|59.43|31016
11085|36.34|59.55|31017
11014|36.45|60.34|40525
11088|44.50|74.37|11036
11005|43.95|62.22|20312
11005|43.95|62.59|20313
11005|43.95|62.52|20314
11005|43.95|67.52|20315
11005|43.95|64.85|20316
11005|43.95|62.59|20317
11005|43.95|62.15|20318
11018|43.51|76.20|30568
11086|44.06|54.50|41063
11086|44.06|54.41|41064
11086|44.06|54.50|41065
11086|44.06|54.32|41066
11086|44.06|54.49|41067
11086|51.68|62.07|11063
11086|51.68|62.03|11064
11086|51.68|62.10|11065
11086|51.68|61.92|11066
11086|51.68|62.15|11067
11005|52.10|70.89|20333
11005|52.10|69.93|20334
11005|52.10|70.98|20335
11005|52.10|70.29|20336
11005|52.10|71.69|20337
11005|52.10|72.01|20338
11005|52.10|70.90|20339
11016|51.27|85.57|30551
11014|50.81|96.38|40528
11014|59.86|87.46|10524
#group_44004_12
93.70
11092|6.69|31.90|11089
11086|7.41|27.21|21072
11086|7.41|27.32|21069
11086|7.41|28.01|21070
11086|7.41|26.55|21071
11086|7.41|27.21|21072
11086|8.21|27.35|21071
11086|8.11|28.02|21069
11018|6.16|50.49|30564
11019|6.42|65.15|40575
11004|14.20|38.11|10249
11004|14.20|36.89|10250
11004|14.20|38.48|10251
11004|14.20|37.65|10252
11004|14.20|37.95|10253
11004|14.20|37.88|10254
11004|14.20|37.77|10255
11004|14.20|38.69|10256
11085|14.51|33.39|21052
11085|14.21|32.92|21053
11085|14.71|32.10|21054
11085|14.21|35.07|21055
11085|14.71|33.13|21056
11085|15.01|33.89|21052
11085|15.21|33.63|21056
11085|15.21|32.60|21054
11086|14.58|23.33|31018
11086|15.38|24.13|31018
11086|16.18|24.93|31018
11086|16.98|25.73|31018
11086|17.78|26.53|31018
11086|18.58|27.33|31018
11086|19.38|28.13|31018
11086|20.18|28.93|31018
11086|20.98|29.73|31018
11086|21.78|30.53|31018
11005|14.64|33.34|40333
11005|14.64|32.53|40334
11005|14.64|33.47|40335
11005|14.64|32.79|40336
11005|14.64|33.96|40337
11005|14.64|34.38|40338
11005|14.64|33.28|40339
11085|23.01|36.68|11004
11085|23.51|37.18|11004
11085|24.01|37.68|11004
11085|24.51|38.18|11004
11085|25.01|38.68|11004
11085|25.51|39.18|11004
11085|26.01|39.68|11004
11085|26.51|40.18|11004
11005|23.61|43.54|20305
11005|23.61|43.35|20306
11005|23.61|43.54|20307
11005|23.61|43.66|20308
11005|23.61|44.01|20309
11005|23.61|43.36|20310
11005|23.61|42.68|20311
11021|22.19|62.01|30599
11018|23.10|57.70|40566
11005|28.86|46.77|10312
11005|28.86|47.53|10313
11005|28.86|47.32|10314
11005|28.86|52.85|10315
11005|28.86|49.71|10316
11005|28.86|47.01|10317
11005|28.86|46.83|10318
11086|28.79|48.59|21072
11086|28.79|48.70|21069
11086|28.79|49.39|21070
11086|28.79|47.93|21071
11086|28.79|48.59|21072
11086|29.59|48.73|21071
11086|29.49|49.40|21069
11005|29.71|49.72|30326
11005|29.71|48.43|30327
11005|29.71|50.31|30328
11005|29.71|50.81|30329
11005|29.71|52.73|30330
11005|29.71|51.53|30331
11005|29.71|49.24|30332
11015|28.62|52.67|40534
11015|36.93|66.33|10538
11088|37.02|62.24|21035
11088|36.02|59.44|31094
11092|37.08|81.88|41003
11004|44.05|65.51|10297
11004|44.05|65.47|10298
11004|44.05|66.21|10299
11004|44.05|66.23|10300
11004|44.05|65.79|10301
11004|44.05|65.01|10302
11004|44.05|64.56|10303
11004|44.05|66.83|10304
11015|42.44|68.59|20537
11018|42.32|80.97|30573
11021|42.78|71.77|40595
11019|51.88|87.17|10576
11014|51.23|93.70|20529
11086|51.39|61.34|31062
11086|52.19|62.14|31062
11086|52.99|62.94|31062
11086|53.79|63.74|31062
11086|54.59|64.54|31062
11086|55.39|65.34|31062
11005|52.05|67.28|40340
11005|52.05|67.55|40341
11005|52.05|67.59|40342
11005|52.05|67.55|40343
11005|52.05|67.43|40344
11005|52.05|67.58|40345
11005|52.05|67.82|40346
11015|59.62|89.02|10538
#group_44004_13
93.26
11003|6.43|25.01|10161
11003|6.43|24.25|10162
11003|6.43|25.58|10163
11003|7.23|25.46|10164
11003|6.83|26.61|10165
11003|5.83|24.06|10166
11003|5.83|23.94|10167
11003|5.83|26.22|10168
11003|5.83|26.00|10169
11004|6.20|23.87|20257
11004|6.80|24.41|20258
11004|7.40|25.05|20259
11004|8.00|25.61|20260
11004|8.60|26.21|20261
11004|9.20|26.86|20262
11004|9.80|27.43|20263
11004|10.40|28.06|20264
11088|6.97|27.28|31096
11014|5.71|37.73|40530
11015|14.44|54.44|10540
11086|13.66|33.46|21072
11086|13.66|33.57|21069
11086|13.66|34.26|21070
11086|13.66|32.80|21071
11086|13.66|33.46|21072
11086|14.46|33.60|21071
11086|14.36|34.27|21069
11015|14.30|62.87|30541
11092|14.18|36.82|41089
11019|21.24|59.75|10583
11085|21.61|43.75|21011
11085|21.11|42.92|21012
11085|21.11|44.42|21013
11085|22.11|42.80|21014
11085|21.11|43.35|21015
11085|21.11|44.15|21016
11085|21.11|44.68|21017
11021|21.30|59.66|30603
11005|22.29|43.66|40347
11005|22.29|44.96|40348
11005|22.29|43.62|40349
11005|22.29|43.03|40350
11005|22.29|44.60|40351
11005|22.29|45.66|40352
11005|22.29|44.28|40353
11086|28.01|46.30|11019
11086|28.01|46.58|11020
11086|28.01|45.49|11021
11086|28.01|47.59|11022
11086|28.01|47.53|11023
11014|28.91|61.19|20530
11086|28.79|46.95|31019
11086|28.79|47.20|31020
11086|28.79|46.11|31021
11086|28.79|48.45|31022
11086|28.79|48.24|31023
11005|28.64|43.87|40340
11005|28.64|44.14|40341
11005|28.64|44.18|40342
11005|28.64|44.14|40343
11005|28.64|44.02|40344
11005|28.64|44.17|40345
11005|28.64|44.41|40346
11086|34.68|46.54|11026
11086|34.68|46.80|11027
11086|34.68|46.99|11028
11086|34.68|45.57|11029
11086|34.68|46.21|11030
11086|34.68|45.57|11029
11016|35.06|65.20|20548
11086|36.50|56.39|31072
11086|36.50|56.52|31069
11086|36.50|57.20|31070
11086|36.50|55.68|31071
11086|36.50|56.39|31072
11086|37.30|56.48|31071
11086|37.20|57.22|31069
11005|35.24|55.17|40305
11005|35.24|54.97|40306
11005|35.24|55.06|40307
11005|35.24|55.24|40308
11005|35.24|55.61|40309
11005|35.24|55.03|40310
11005|35.24|54.37|40311
11015|43.96|69.13|10536
11003|42.78|66.14|20179
11003|42.78|66.49|20180
11003|42.78|65.12|20181
11003|42.78|67.00|20182
11003|42.78|65.87|20183
11003|42.78|64.82|20184
11003|42.78|68.91|20185
11003|42.78|65.83|20186
11003|42.78|66.41|20187
11016|44.16|77.13|30546
11004|44.60|62.59|40265
11004|44.60|62.13|40266
11004|44.60|62.82|40267
11004|44.60|63.23|40268
11004|44.60|63.92|40269
11004|44.60|63.76|40270
11004|44.60|63.37|40271
11004|44.60|62.70|40272
11086|50.35|70.13|11072
11086|50.35|70.27|11069
11086|50.35|70.92|11070
11086|50.35|69.43|11071
11086|50.35|70.13|11072
11086|51.15|70.23|11071
11086|51.05|70.97|11069
11004|51.13|70.70|20289
11004|51.13|72.26|20290
11004|51.13|69.09|20291
11004|51.13|67.29|20292
11004|51.13|70.26|20293
11004|51.13|70.45|20294
11004|51.13|68.54|20295
11004|51.13|70.40|20296
11021|50.38|87.67|30602
11018|51.34|93.26|40572
#group_44004_14
83.57
11018|7.18|39.93|10568
11003|7.55|30.91|20179
11003|7.55|31.26|20180
11003|7.55|29.89|20181
11003|7.55|31.77|20182
11003|7.55|30.64|20183
11003|7.55|29.59|20184
11003|7.55|33.68|20185
11003|7.55|30.60|20186
11003|7.55|31.18|20187
11004|5.61|25.98|30241
11004|5.61|26.17|30242
11004|5.61|25.49|30243
11004|5.61|25.66|30244
11004|5.61|26.23|30245
11004|5.61|26.64|30246
11004|5.61|27.18|30247
11004|5.61|28.14|30248
11021|7.42|49.46|40597
11015|14.44|63.10|10541
11015|15.83|55.47|20542
11005|15.16|35.17|30326
11005|15.16|33.88|30327
11005|15.16|35.76|30328
11005|15.16|36.26|30329
11005|15.16|38.18|30330
11005|15.16|36.98|30331
11005|15.16|34.69|30332
11016|14.27|47.06|40546
11019|23.46|65.31|10582
11018|23.16|67.45|20564
11005|24.13|45.46|30347
11005|24.13|46.71|30348
11005|24.13|45.54|30349
11005|24.13|44.85|30350
11005|24.13|46.44|30351
11005|24.13|47.10|30352
11005|24.13|46.52|30353
11085|23.59|45.82|41011
11085|23.09|44.85|41012
11085|23.09|46.07|41013
11085|24.09|45.02|41014
11085|23.09|45.36|41015
11085|23.09|45.99|41016
11085|23.09|46.45|41017
11011|32.37|62.65|10494
11004|30.94|51.96|20241
11004|30.94|52.19|20242
11004|30.94|51.54|20243
11004|30.94|51.75|20244
11004|30.94|51.81|20245
11004|30.94|52.57|20246
11004|30.94|53.76|20247
11004|30.94|53.51|20248
11015|31.31|60.23|30535
11014|30.53|76.10|40528
11005|39.06|59.51|10326
11005|39.06|57.98|10327
11005|39.06|60.13|10328
11005|39.06|59.82|10329
11005|39.06|62.70|10330
11005|39.06|61.03|10331
11005|39.06|58.33|10332
11088|37.98|58.30|21093
11003|39.09|60.96|30197
11003|39.09|61.30|30198
11003|39.09|60.72|30199
11003|39.09|61.31|30200
11003|39.09|61.10|30201
11003|39.09|60.02|30202
11003|39.09|60.53|30203
11003|39.09|60.38|30204
11003|39.09|60.11|30205
11014|37.34|76.20|40527
11019|45.15|78.45|10574
11085|45.12|67.26|21011
11085|44.62|66.43|21012
11085|44.62|67.93|21013
11085|45.62|66.31|21014
11085|44.62|66.86|21015
11085|44.62|67.66|21016
11085|44.62|68.19|21017
11015|44.61|83.41|30542
11015|46.43|72.79|40537
11086|53.23|63.16|11062
11086|54.03|63.96|11062
11086|54.83|64.76|11062
11086|55.63|65.56|11062
11086|56.43|66.36|11062
11086|57.23|67.16|11062
11015|53.62|83.57|20543
11005|52.56|72.46|30305
11005|52.56|72.36|30306
11005|52.56|72.45|30307
11005|52.56|72.64|30308
11005|52.56|72.88|30309
11005|52.56|72.25|30310
11005|52.56|71.79|30311
11003|52.61|74.43|40197
11003|52.61|74.81|40198
11003|52.61|74.23|40199
11003|52.61|74.81|40200
11003|52.61|74.65|40201
11003|52.61|73.68|40202
11003|52.61|73.96|40203
11003|52.61|73.72|40204
11003|52.61|73.64|40205
#group_44004_15
82.06
11011|7.56|39.85|10503
11011|6.25|31.52|20497
11014|5.67|34.56|30526
11086|7.38|18.54|41073
11086|8.18|19.34|41073
11086|8.98|20.14|41073
11086|9.78|20.94|41073
11086|10.58|21.74|41073
11086|11.18|22.34|41073
11086|11.78|22.94|41073
11005|14.25|35.52|10347
11005|14.25|36.90|10348
11005|14.25|35.51|10349
11005|14.25|34.94|10350
11005|14.25|36.54|10351
11005|14.25|37.64|10352
11005|14.25|36.63|10353
11085|15.40|37.54|21011
11085|14.90|36.71|21012
11085|14.90|38.21|21013
11085|15.90|36.59|21014
11085|14.90|37.14|21015
11085|14.90|37.94|21016
11085|14.90|38.47|21017
11003|16.61|32.85|30224
11003|16.61|35.25|30225
11003|17.01|34.52|30226
11003|17.61|34.24|30227
11003|17.71|33.48|30228
11003|18.61|33.57|30229
11003|14.61|34.99|30230
11003|17.41|32.84|30231
11003|16.61|32.93|30232
11085|15.06|26.71|41010
11085|15.06|27.45|41006
11085|15.06|26.77|41007
11085|15.06|26.40|41008
11085|15.06|27.49|41009
11085|15.06|27.45|41005
11005|20.96|36.23|10340
11005|20.96|36.33|10341
11005|20.96|36.57|10342
11005|20.96|36.42|10343
11005|20.96|36.18|10344
11005|20.96|36.42|10345
11005|20.96|36.71|10346
11085|22.39|45.84|21057
11085|21.89|45.07|21058
11085|21.89|45.34|21057
11085|21.89|44.72|21060
11085|21.89|44.35|21061
11085|22.39|45.22|21060
11085|22.39|45.57|21058
11015|21.38|50.76|30538
11003|21.37|45.63|40206
11003|21.37|45.80|40207
11003|21.37|45.52|40208
11003|21.37|45.65|40209
11003|21.37|45.51|40210
11003|22.87|45.36|40211
11003|22.87|45.53|40212
11003|22.87|45.67|40213
11003|22.87|45.39|40214
11003|29.94|55.87|10215
11003|29.94|56.11|10216
11003|29.94|56.77|10217
11003|29.94|56.11|10218
11003|29.94|56.26|10219
11003|29.94|56.58|10220
11003|29.94|56.62|10221
11003|29.94|58.07|10222
11003|29.94|58.21|10223
11086|29.86|40.28|21063
11086|29.86|40.16|21064
11086|29.86|40.31|21065
11086|29.86|40.12|21066
11086|29.86|40.32|21067
11004|28.98|50.30|30297
11004|28.98|50.47|30298
11004|28.98|51.10|30299
11004|28.98|51.22|30300
11004|28.98|50.61|30301
11004|28.98|50.04|30302
11004|28.98|49.37|30303
11004|28.98|52.08|30304
11016|28.81|63.10|40551
11004|37.48|56.95|10289
11004|37.48|58.16|10290
11004|37.48|55.44|10291
11004|37.48|53.71|10292
11004|37.48|56.66|10293
11004|37.48|56.77|10294
11004|37.48|54.91|10295
11004|37.48|56.76|10296
11015|35.55|75.19|20542
11003|36.41|62.38|30215
11003|36.41|62.62|30216
11003|36.41|63.25|30217
11003|36.41|62.52|30218
11003|36.41|62.70|30219
11003|36.41|62.99|30220
11003|36.41|62.98|30221
11003|36.41|64.71|30222
11003|36.41|64.82|30223
11004|36.71|58.12|40297
11004|36.71|58.13|40298
11004|36.71|58.89|40299
11004|36.71|59.00|40300
11004|36.71|58.61|40301
11004|36.71|57.80|40302
11004|36.71|57.12|40303
11004|36.71|59.87|40304
11088|45.08|70.29|11035
11004|44.99|66.26|20233
11004|44.99|65.76|20234
11004|44.99|66.06|20235
11004|44.99|65.74|20236
11004|44.99|66.08|20237
11004|44.99|65.91|20238
11004|44.99|66.27|20239
11004|44.99|66.35|20240
11085|44.72|58.14|31004
11085|45.22|58.64|31004
11085|45.72|59.14|31004
11085|46.22|59.64|31004
11085|46.72|60.14|31004
11085|47.22|60.64|31004
11085|47.72|61.14|31004
11085|48.22|61.64|31004
11003|43.92|68.18|40206
11003|43.92|68.35|40207
11003|43.92|68.07|40208
11003|43.92|68.20|40209
11003|43.92|68.06|40210
11003|45.42|67.91|40211
11003|45.42|68.08|40212
11003|45.42|68.22|40213
11003|45.42|67.94|40214
11011|53.34|81.59|10495
11005|53.41|72.20|20333
11005|53.41|71.24|20334
11005|53.41|72.29|20335
11005|53.41|71.60|20336
11005|53.41|73.00|20337
11005|53.41|73.32|20338
11005|53.41|72.21|20339
11003|53.65|79.62|30215
11003|53.65|79.86|30216
11003|53.65|80.49|30217
11003|53.65|79.76|30218
11003|53.65|79.94|30219
11003|53.65|80.23|30220
11003|53.65|80.22|30221
11003|53.65|81.95|30222
11003|53.65|82.06|30223
11015|53.16|79.52|40537
#group_44004_16
98.50
11019|6.80|48.19|10580
11019|6.09|47.92|20582
11086|6.42|24.58|31019
11086|6.42|24.83|31020
11086|6.42|23.74|31021
11086|6.42|26.08|31022
11086|6.42|25.87|31023
11016|7.53|41.82|40551
11011|13.61|56.44|10500
11086|13.20|31.49|21019
11086|13.20|31.66|21020
11086|13.20|30.66|21021
11086|13.20|32.79|21022
11086|13.20|32.74|21023
11003|13.57|29.22|30188
11003|13.57|28.78|30189
11003|13.57|29.26|30190
11003|13.57|29.70|30191
11003|13.57|28.98|30192
11003|13.57|30.06|30193
11003|13.57|29.15|30194
11003|13.57|28.87|30195
11003|13.57|29.73|30196
11004|13.39|34.66|40233
11004|13.39|34.16|40234
11004|13.39|34.46|40235
11004|13.39|34.18|40236
11004|13.39|34.49|40237
11004|13.39|34.37|40238
11004|13.39|34.71|40239
11004|13.39|34.75|40240
11004|21.33|42.60|10233
11004|21.33|42.10|10234
11004|21.33|42.40|10235
11004|21.33|42.19|10236
11004|21.33|42.45|10237
11004|21.33|42.33|10238
11004|21.33|42.61|10239
11004|21.33|42.72|10240
11088|20.82|44.93|21092
11021|21.06|50.05|30595
11021|21.66|61.43|40599
11005|28.95|47.68|10333
11005|28.95|46.90|10334
11005|28.95|47.75|10335
11005|28.95|47.10|10336
11005|28.95|48.47|10337
11005|28.95|48.70|10338
11005|28.95|47.79|10339
11014|28.54|56.19|20524
11011|29.03|63.44|30499
11019|28.84|69.79|40580
11018|37.31|63.97|10567
11011|37.19|67.76|20494
11005|37.84|55.71|30312
11005|37.84|55.85|30313
11005|37.84|56.80|30314
11005|37.84|61.12|30315
11005|37.84|58.59|30316
11005|37.84|55.59|30317
11005|37.84|55.49|30318
11088|36.98|66.94|41036
11085|45.14|63.99|11052
11085|44.84|63.47|11053
11085|45.34|62.98|11054
11085|44.84|66.01|11055
11085|45.34|63.80|11056
11085|45.64|64.49|11052
11085|45.84|64.30|11056
11085|45.84|63.48|11054
11015|43.52|76.11|20539
11004|45.20|66.47|30233
11004|45.20|65.97|30234
11004|45.20|66.27|30235
11004|45.20|65.95|30236
11004|45.20|66.28|30237
11004|45.20|66.16|30238
11004|45.20|66.49|30239
11004|45.20|66.55|30240
11088|44.39|68.50|41092
11016|51.27|84.16|10546
11019|51.83|87.44|20579
11015|50.95|80.33|30538
11086|52.61|72.53|41072
11086|52.61|72.64|41069
11086|52.61|73.22|41070
11086|52.61|71.72|41071
11086|52.61|72.53|41072
11086|53.41|72.52|41071
11086|53.31|73.34|41069
11015|58.50|98.50|10540
11016|59.24|94.38|20553
11015|59.70|84.06|30534
#group_44004_17
95.49
11003|7.53|31.85|10206
11003|7.53|32.17|10207
11003|7.53|31.81|10208
11003|7.53|31.81|10209
11003|7.53|31.72|10210
11003|9.03|31.76|10211
11003|9.03|31.96|10212
11003|9.03|32.27|10213
11003|9.03|31.53|10214
11085|6.16|29.61|21057
11085|5.66|28.84|21058
11085|5.66|29.11|21057
11085|5.66|28.49|21060
11085|5.66|28.12|21061
11085|6.16|28.99|21060
11085|6.16|29.34|21058
11014|7.32|36.00|30533
11003|9.46|25.58|40224
11003|9.46|27.92|40225
11003|9.86|27.35|40226
11003|10.46|27.20|40227
11003|10.56|26.19|40228
11003|11.46|26.43|40229
11003|7.46|27.63|40230
11003|10.26|25.67|40231
11003|9.46|25.71|40232
11011|14.13|44.41|10494
11014|15.47|44.09|20526
11016|14.41|44.61|30549
11005|15.24|30.47|40340
11005|15.24|30.74|40341
11005|15.24|30.78|40342
11005|15.24|30.74|40343
11005|15.24|30.62|40344
11005|15.24|30.77|40345
11005|15.24|31.01|40346
11016|21.78|58.02|10550
11019|21.48|57.09|20579
11004|22.72|40.39|30257
11004|23.32|40.87|30258
11004|23.92|41.54|30259
11004|24.52|42.21|30260
11004|25.12|42.73|30261
11004|25.72|43.34|30262
11004|26.32|43.93|30263
11004|26.92|44.49|30264
11092|22.44|67.24|41003
11005|30.74|51.19|10326
11005|30.74|49.66|10327
11005|30.74|51.81|10328
11005|30.74|51.50|10329
11005|30.74|54.38|10330
11005|30.74|52.71|10331
11005|30.74|50.01|10332
11085|30.19|46.63|21042
11085|30.19|46.76|21043
11085|30.69|47.17|21044
11085|30.19|46.84|21045
11085|30.69|47.12|21046
11019|29.23|63.44|30581
11015|29.93|58.90|40535
11003|37.60|61.92|10206
11003|37.60|62.24|10207
11003|37.60|61.88|10208
11003|37.60|61.88|10209
11003|37.60|61.79|10210
11003|39.10|61.83|10211
11003|39.10|62.03|10212
11003|39.10|62.34|10213
11003|39.10|61.60|10214
11088|35.80|56.12|21093
11085|36.56|52.95|31042
11085|36.56|53.11|31043
11085|37.06|53.59|31044
11085|36.56|53.25|31045
11085|37.06|53.58|31046
11016|37.69|68.16|40549
11085|45.32|68.66|11057
11085|44.82|67.69|11058
11085|44.82|68.16|11057
11085|44.82|67.50|11060
11085|44.82|67.14|11061
11085|45.32|68.00|11060
11085|45.32|68.19|11058
11088|44.59|64.91|21093
11088|44.41|68.52|31092
11016|45.16|75.63|40549
11086|51.11|69.40|11019
11086|51.11|69.68|11020
11086|51.11|68.59|11021
11086|51.11|70.69|11022
11086|51.11|70.63|11023
11015|51.03|80.87|20535
11019|51.86|93.77|30582
11086|50.71|60.63|41062
11086|51.51|61.43|41062
11086|52.31|62.23|41062
11086|53.11|63.03|41062
11086|53.91|63.83|41062
11086|54.71|64.63|41062
11004|58.29|77.76|10289
11004|58.29|78.97|10290
11004|58.29|76.25|10291
11004|58.29|74.52|10292
11004|58.29|77.47|10293
11004|58.29|77.58|10294
11004|58.29|75.72|10295
11004|58.29|77.57|10296
11088|59.27|83.38|21092
11018|59.46|85.99|30567
11018|58.45|95.49|40565
#group_44004_18
92.56
11005|6.59|21.86|10340
11005|6.59|21.96|10341
11005|6.59|22.20|10342
11005|6.59|22.05|10343
11005|6.59|21.81|10344
11005|6.59|22.05|10345
11005|6.59|22.34|10346
11092|6.27|83.94|21088
11004|7.30|27.67|30241
11004|7.30|27.86|30242
11004|7.30|27.18|30243
11004|7.30|27.35|30244
11004|7.30|27.92|30245
11004|7.30|28.33|30246
11004|7.30|28.87|30247
11004|7.30|29.83|30248
11021|7.18|39.86|40601
11015|13.23|53.43|10542
11018|13.35|50.50|20565
11092|13.83|51.47|31001
11019|14.06|52.41|40583
11021|20.72|60.43|10599
11011|20.03|45.30|20497
11011|19.87|63.13|30502
11014|20.00|65.57|40528
11003|28.78|47.36|10161
11003|28.78|46.60|10162
11003|28.78|47.93|10163
11003|29.58|47.81|10164
11003|29.18|48.96|10165
11003|28.18|46.41|10166
11003|28.18|46.29|10167
11003|28.18|48.57|10168
11003|28.18|48.35|10169
11005|27.20|45.47|20312
11005|27.20|45.84|20313
11005|27.20|45.77|20314
11005|27.20|50.77|20315
11005|27.20|48.10|20316
11005|27.20|45.84|20317
11005|27.20|45.40|20318
11004|28.31|43.42|30273
11004|28.31|43.71|30274
11004|28.31|44.14|30275
11004|28.31|43.89|30276
11004|28.31|44.01|30277
11004|28.31|44.56|30278
11004|28.31|44.26|30279
11004|28.31|44.57|30280
11085|27.85|44.90|41051
11085|27.35|44.93|41047
11085|27.85|44.46|41050
11085|27.35|44.22|41048
11085|27.65|44.72|41049
11085|28.35|45.22|41048
11085|28.15|45.73|41047
11003|36.68|60.06|10170
11003|36.68|59.09|10171
11003|36.68|58.19|10172
11003|37.48|58.77|10173
11003|37.48|61.42|10174
11003|37.48|62.54|10175
11003|37.48|63.91|10176
11003|36.68|62.69|10177
11003|37.78|62.43|10178
11085|36.14|55.02|21052
11085|35.84|54.55|21053
11085|36.34|53.73|21054
11085|35.84|56.70|21055
11085|36.34|54.76|21056
11085|36.64|55.52|21052
11085|36.84|55.26|21056
11085|36.84|54.23|21054
11086|35.67|45.62|31062
11086|36.47|46.42|31062
11086|37.27|47.22|31062
11086|38.07|48.02|31062
11086|38.87|48.82|31062
11086|39.67|49.62|31062
11014|34.79|77.03|40529
11088|41.74|71.61|11036
11019|42.89|78.50|20579
11088|42.23|62.58|31095
11004|42.16|63.24|40241
11004|42.16|63.05|40242
11004|42.16|62.39|40243
11004|42.16|62.62|40244
11004|42.16|62.80|40245
11004|42.16|63.78|40246
11004|42.16|63.71|40247
11004|42.16|64.74|40248
11019|50.71|92.56|10582
11086|51.27|62.48|21073
11086|52.07|63.28|21073
11086|52.87|64.08|21073
11086|53.67|64.88|21073
11086|54.47|65.68|21073
11086|55.07|66.28|21073
11086|55.67|66.88|21073
11021|50.19|87.48|30602
11004|50.38|74.29|40249
11004|50.38|73.07|40250
11004|50.38|74.66|40251
11004|50.38|73.83|40252
11004|50.38|74.13|40253
11004|50.38|74.06|40254
11004|50.38|73.95|40255
11004|50.38|74.87|40256
11011|57.33|85.58|10495
#group_44004_19
93.78
11019|6.43|41.72|10576
11014|7.52|29.36|20531
11019|5.99|36.53|30577
11016|7.48|34.85|40544
11005|13.06|34.33|10347
11005|13.06|35.71|10348
11005|13.06|34.32|10349
11005|13.06|33.75|10350
11005|13.06|35.35|10351
11005|13.06|36.45|10352
11005|13.06|35.44|10353
11011|14.35|58.14|20500
11011|14.83|47.33|30503
11003|14.65|36.47|40197
11003|14.65|36.85|40198
11003|14.65|36.27|40199
11003|14.65|36.85|40200
11003|14.65|36.69|40201
11003|14.65|35.72|40202
11003|14.65|36.00|40203
11003|14.65|35.76|40204
11003|14.65|35.68|40205
11005|22.92|36.72|10319
11005|23.57|37.32|10320
11005|24.22|38.01|10321
11005|24.87|38.69|10322
11005|25.52|39.27|10323
11005|26.17|39.90|10324
11005|26.82|40.55|10325
11088|22.81|46.27|21094
11016|23.06|53.26|30549
11016|21.98|51.82|40548
11011|29.79|72.62|10500
11018|29.40|73.69|20564
11011|28.65|71.91|30502
11003|28.47|51.79|40170
11003|28.47|50.94|40171
11003|28.47|49.96|40172
11003|29.27|50.05|40173
11003|29.27|52.60|40174
11003|29.27|53.65|40175
11003|29.27|55.69|40176
11003|28.47|54.01|40177
11003|29.57|54.14|40178
11021|36.86|76.57|10599
11019|36.50|71.76|20576
11004|35.06|56.33|30233
11004|35.06|55.83|30234
11004|35.06|56.13|30235
11004|35.06|55.81|30236
11004|35.06|56.14|30237
11004|35.06|56.02|30238
11004|35.06|56.35|30239
11004|35.06|56.41|30240
11015|35.84|62.20|40537
11004|44.12|65.26|10241
11004|44.12|65.02|10242
11004|44.12|64.33|10243
11004|44.12|64.54|10244
11004|44.12|65.58|10245
11004|44.12|66.12|10246
11004|44.12|66.99|10247
11004|44.12|67.09|10248
11016|42.86|73.42|20545
11016|43.81|73.64|30548
11016|43.83|82.91|40552
11014|51.33|78.93|10524
11085|52.36|69.41|21051
11085|51.86|69.50|21047
11085|52.36|68.98|21050
11085|51.86|68.80|21048
11085|52.16|69.28|21049
11085|52.86|69.80|21048
11085|52.66|70.30|21047
11003|50.82|74.42|30179
11003|50.82|74.84|30180
11003|50.82|73.15|30181
11003|50.82|75.26|30182
11003|50.82|73.97|30183
11003|50.82|72.90|30184
11003|50.82|76.96|30185
11003|50.82|73.80|30186
11003|50.82|74.53|30187
11092|51.03|88.62|41001
11011|59.85|86.68|10501
11015|59.92|85.41|20536
11005|59.26|77.13|30312
11005|59.26|77.27|30313
11005|59.26|78.22|30314
11005|59.26|82.54|30315
11005|59.26|80.01|30316
11005|59.26|77.01|30317
11005|59.26|76.91|30318
11011|59.65|93.78|40499
#group_44004_2
100.43
11086|7.80|18.85|11073
11086|8.60|19.65|11073
11086|9.40|20.45|11073
11086|10.20|21.25|11073
11086|11.00|22.05|11073
11086|11.60|22.65|11073
11086|12.20|23.25|11073
11021|6.27|45.61|20597
11011|7.42|37.91|30494
11011|5.65|39.78|40499
11086|13.16|21.91|11018
11086|13.96|22.71|11018
11086|14.76|23.51|11018
11086|15.56|24.31|11018
11086|16.36|25.11|11018
11086|17.16|25.91|11018
11086|17.96|26.71|11018
11086|18.76|27.51|11018
11086|19.56|28.31|11018
11086|20.36|29.11|11018
11004|14.85|33.05|20265
11004|14.85|32.70|20266
11004|14.85|33.28|20267
11004|14.85|33.73|20268
11004|14.85|34.18|20269
11004|14.85|33.94|20270
11004|14.85|33.60|20271
11004|14.85|33.20|20272
11003|14.28|37.88|30179
11003|14.28|38.30|30180
11003|14.28|36.61|30181
11003|14.28|38.72|30182
11003|14.28|37.43|30183
11003|14.28|36.36|30184
11003|14.28|40.42|30185
11003|14.28|37.26|30186
11003|14.28|37.99|30187
11019|14.29|52.64|40583
11016|22.39|59.94|10547
11015|21.70|51.37|20538
11021|21.00|60.82|30599
11021|22.61|51.60|40595
11086|29.56|39.49|11062
11086|30.36|40.29|11062
11086|31.16|41.09|11062
11086|31.96|41.89|11062
11086|32.76|42.69|11062
11086|33.56|43.49|11062
11003|29.74|51.63|20197
11003|29.74|51.90|20198
11003|29.74|51.25|20199
11003|29.74|51.96|20200
11003|29.74|51.76|20201
11003|29.74|50.66|20202
11003|29.74|51.07|20203
11003|29.74|50.74|20204
11003|29.74|50.56|20205
11011|30.05|63.20|30498
11011|30.13|73.94|40500
11004|37.44|58.71|10233
11004|37.44|58.21|10234
11004|37.44|58.51|10235
11004|37.44|58.30|10236
11004|37.44|58.56|10237
11004|37.44|58.44|10238
11004|37.44|58.72|10239
11004|37.44|58.83|10240
11018|37.10|76.02|20569
11014|37.25|66.14|30526
11088|35.88|65.84|41036
11003|44.75|68.13|10170
11003|44.75|67.16|10171
11003|44.75|66.26|10172
11003|45.55|66.84|10173
11003|45.55|69.49|10174
11003|45.55|70.61|10175
11003|45.55|71.98|10176
11003|44.75|70.76|10177
11003|45.85|70.50|10178
11019|44.55|77.89|20574
11016|43.84|71.26|30544
11003|43.84|68.10|40206
11003|43.84|68.27|40207
11003|43.84|67.99|40208
11003|43.84|68.12|40209
11003|43.84|67.98|40210
11003|45.34|67.83|40211
11003|45.34|68.00|40212
11003|45.34|68.14|40213
11003|45.34|67.86|40214
11003|52.20|70.78|10161
11003|52.20|70.02|10162
11003|52.20|71.35|10163
11003|53.00|71.23|10164
11003|52.60|72.38|10165
11003|51.60|69.83|10166
11003|51.60|69.71|10167
11003|51.60|71.99|10168
11003|51.60|71.77|10169
11015|51.46|100.43|20541
11016|50.95|81.15|30549
11003|52.02|67.71|40188
11003|52.02|67.25|40189
11003|52.02|67.70|40190
11003|52.02|68.59|40191
11003|52.02|67.38|40192
11003|52.02|68.54|40193
11003|52.02|67.50|40194
11003|52.02|67.35|40195
11003|52.02|68.28|40196
11021|58.97|94.12|10598
11003|58.27|84.26|20215
11003|58.27|84.43|20216
11003|58.27|85.07|20217
11003|58.27|84.47|20218
11003|58.27|84.72|20219
11003|58.27|84.84|20220
11003|58.27|84.92|20221
11003|58.27|86.56|20222
11003|58.27|86.65|20223
11011|59.27|86.02|30501
11086|59.84|70.28|41063
11086|59.84|70.19|41064
11086|59.84|70.28|41065
11086|59.84|70.10|41066
11086|59.84|70.27|41067
#group_44004_20
97.18
11021|6.18|43.11|10602
11085|6.84|28.98|21011
11085|6.34|28.15|21012
11085|6.34|29.65|21013
11085|7.34|28.03|21014
11085|6.34|28.58|21015
11085|6.34|29.38|21016
11085|6.34|29.91|21017
11005|7.05|24.92|30312
11005|7.05|25.06|30313
11005|7.05|26.01|30314
11005|7.05|30.33|30315
11005|7.05|27.80|30316
11005|7.05|24.80|30317
11005|7.05|24.70|30318
11003|8.52|24.64|40224
11003|8.52|26.98|40225
11003|8.92|26.41|40226
11003|9.52|26.26|40227
11003|9.62|25.25|40228
11003|10.52|25.49|40229
11003|6.52|26.69|40230
11003|9.32|24.73|40231
11003|8.52|24.77|40232
11015|15.58|39.92|10534
11086|16.68|27.89|21073
11086|17.48|28.69|21073
11086|18.28|29.49|21073
11086|19.08|30.29|21073
11086|19.88|31.09|21073
11086|20.48|31.69|21073
11086|21.08|32.29|21073
11003|16.19|34.88|30161
11003|16.19|34.09|30162
11003|16.19|35.37|30163
11003|16.99|35.34|30164
11003|16.59|36.44|30165
11003|15.59|33.85|30166
11003|15.59|33.92|30167
11003|15.59|35.79|30168
11003|15.59|35.57|30169
11005|14.59|29.82|40340
11005|14.59|30.09|40341
11005|14.59|30.13|40342
11005|14.59|30.09|40343
11005|14.59|29.97|40344
11005|14.59|30.12|40345
11005|14.59|30.36|40346
11086|22.75|32.68|11062
11086|23.55|33.48|11062
11086|24.35|34.28|11062
11086|25.15|35.08|11062
11086|25.95|35.88|11062
11086|26.75|36.68|11062
11015|22.55|62.33|20540
11085|21.78|33.45|31010
11085|21.78|34.18|31006
11085|21.78|33.53|31007
11085|21.78|33.14|31008
11085|21.78|34.20|31009
11085|21.78|34.15|31005
11086|21.74|39.93|41019
11086|21.74|40.13|41020
11086|21.74|39.09|41021
11086|21.74|41.22|41022
11086|21.74|41.13|41023
11085|30.21|47.22|11051
11085|29.71|47.34|11047
11085|30.21|46.82|11050
11085|29.71|46.63|11048
11085|30.01|47.10|11049
11085|30.71|47.63|11048
11085|30.51|48.14|11047
11086|28.29|38.28|21062
11086|29.09|39.08|21062
11086|29.89|39.88|21062
11086|30.69|40.68|21062
11086|31.49|41.48|21062
11086|32.29|42.28|21062
11085|29.60|43.02|31004
11085|30.10|43.52|31004
11085|30.60|44.02|31004
11085|31.10|44.52|31004
11085|31.60|45.02|31004
11085|32.10|45.52|31004
11085|32.60|46.02|31004
11085|33.10|46.52|31004
11015|28.41|52.46|40534
11003|37.78|62.10|10206
11003|37.78|62.42|10207
11003|37.78|62.06|10208
11003|37.78|62.06|10209
11003|37.78|61.97|10210
11003|39.28|62.01|10211
11003|39.28|62.21|10212
11003|39.28|62.52|10213
11003|39.28|61.78|10214
11092|36.92|79.10|21090
11019|36.31|69.78|30574
11014|35.95|64.70|40526
11019|42.65|84.50|10582
11004|43.49|58.57|20281
11004|43.49|58.71|20282
11004|43.49|59.48|20283
11004|43.49|60.03|20284
11004|43.49|60.07|20285
11004|43.49|59.11|20286
11004|43.49|59.40|20287
11004|43.49|59.61|20288
11005|42.81|56.75|30319
11005|43.46|57.28|30320
11005|44.11|57.90|30321
11005|44.76|58.69|30322
11005|45.41|59.11|30323
11005|46.06|59.88|30324
11005|46.71|60.52|30325
11011|43.74|80.51|40496
11005|50.15|70.06|10305
11005|50.15|69.99|10306
11005|50.15|70.14|10307
11005|50.15|70.27|10308
11005|50.15|70.61|10309
11005|50.15|69.87|10310
11005|50.15|69.34|10311
11086|50.17|62.02|21026
11086|50.17|62.26|21027
11086|50.17|62.39|21028
11086|50.17|61.03|21029
11086|50.17|61.70|21030
11086|50.17|61.03|21029
11004|51.06|72.38|30297
11004|51.06|72.55|30298
11004|51.06|73.18|30299
11004|51.06|73.30|30300
11004|51.06|72.69|30301
11004|51.06|72.12|30302
11004|51.06|71.45|30303
11004|51.06|74.16|30304
11003|50.97|75.23|40206
11003|50.97|75.40|40207
11003|50.97|75.12|40208
11003|50.97|75.25|40209
11003|50.97|75.11|40210
11003|52.47|74.96|40211
11003|52.47|75.13|40212
11003|52.47|75.27|40213
11003|52.47|74.99|40214
11016|57.74|95.29|10547
11014|58.24|97.18|20527
11018|58.54|93.07|30566
11016|58.17|88.30|40545
#group_44004_3
86.74
11004|5.85|26.99|10241
11004|5.85|26.75|10242
11004|5.85|26.06|10243
11004|5.85|26.27|10244
11004|5.85|27.31|10245
11004|5.85|27.85|10246
11004|5.85|28.72|10247
11004|5.85|28.82|10248
11014|6.43|34.57|20533
11088|5.65|26.00|31095
11088|7.09|37.05|41036
11011|14.71|57.83|10502
11011|14.69|39.96|20497
11005|14.02|33.92|30305
11005|14.02|33.82|30306
11005|14.02|33.91|30307
11005|14.02|34.10|30308
11005|14.02|34.34|30309
11005|14.02|33.71|30310
11005|14.02|33.25|30311
11014|13.93|52.79|40527
11019|21.92|60.43|10583
11086|22.76|42.56|21072
11086|22.76|42.67|21069
11086|22.76|43.36|21070
11086|22.76|41.90|21071
11086|22.76|42.56|21072
11086|23.56|42.70|21071
11086|23.46|43.37|21069
11086|22.48|31.23|31018
11086|23.28|32.03|31018
11086|24.08|32.83|31018
11086|24.88|33.63|31018
11086|25.68|34.43|31018
11086|26.48|35.23|31018
11086|27.28|36.03|31018
11086|28.08|36.83|31018
11086|28.88|37.63|31018
11086|29.68|38.43|31018
11019|23.14|62.18|40578
11011|30.00|62.29|10503
11018|30.97|71.66|20572
11015|30.16|69.53|30540
11003|30.01|54.27|40206
11003|30.01|54.44|40207
11003|30.01|54.16|40208
11003|30.01|54.29|40209
11003|30.01|54.15|40210
11003|31.51|54.00|40211
11003|31.51|54.17|40212
11003|31.51|54.31|40213
11003|31.51|54.03|40214
11016|37.65|75.20|10547
11016|37.60|70.55|20546
11014|37.43|66.11|30533
11005|37.85|51.61|40319
11005|38.50|52.29|40320
11005|39.15|52.92|40321
11005|39.80|53.48|40322
11005|40.45|54.16|40323
11005|41.10|54.81|40324
11005|41.75|55.48|40325
11085|46.46|63.47|11051
11085|45.96|63.59|11047
11085|46.46|63.07|11050
11085|45.96|62.88|11048
11085|46.26|63.35|11049
11085|46.96|63.88|11048
11085|46.76|64.39|11047
11085|45.94|57.59|21010
11085|45.94|58.32|21006
11085|45.94|57.68|21007
11085|45.94|57.27|21008
11085|45.94|58.37|21009
11085|45.94|58.39|21005
11088|46.61|66.92|31096
11086|46.04|54.75|41018
11086|46.84|55.55|41018
11086|47.64|56.35|41018
11086|48.44|57.15|41018
11086|49.24|57.95|41018
11086|50.04|58.75|41018
11086|50.84|59.55|41018
11086|51.64|60.35|41018
11086|52.44|61.15|41018
11086|53.24|61.95|41018
11088|52.04|75.48|11094
11086|52.91|62.90|21062
11086|53.71|63.70|21062
11086|54.51|64.50|21062
11086|55.31|65.30|21062
11086|56.11|66.10|21062
11086|56.91|66.90|21062
11015|52.59|78.31|30536
11011|52.61|86.74|40499
#group_44004_4
89.31
11004|7.44|26.91|10289
11004|7.44|28.12|10290
11004|7.44|25.40|10291
11004|7.44|23.67|10292
11004|7.44|26.62|10293
11004|7.44|26.73|10294
11004|7.44|24.87|10295
11004|7.44|26.72|10296
11086|5.66|15.65|21062
11086|6.46|16.45|21062
11086|7.26|17.25|21062
11086|8.06|18.05|21062
11086|8.86|18.85|21062
11086|9.66|19.65|21062
11086|6.32|18.09|31026
11086|6.32|18.40|31027
11086|6.32|18.56|31028
11086|6.32|17.18|31029
11086|6.32|17.85|31030
11086|6.32|17.18|31029
11005|5.84|23.83|40312
11005|5.84|24.17|40313
11005|5.84|24.35|40314
11005|5.84|28.25|40315
11005|5.84|26.18|40316
11005|5.84|23.61|40317
11005|5.84|23.08|40318
11004|13.66|37.57|10249
11004|13.66|36.35|10250
11004|13.66|37.94|10251
11004|13.66|37.11|10252
11004|13.66|37.41|10253
11004|13.66|37.34|10254
11004|13.66|37.23|10255
11004|13.66|38.15|10256
11016|13.44|43.58|20548
11092|14.29|37.90|31089
11014|13.62|46.13|40532
11005|21.94|41.85|10305
11005|21.94|41.78|10306
11005|21.94|41.93|10307
11005|21.94|42.06|10308
11005|21.94|42.40|10309
11005|21.94|41.66|10310
11005|21.94|41.13|10311
11085|21.84|43.98|21011
11085|21.34|43.15|21012
11085|21.34|44.65|21013
11085|22.34|43.03|21014
11085|21.34|43.58|21015
11085|21.34|44.38|21016
11085|21.34|44.91|21017
11085|21.98|45.36|31057
11085|21.48|44.75|31058
11085|21.48|44.86|31057
11085|21.48|44.20|31060
11085|21.48|43.85|31061
11085|21.98|44.70|31060
11085|21.98|45.25|31058
11005|21.96|41.89|40305
11005|21.96|41.69|40306
11005|21.96|41.78|40307
11005|21.96|41.96|40308
11005|21.96|42.33|40309
11005|21.96|41.75|40310
11005|21.96|41.09|40311
11003|30.05|46.54|10224
11003|30.05|48.41|10225
11003|30.45|48.02|10226
11003|31.05|47.73|10227
11003|31.15|46.74|10228
11003|32.05|47.03|10229
11003|28.05|48.09|10230
11003|30.85|46.27|10231
11003|30.05|46.41|10232
11086|28.33|38.75|21063
11086|28.33|38.63|21064
11086|28.33|38.78|21065
11086|28.33|38.59|21066
11086|28.33|38.79|21067
11005|27.75|42.99|30340
11005|27.75|43.14|30341
11005|27.75|43.42|30342
11005|27.75|43.20|30343
11005|27.75|43.08|30344
11005|27.75|43.14|30345
11005|27.75|43.52|30346
11015|28.38|68.33|40540
11015|36.50|76.50|10540
11015|36.22|75.86|20542
11005|35.42|50.66|30340
11005|35.42|50.81|30341
11005|35.42|51.09|30342
11005|35.42|50.87|30343
11005|35.42|50.75|30344
11005|35.42|50.81|30345
11005|35.42|51.19|30346
11021|35.31|78.49|40600
11016|42.70|68.12|10545
11004|43.79|63.36|20289
11004|43.79|64.92|20290
11004|43.79|61.75|20291
11004|43.79|59.95|20292
11004|43.79|62.92|20293
11004|43.79|63.11|20294
11004|43.79|61.20|20295
11004|43.79|63.06|20296
11015|42.46|68.75|30537
11092|43.21|85.34|41090
11092|51.57|89.31|11001
11085|51.21|74.66|21057
11085|50.71|73.89|21058
11085|50.71|74.16|21057
11085|50.71|73.54|21060
11085|50.71|73.17|21061
11085|51.21|74.04|21060
11085|51.21|74.39|21058
11085|52.62|76.00|31057
11085|52.12|75.39|31058
11085|52.12|75.50|31057
11085|52.12|74.84|31060
11085|52.12|74.49|31061
11085|52.62|75.34|31060
11085|52.62|75.89|31058
11004|51.39|72.80|40297
11004|51.39|72.81|40298
11004|51.39|73.57|40299
11004|51.39|73.68|40300
11004|51.39|73.29|40301
11004|51.39|72.48|40302
11004|51.39|71.80|40303
11004|51.39|74.55|40304
#group_44004_5
97.54
11021|7.42|50.72|10600
11011|7.25|40.33|20498
11085|5.63|17.30|31010
11085|5.63|18.03|31006
11085|5.63|17.38|31007
11085|5.63|16.99|31008
11085|5.63|18.05|31009
11085|5.63|18.00|31005
11011|6.04|39.08|40498
11004|13.65|37.56|10249
11004|13.65|36.34|10250
11004|13.65|37.93|10251
11004|13.65|37.10|10252
11004|13.65|37.40|10253
11004|13.65|37.33|10254
11004|13.65|37.22|10255
11004|13.65|38.14|10256
11003|14.81|38.17|20179
11003|14.81|38.52|20180
11003|14.81|37.15|20181
11003|14.81|39.03|20182
11003|14.81|37.90|20183
11003|14.81|36.85|20184
11003|14.81|40.94|20185
11003|14.81|37.86|20186
11003|14.81|38.44|20187
11016|14.24|50.51|30550
11088|14.39|38.50|41092
11003|20.89|44.24|10179
11003|20.89|44.69|10180
11003|20.89|43.25|10181
11003|20.89|45.20|10182
11003|20.89|44.08|10183
11003|20.89|43.30|10184
11003|20.89|47.42|10185
11003|20.89|43.95|10186
11003|20.89|44.64|10187
11003|21.49|45.78|20206
11003|21.49|45.90|20207
11003|21.49|45.61|20208
11003|21.49|45.75|20209
11003|21.49|45.66|20210
11003|22.99|45.35|20211
11003|22.99|45.28|20212
11003|22.99|45.97|20213
11003|22.99|45.33|20214
11004|21.13|36.24|30273
11004|21.13|36.53|30274
11004|21.13|36.96|30275
11004|21.13|36.71|30276
11004|21.13|36.83|30277
11004|21.13|37.38|30278
11004|21.13|37.08|30279
11004|21.13|37.39|30280
11092|20.70|62.83|41090
11005|29.20|47.93|10333
11005|29.20|47.15|10334
11005|29.20|48.00|10335
11005|29.20|47.35|10336
11005|29.20|48.72|10337
11005|29.20|48.95|10338
11005|29.20|48.04|10339
11092|28.21|50.94|21089
11014|27.37|55.22|30524
11088|27.47|47.83|41095
11011|35.63|69.71|10499
11086|35.01|54.81|21072
11086|35.01|54.92|21069
11086|35.01|55.61|21070
11086|35.01|54.15|21071
11086|35.01|54.81|21072
11086|35.81|54.95|21071
11086|35.71|55.62|21069
11004|36.11|51.22|30273
11004|36.11|51.51|30274
11004|36.11|51.94|30275
11004|36.11|51.69|30276
11004|36.11|51.81|30277
11004|36.11|52.36|30278
11004|36.11|52.06|30279
11004|36.11|52.37|30280
11019|34.80|68.28|40574
11014|42.87|75.24|10532
11004|43.18|58.26|20281
11004|43.18|58.40|20282
11004|43.18|59.17|20283
11004|43.18|59.72|20284
11004|43.18|59.76|20285
11004|43.18|58.80|20286
11004|43.18|59.09|20287
11004|43.18|59.30|20288
11011|42.16|75.31|30498
11092|42.02|79.61|41001
11016|51.14|88.69|10547
11011|49.80|84.11|20499
11016|50.33|89.75|30552
11088|50.24|80.20|41036
11016|57.79|97.54|10552
11011|57.10|85.38|20495
11092|58.78|96.42|31001
11004|58.60|79.87|40233
11004|58.60|79.37|40234
11004|58.60|79.67|40235
11004|58.60|79.39|40236
11004|58.60|79.70|40237
11004|58.60|79.58|40238
11004|58.60|79.92|40239
11004|58.60|79.96|40240
#group_44004_6
97.05
11004|7.42|25.20|10257
11004|8.02|25.65|10258
11004|8.62|26.22|10259
11004|9.22|26.81|10260
11004|9.82|27.47|10261
11004|10.42|28.07|10262
11004|11.02|28.66|10263
11004|11.62|29.26|10264
11014|5.95|34.09|20533
11004|6.00|26.37|30241
11004|6.00|26.56|30242
11004|6.00|25.88|30243
11004|6.00|26.05|30244
11004|6.00|26.62|30245
11004|6.00|27.03|30246
11004|6.00|27.57|30247
11004|6.00|28.53|30248
11004|5.64|27.05|40297
11004|5.64|27.06|40298
11004|5.64|27.82|40299
11004|5.64|27.93|40300
11004|5.64|27.54|40301
11004|5.64|26.73|40302
11004|5.64|26.05|40303
11004|5.64|28.80|40304
11003|13.49|39.42|10215
11003|13.49|39.66|10216
11003|13.49|40.32|10217
11003|13.49|39.66|10218
11003|13.49|39.81|10219
11003|13.49|40.13|10220
11003|13.49|40.17|10221
11003|13.49|41.62|10222
11003|13.49|41.76|10223
11014|13.41|41.55|20533
11021|15.11|44.01|30596
11021|13.45|56.63|40600
11085|21.71|35.38|11004
11085|22.21|35.88|11004
11085|22.71|36.38|11004
11085|23.21|36.88|11004
11085|23.71|37.38|11004
11085|24.21|37.88|11004
11085|24.71|38.38|11004
11085|25.21|38.88|11004
11005|21.60|40.39|20333
11005|21.60|39.43|20334
11005|21.60|40.48|20335
11005|21.60|39.79|20336
11005|21.60|41.19|20337
11005|21.60|41.51|20338
11005|21.60|40.40|20339
11005|21.99|42.00|30326
11005|21.99|40.71|30327
11005|21.99|42.59|30328
11005|21.99|43.09|30329
11005|21.99|45.01|30330
11005|21.99|43.81|30331
11005|21.99|41.52|30332
11015|20.70|53.05|40539
11019|27.35|62.64|10576
11019|28.52|61.86|20574
11018|27.50|62.38|30571
11092|29.12|66.71|41001
11016|36.15|70.00|10551
11005|35.98|51.35|20340
11005|35.98|51.20|20341
11005|35.98|51.51|20342
11005|35.98|51.45|20343
11005|35.98|51.07|20344
11005|35.98|51.37|20345
11005|35.98|51.76|20346
11003|39.39|55.63|30224
11003|39.39|58.03|30225
11003|39.79|57.30|30226
11003|40.39|57.02|30227
11003|40.49|56.26|30228
11003|41.39|56.35|30229
11003|37.39|57.77|30230
11003|40.19|55.62|30231
11003|39.39|55.71|30232
11004|37.31|52.45|40273
11004|37.31|52.75|40274
11004|37.31|53.16|40275
11004|37.31|52.93|40276
11004|37.31|53.03|40277
11004|37.31|53.50|40278
11004|37.31|53.24|40279
11004|37.31|53.55|40280
11003|44.20|67.58|10170
11003|44.20|66.61|10171
11003|44.20|65.71|10172
11003|45.00|66.29|10173
11003|45.00|68.94|10174
11003|45.00|70.06|10175
11003|45.00|71.43|10176
11003|44.20|70.21|10177
11003|45.30|69.95|10178
11011|43.69|71.97|20495
11005|44.65|64.55|30305
11005|44.65|64.45|30306
11005|44.65|64.54|30307
11005|44.65|64.73|30308
11005|44.65|64.97|30309
11005|44.65|64.34|30310
11005|44.65|63.88|30311
11018|44.64|71.12|40567
11092|52.48|75.77|11091
11085|52.64|74.78|21011
11085|52.14|73.95|21012
11085|52.14|75.45|21013
11085|53.14|73.83|21014
11085|52.14|74.38|21015
11085|52.14|75.18|21016
11085|52.14|75.71|21017
11088|50.82|75.93|31035
11019|51.97|90.32|40583
11019|57.67|87.76|10577
11011|57.92|90.20|20503
11085|58.26|69.93|31010
11085|58.26|70.66|31006
11085|58.26|70.01|31007
11085|58.26|69.62|31008
11085|58.26|70.68|31009
11085|58.26|70.63|31005
11016|57.97|97.05|40552
#group_44004_7
83.38
11005|6.28|24.19|10312
11005|6.28|24.95|10313
11005|6.28|24.74|10314
11005|6.28|30.27|10315
11005|6.28|27.13|10316
11005|6.28|24.43|10317
11005|6.28|24.25|10318
11015|6.01|54.98|20541
11021|6.01|45.83|30599
11015|6.31|30.36|40534
11086|14.23|24.16|11062
11086|15.03|24.96|11062
11086|15.83|25.76|11062
11086|16.63|26.56|11062
11086|17.43|27.36|11062
11086|18.23|28.16|11062
11085|13.94|30.99|21051
11085|13.44|31.08|21047
11085|13.94|30.56|21050
11085|13.44|30.38|21048
11085|13.74|30.86|21049
11085|14.44|31.38|21048
11085|14.24|31.88|21047
11086|14.55|32.71|31019
11086|14.55|32.96|31020
11086|14.55|31.87|31021
11086|14.55|34.21|31022
11086|14.55|34.00|31023
11086|13.35|23.79|41063
11086|13.35|23.70|41064
11086|13.35|23.79|41065
11086|13.35|23.61|41066
11086|13.35|23.78|41067
11016|22.33|57.43|10553
11005|22.33|37.70|20340
11005|22.33|37.55|20341
11005|22.33|37.86|20342
11005|22.33|37.80|20343
11005|22.33|37.42|20344
11005|22.33|37.72|20345
11005|22.33|38.11|20346
11085|21.95|40.83|31052
11085|21.65|40.14|31053
11085|22.15|39.68|31054
11085|21.65|42.98|31055
11085|22.15|40.64|31056
11085|22.45|41.33|31052
11085|22.65|41.14|31056
11085|22.65|40.18|31054
11021|21.53|58.61|40602
11086|30.37|50.15|11072
11086|30.37|50.29|11069
11086|30.37|50.94|11070
11086|30.37|49.45|11071
11086|30.37|50.15|11072
11086|31.17|50.25|11071
11086|31.07|50.99|11069
11086|29.30|38.05|21018
11086|30.10|38.85|21018
11086|30.90|39.65|21018
11086|31.70|40.45|21018
11086|32.50|41.25|21018
11086|33.30|42.05|21018
11086|34.10|42.85|21018
11086|34.90|43.65|21018
11086|35.70|44.45|21018
11086|36.50|45.25|21018
11019|29.97|68.10|30583
11003|30.02|53.67|40179
11003|30.02|54.13|40180
11003|30.02|52.29|40181
11003|30.02|54.53|40182
11003|30.02|53.17|40183
11003|30.02|52.11|40184
11003|30.02|56.10|40185
11003|30.02|53.04|40186
11003|30.02|53.76|40187
11004|37.82|58.96|10241
11004|37.82|58.72|10242
11004|37.82|58.03|10243
11004|37.82|58.24|10244
11004|37.82|59.28|10245
11004|37.82|59.82|10246
11004|37.82|60.69|10247
11004|37.82|60.79|10248
11085|38.20|54.64|21042
11085|38.20|54.77|21043
11085|38.70|55.18|21044
11085|38.20|54.85|21045
11085|38.70|55.13|21046
11004|37.49|58.81|30297
11004|37.49|58.98|30298
11004|37.49|59.61|30299
11004|37.49|59.73|30300
11004|37.49|59.12|30301
11004|37.49|58.55|30302
11004|37.49|57.88|30303
11004|37.49|60.59|30304
11004|37.63|55.62|40265
11004|37.63|55.16|40266
11004|37.63|55.85|40267
11004|37.63|56.26|40268
11004|37.63|56.95|40269
11004|37.63|56.79|40270
11004|37.63|56.40|40271
11004|37.63|55.73|40272
11011|45.28|75.56|10494
11086|46.26|55.01|21018
11086|47.06|55.81|21018
11086|47.86|56.61|21018
11086|48.66|57.41|21018
11086|49.46|58.21|21018
11086|50.26|59.01|21018
11086|51.06|59.81|21018
11086|51.86|60.61|21018
11086|52.66|61.41|21018
11086|53.46|62.21|21018
11011|46.82|79.32|30503
11004|45.03|60.17|40281
11004|45.03|60.47|40282
11004|45.03|60.77|40283
11004|45.03|61.66|40284
11004|45.03|61.79|40285
11004|45.03|60.66|40286
11004|45.03|60.97|40287
11004|45.03|60.86|40288
11004|52.83|71.28|10265
11004|52.83|70.38|10266
11004|52.83|71.23|10267
11004|52.83|71.72|10268
11004|52.83|72.40|10269
11004|52.83|72.21|10270
11004|52.83|71.56|10271
11004|52.83|70.61|10272
11005|53.05|66.89|20319
11005|53.70|67.50|20320
11005|54.35|68.16|20321
11005|55.00|68.80|20322
11005|55.65|69.51|20323
11005|56.30|70.16|20324
11005|56.95|70.64|20325
11019|52.84|83.38|30577
11003|52.68|78.67|40215
11003|52.68|78.88|40216
11003|52.68|79.53|40217
11003|52.68|78.80|40218
11003|52.68|79.03|40219
11003|52.68|79.29|40220
11003|52.68|79.30|40221
11003|52.68|81.02|40222
11003|52.68|81.09|40223
#group_44004_8
86.69
11011|5.81|30.92|10497
11015|5.70|54.67|20541
11011|6.13|50.88|30500
11011|5.81|38.06|40503
11004|14.35|35.49|10241
11004|14.35|35.25|10242
11004|14.35|34.56|10243
11004|14.35|34.77|10244
11004|14.35|35.81|10245
11004|14.35|36.35|10246
11004|14.35|37.22|10247
11004|14.35|37.32|10248
11011|14.01|46.29|20503
11003|13.12|36.72|30179
11003|13.12|37.14|30180
11003|13.12|35.45|30181
11003|13.12|37.56|30182
11003|13.12|36.27|30183
11003|13.12|35.20|30184
11003|13.12|39.26|30185
11003|13.12|36.10|30186
11003|13.12|36.83|30187
11085|13.60|30.02|41042
11085|13.60|30.13|41043
11085|14.10|30.60|41044
11085|13.60|30.38|41045
11085|14.10|30.60|41046
11014|20.11|48.31|10533
11003|23.45|39.57|20224
11003|23.45|41.99|20225
11003|23.85|41.39|20226
11003|24.45|41.04|20227
11003|24.55|40.27|20228
11003|25.45|40.48|20229
11003|21.45|41.26|20230
11003|24.25|39.69|20231
11003|23.45|39.62|20232
11016|20.80|50.63|30548
11005|20.69|42.06|40347
11005|20.69|43.36|40348
11005|20.69|42.02|40349
11005|20.69|41.43|40350
11005|20.69|43.00|40351
11005|20.69|44.06|40352
11005|20.69|42.68|40353
11014|28.99|50.91|10531
11005|29.01|47.28|20312
11005|29.01|47.65|20313
11005|29.01|47.58|20314
11005|29.01|52.58|20315
11005|29.01|49.91|20316
11005|29.01|47.65|20317
11005|29.01|47.21|20318
11019|27.80|63.41|30579
11019|27.96|86.69|40575
11092|34.87|80.22|11003
11015|35.63|61.78|20537
11014|36.71|65.39|30533
11085|35.71|52.76|41051
11085|35.21|52.79|41047
11085|35.71|52.32|41050
11085|35.21|52.08|41048
11085|35.51|52.58|41049
11085|36.21|53.08|41048
11085|36.01|53.59|41047
11005|42.77|56.57|10319
11005|43.42|57.17|10320
11005|44.07|57.86|10321
11005|44.72|58.54|10322
11005|45.37|59.12|10323
11005|46.02|59.75|10324
11005|46.67|60.40|10325
11003|42.62|61.46|20161
11003|42.62|60.50|20162
11003|42.62|61.98|20163
11003|43.42|61.69|20164
11003|43.02|62.73|20165
11003|42.02|60.27|20166
11003|42.02|60.15|20167
11003|42.02|62.11|20168
11003|42.02|62.11|20169
11014|41.95|84.32|30529
11004|42.72|66.63|40249
11004|42.72|65.41|40250
11004|42.72|67.00|40251
11004|42.72|66.17|40252
11004|42.72|66.47|40253
11004|42.72|66.40|40254
11004|42.72|66.29|40255
11004|42.72|67.21|40256
11011|50.41|78.66|10495
11014|51.14|72.98|20531
11086|51.08|59.83|31018
11086|51.88|60.63|31018
11086|52.68|61.43|31018
11086|53.48|62.23|31018
11086|54.28|63.03|31018
11086|55.08|63.83|31018
11086|55.88|64.63|31018
11086|56.68|65.43|31018
11086|57.48|66.23|31018
11086|58.28|67.03|31018
11005|51.22|71.24|40326
11005|51.22|70.03|40327
11005|51.22|72.26|40328
11005|51.22|72.08|40329
11005|51.22|74.29|40330
11005|51.22|72.90|40331
11005|51.22|70.34|40332
11014|57.42|79.34|10531
11003|58.44|82.73|20206
11003|58.44|82.85|20207
11003|58.44|82.56|20208
11003|58.44|82.70|20209
11003|58.44|82.61|20210
11003|59.94|82.30|20211
11003|59.94|82.23|20212
11003|59.94|82.92|20213
11003|59.94|82.28|20214
11005|58.33|73.57|30340
11005|58.33|73.72|30341
11005|58.33|74.00|30342
11005|58.33|73.78|30343
11005|58.33|73.66|30344
11005|58.33|73.72|30345
11005|58.33|74.10|30346
11003|58.79|82.44|40179
11003|58.79|82.90|40180
11003|58.79|81.06|40181
11003|58.79|83.30|40182
11003|58.79|81.94|40183
11003|58.79|80.88|40184
11003|58.79|84.87|40185
11003|58.79|81.81|40186
11003|58.79|82.53|40187
#group_44004_9
132.21
11088|6.09|26.48|11093
11011|6.77|43.32|20496
11011|5.78|33.81|30495
11086|8.13|19.29|41073
11086|8.93|20.09|41073
11086|9.73|20.89|41073
11086|10.53|21.69|41073
11086|11.33|22.49|41073
11086|11.93|23.09|41073
11086|12.53|23.69|41073
11019|13.71|52.22|10583
11086|15.28|26.49|21073
11086|16.08|27.29|21073
11086|16.88|28.09|21073
11086|17.68|28.89|21073
11086|18.48|29.69|21073
11086|19.08|30.29|21073
11086|19.68|30.89|21073
11016|13.72|46.69|30546
11085|13.94|32.75|41052
11085|13.64|32.46|41053
11085|14.14|31.64|41054
11085|13.64|35.28|41055
11085|14.14|32.58|41056
11085|14.44|33.25|41052
11085|14.64|33.08|41056
11085|14.64|32.14|41054
11085|22.56|41.41|11052
11085|22.26|40.89|11053
11085|22.76|40.40|11054
11085|22.26|43.43|11055
11085|22.76|41.22|11056
11085|23.06|41.91|11052
11085|23.26|41.72|11056
11085|23.26|40.90|11054
11015|22.51|48.00|20536
11016|21.56|60.73|30547
11015|23.17|62.29|40542
11085|30.31|46.73|11042
11085|30.31|46.85|11043
11085|30.81|47.41|11044
11085|30.31|47.00|11045
11085|30.81|47.26|11046
11005|30.12|45.49|20340
11005|30.12|45.34|20341
11005|30.12|45.65|20342
11005|30.12|45.59|20343
11005|30.12|45.21|20344
11005|30.12|45.51|20345
11005|30.12|45.90|20346
11086|30.79|42.56|31026
11086|30.79|42.87|31027
11086|30.79|43.03|31028
11086|30.79|41.65|31029
11086|30.79|42.32|31030
11086|30.79|41.65|31029
11005|31.25|51.27|40326
11005|31.25|50.06|40327
11005|31.25|52.29|40328
11005|31.25|52.11|40329
11005|31.25|54.32|40330
11005|31.25|52.93|40331
11005|31.25|50.37|40332
11004|38.28|59.42|10241
11004|38.28|59.18|10242
11004|38.28|58.49|10243
11004|38.28|58.70|10244
11004|38.28|59.74|10245
11004|38.28|60.28|10246
11004|38.28|61.15|10247
11004|38.28|61.25|10248
11003|39.96|65.95|20215
11003|39.96|66.12|20216
11003|39.96|66.76|20217
11003|39.96|66.16|20218
11003|39.96|66.41|20219
11003|39.96|66.53|20220
11003|39.96|66.61|20221
11003|39.96|68.25|20222
11003|39.96|68.34|20223
11005|39.66|60.99|30347
11005|39.66|62.24|30348
11005|39.66|61.07|30349
11005|39.66|60.38|30350
11005|39.66|61.97|30351
11005|39.66|62.63|30352
11005|39.66|62.05|30353
11016|38.45|78.84|40547
11014|45.76|88.11|10529
11085|46.57|65.45|21052
11085|46.27|64.98|21053
11085|46.77|64.16|21054
11085|46.27|67.13|21055
11085|46.77|65.19|21056
11085|47.07|65.95|21052
11085|47.27|65.69|21056
11085|47.27|64.66|21054
11021|45.54|74.53|30595
11004|46.90|62.04|40273
11004|46.90|62.34|40274
11004|46.90|62.75|40275
11004|46.90|62.52|40276
11004|46.90|62.62|40277
11004|46.90|63.09|40278
11004|46.90|62.83|40279
11004|46.90|63.14|40280
11004|53.10|70.88|10257
11004|53.70|71.33|10258
11004|54.30|71.90|10259
11004|54.90|72.49|10260
11004|55.50|73.15|10261
11004|56.10|73.75|10262
11004|56.70|74.34|10263
11004|57.30|74.94|10264
11092|54.54|132.21|21088
11021|54.09|86.33|30601
