#group_44005_1
107.11
11086|4.92|14.85|11062
11086|5.72|15.65|11062
11086|6.52|16.45|11062
11086|7.32|17.25|11062
11086|8.12|18.05|11062
11086|8.92|18.85|11062
11086|5.73|17.58|21026
11086|5.73|17.82|21027
11086|5.73|17.95|21028
11086|5.73|16.59|21029
11086|5.73|17.26|21030
11086|5.73|16.59|21029
11014|4.81|37.13|30532
11014|5.63|27.81|40531
11006|11.89|31.22|10378
11006|11.89|31.78|10379
11006|11.89|31.52|10380
11006|11.89|31.35|10381
11006|11.89|28.82|10382
11006|11.89|31.58|10383
11085|10.69|32.83|21011
11085|10.19|32.00|21012
11085|10.19|33.50|21013
11085|11.19|31.88|21014
11085|10.19|32.43|21015
11085|10.19|33.23|21016
11085|10.19|33.76|21017
11014|12.01|57.50|30528
11085|10.67|22.32|41010
11085|10.67|23.06|41006
11085|10.67|22.38|41007
11085|10.67|22.01|41008
11085|10.67|23.10|41009
11085|10.67|23.06|41005
11087|18.87|37.73|11100
11089|18.21|34.82|21083
11023|18.17|40.33|30614
11006|17.97|36.75|40372
11006|17.97|36.88|40373
11006|17.97|37.21|40374
11006|17.97|37.45|40375
11006|17.97|36.38|40376
11006|17.97|36.53|40377
11013|25.30|64.79|10519
11006|25.21|45.97|20384
11006|25.91|46.69|20385
11006|26.61|47.32|20386
11006|27.31|48.04|20387
11006|28.01|48.72|20388
11006|28.71|49.50|20389
11085|26.38|45.26|31052
11085|26.08|44.57|31053
11085|26.58|44.11|31054
11085|26.08|47.41|31055
11085|26.58|45.07|31056
11085|26.88|45.76|31052
11085|27.08|45.57|31056
11085|27.08|44.61|31054
11006|25.63|51.40|40354
11006|25.63|50.86|40355
11006|25.63|51.56|40356
11006|25.63|50.39|40357
11006|25.63|51.58|40358
11006|25.63|51.21|40359
11023|32.26|54.51|10620
11023|31.24|54.90|20623
11013|32.14|72.81|30519
11087|32.80|52.99|41098
11014|38.75|66.95|10533
11005|38.55|53.92|20340
11005|38.55|53.77|20341
11005|38.55|54.08|20342
11005|38.55|54.02|20343
11005|38.55|53.64|20344
11005|38.55|53.94|20345
11005|38.55|54.33|20346
11013|38.66|84.23|30522
11012|39.37|89.98|40507
11016|45.24|81.48|10550
11087|44.54|64.43|21034
11086|45.27|55.22|31062
11086|46.07|56.02|31062
11086|46.87|56.82|31062
11086|47.67|57.62|31062
11086|48.47|58.42|31062
11086|49.27|59.22|31062
11013|43.63|66.91|40521
11085|49.49|68.34|11052
11085|49.19|67.82|11053
11085|49.69|67.33|11054
11085|49.19|70.36|11055
11085|49.69|68.15|11056
11085|49.99|68.84|11052
11085|50.19|68.65|11056
11085|50.19|67.83|11054
11087|49.88|68.40|21032
11012|50.15|85.27|30506
11086|49.88|58.59|41018
11086|50.68|59.39|41018
11086|51.48|60.19|41018
11086|52.28|60.99|41018
11086|53.08|61.79|41018
11086|53.88|62.59|41018
11086|54.68|63.39|41018
11086|55.48|64.19|41018
11086|56.28|64.99|41018
11086|57.08|65.79|41018
11016|54.75|88.60|10551
11014|55.04|83.18|20533
11012|56.52|107.11|30507
11085|56.58|78.81|41011
11085|56.08|77.84|41012
11085|56.08|79.06|41013
11085|57.08|78.01|41014
11085|56.08|78.35|41015
11085|56.08|78.98|41016
11085|56.08|79.44|41017
#group_44005_10
101.06
11087|6.04|25.87|11034
11089|5.84|22.13|21081
11086|4.80|24.69|31072
11086|4.80|24.82|31069
11086|4.80|25.50|31070
11086|4.80|23.98|31071
11086|4.80|24.69|31072
11086|5.60|24.78|31071
11086|5.50|25.52|31069
11007|6.02|26.04|40406
11007|6.02|26.25|40407
11007|6.02|25.65|40408
11007|6.02|25.46|40409
11007|6.02|25.51|40410
11014|12.43|57.89|10528
11006|11.33|32.09|20384
11006|12.03|32.81|20385
11006|12.73|33.44|20386
11006|13.43|34.16|20387
11006|14.13|34.84|20388
11006|14.83|35.62|20389
11013|12.77|44.65|30523
11020|12.35|30.83|40587
11023|18.33|52.41|10622
11006|16.76|37.07|20360
11006|16.76|36.73|20361
11006|16.76|37.53|20362
11006|16.76|36.62|20363
11006|16.76|35.93|20364
11006|16.76|35.73|20365
11089|16.81|33.37|31083
11085|17.45|33.87|41042
11085|17.45|33.98|41043
11085|17.95|34.45|41044
11085|17.45|34.23|41045
11085|17.95|34.45|41046
11087|22.48|42.31|11034
11016|23.39|53.95|20545
11005|22.72|44.05|30347
11005|22.72|45.30|30348
11005|22.72|44.13|30349
11005|22.72|43.44|30350
11005|22.72|45.03|30351
11005|22.72|45.69|30352
11005|22.72|45.11|30353
11022|23.52|73.12|40611
11086|29.03|37.78|11018
11086|29.83|38.58|11018
11086|30.63|39.38|11018
11086|31.43|40.18|11018
11086|32.23|40.98|11018
11086|33.03|41.78|11018
11086|33.83|42.58|11018
11086|34.63|43.38|11018
11086|35.43|44.18|11018
11086|36.23|44.98|11018
11089|28.66|66.65|21037
11087|29.90|46.21|31097
11012|29.60|68.29|40513
11022|35.20|84.76|10611
11086|34.46|44.45|21062
11086|35.26|45.25|21062
11086|36.06|46.05|21062
11086|36.86|46.85|21062
11086|37.66|47.65|21062
11086|38.46|48.45|21062
11085|36.26|53.33|31051
11085|35.76|53.35|31047
11085|36.26|52.89|31050
11085|35.76|52.71|31048
11085|36.06|53.17|31049
11085|36.76|53.71|31048
11085|36.56|54.15|31047
11016|34.46|61.83|40544
11086|41.26|51.19|11062
11086|42.06|51.99|11062
11086|42.86|52.79|11062
11086|43.66|53.59|11062
11086|44.46|54.39|11062
11086|45.26|55.19|11062
11020|42.30|61.42|20584
11007|41.61|71.62|30396
11007|41.61|67.60|30397
11007|41.61|79.20|30398
11007|41.61|74.76|30399
11007|41.61|68.12|30400
11085|41.99|64.22|41011
11085|41.49|63.25|41012
11085|41.49|64.47|41013
11085|42.49|63.42|41014
11085|41.49|63.76|41015
11085|41.49|64.39|41016
11085|41.49|64.85|41017
11089|47.08|63.57|11083
11022|47.86|97.31|20611
11020|48.06|67.96|30593
11012|48.52|81.75|40505
11013|54.28|93.77|10519
11014|55.32|101.06|20528
11022|54.91|95.65|30613
11012|54.56|89.55|40506
#group_44005_11
83.91
11020|6.40|27.98|10589
11087|5.61|21.91|21097
11016|6.27|45.44|30547
11006|5.70|25.91|40390
11006|5.70|25.33|40391
11006|5.70|26.39|40392
11006|5.70|26.14|40393
11006|5.70|25.09|40394
11006|5.70|25.48|40395
11086|13.56|33.34|11072
11086|13.56|33.48|11069
11086|13.56|34.13|11070
11086|13.56|32.64|11071
11086|13.56|33.34|11072
11086|14.36|33.44|11071
11086|14.26|34.18|11069
11089|12.11|28.72|21083
11007|13.72|33.59|30411
11007|13.72|33.56|30412
11007|13.72|32.82|30413
11007|13.72|34.13|30414
11007|13.72|30.49|30415
11085|12.90|29.32|41042
11085|12.90|29.43|41043
11085|13.40|29.90|41044
11085|12.90|29.68|41045
11085|13.40|29.90|41046
11005|18.67|37.40|10333
11005|18.67|36.62|10334
11005|18.67|37.47|10335
11005|18.67|36.82|10336
11005|18.67|38.19|10337
11005|18.67|38.42|10338
11005|18.67|37.51|10339
11023|17.96|40.16|20614
11012|18.79|55.36|30512
11086|18.73|30.50|41026
11086|18.73|30.84|41027
11086|18.73|31.02|41028
11086|18.73|29.49|41029
11086|18.73|30.26|41030
11086|18.73|29.49|41029
11087|26.02|44.51|11032
11087|24.05|42.57|21032
11085|24.89|43.77|31052
11085|24.59|43.08|31053
11085|25.09|42.62|31054
11085|24.59|45.92|31055
11085|25.09|43.58|31056
11085|25.39|44.27|31052
11085|25.59|44.08|31056
11085|25.59|43.12|31054
11086|25.57|45.49|41072
11086|25.57|45.60|41069
11086|25.57|46.18|41070
11086|25.57|44.68|41071
11086|25.57|45.49|41072
11086|26.37|45.48|41071
11086|26.27|46.30|41069
11012|31.51|63.40|10504
11005|31.07|49.86|20333
11005|31.07|48.90|20334
11005|31.07|49.95|20335
11005|31.07|49.26|20336
11005|31.07|50.66|20337
11005|31.07|50.98|20338
11005|31.07|49.87|20339
11005|31.58|51.59|30326
11005|31.58|50.30|30327
11005|31.58|52.18|30328
11005|31.58|52.68|30329
11005|31.58|54.60|30330
11005|31.58|53.40|30331
11005|31.58|51.11|30332
11089|31.18|69.19|41037
11013|37.89|69.32|10517
11006|38.44|57.20|20372
11006|38.44|57.35|20373
11006|38.44|57.69|20374
11006|38.44|57.86|20375
11006|38.44|56.79|20376
11006|38.44|57.07|20377
11085|37.31|54.38|31051
11085|36.81|54.40|31047
11085|37.31|53.94|31050
11085|36.81|53.76|31048
11085|37.11|54.22|31049
11085|37.81|54.76|31048
11085|37.61|55.20|31047
11086|38.11|58.03|41072
11086|38.11|58.14|41069
11086|38.11|58.72|41070
11086|38.11|57.22|41071
11086|38.11|58.03|41072
11086|38.91|58.02|41071
11086|38.81|58.84|41069
11087|45.33|61.48|11099
11007|44.85|74.31|20396
11007|44.85|70.84|20397
11007|44.85|81.37|20398
11007|44.85|78.42|20399
11007|44.85|71.39|20400
11085|45.43|64.31|31052
11085|45.13|63.62|31053
11085|45.63|63.16|31054
11085|45.13|66.46|31055
11085|45.63|64.12|31056
11085|45.93|64.81|31052
11085|46.13|64.62|31056
11085|46.13|63.66|31054
11086|45.37|63.56|41019
11086|45.37|63.76|41020
11086|45.37|62.72|41021
11086|45.37|64.85|41022
11086|45.37|64.76|41023
11007|51.45|75.47|10401
11007|51.45|77.54|10402
11007|51.45|76.87|10403
11007|51.45|76.96|10404
11007|51.45|76.15|10405
11016|51.00|81.92|20549
11012|51.00|82.38|30504
11013|51.65|74.93|40521
11089|59.44|75.93|11083
11087|59.20|77.72|21032
11014|58.98|83.41|30525
11091|58.37|83.91|41041
#group_44005_12
78.82
11016|6.44|31.86|10545
11013|5.86|43.49|20520
11023|4.76|29.68|30617
11005|5.64|19.40|40319
11005|6.29|20.08|40320
11005|6.94|20.71|40321
11005|7.59|21.27|40322
11005|8.24|21.95|40323
11005|8.89|22.60|40324
11005|9.54|23.27|40325
11085|12.36|24.01|11010
11085|12.36|24.75|11006
11085|12.36|24.08|11007
11085|12.36|23.72|11008
11085|12.36|24.78|11009
11085|12.36|24.80|11005
11007|13.13|39.60|20416
11007|13.13|36.97|20417
11007|13.13|42.50|20418
11007|13.13|41.71|20419
11007|13.13|40.88|20420
11013|13.60|51.10|30520
11089|12.06|28.35|41081
11014|19.56|58.54|10527
11016|19.02|59.28|20552
11016|19.47|49.67|30549
11087|20.34|40.22|41034
11086|26.96|45.25|11019
11086|26.96|45.53|11020
11086|26.96|44.44|11021
11086|26.96|46.54|11022
11086|26.96|46.48|11023
11086|27.71|37.70|21062
11086|28.51|38.50|21062
11086|29.31|39.30|21062
11086|30.11|40.10|21062
11086|30.91|40.90|21062
11086|31.71|41.70|21062
11089|27.14|43.70|31083
11087|27.12|43.26|41099
11013|33.76|72.13|10520
11007|34.83|54.92|20406
11007|34.83|55.04|20407
11007|34.83|54.44|20408
11007|34.83|54.23|20409
11007|34.83|54.27|20410
11006|33.36|54.08|30384
11006|34.06|54.83|30385
11006|34.76|55.52|30386
11006|35.46|56.17|30387
11006|36.16|56.86|30388
11006|36.86|57.60|30389
11087|32.99|53.18|41098
11006|40.14|58.84|10366
11006|40.14|58.38|10367
11006|40.14|58.53|10368
11006|40.14|58.90|10369
11006|40.14|58.42|10370
11006|40.14|58.21|10371
11016|39.74|69.88|20548
11007|40.01|60.18|30421
11007|40.01|59.69|30422
11007|40.01|59.09|30423
11007|40.01|58.63|30424
11007|40.01|58.51|30425
11087|39.24|57.92|41033
11020|46.28|64.17|10585
11086|45.83|55.82|21062
11086|46.63|56.62|21062
11086|47.43|57.42|21062
11086|48.23|58.22|21062
11086|49.03|59.02|21062
11086|49.83|59.82|21062
11013|46.12|73.35|30514
11007|45.64|69.50|40401
11007|45.64|71.89|40402
11007|45.64|71.11|40403
11007|45.64|71.08|40404
11007|45.64|70.37|40405
11020|51.25|69.14|10585
11013|51.75|78.82|20514
11005|51.45|66.69|30340
11005|51.45|66.84|30341
11005|51.45|67.12|30342
11005|51.45|66.90|30343
11005|51.45|66.78|30344
11005|51.45|66.84|30345
11005|51.45|67.22|30346
11086|50.30|60.74|41063
11086|50.30|60.65|41064
11086|50.30|60.74|41065
11086|50.30|60.56|41066
11086|50.30|60.73|41067
11086|56.50|68.36|11026
11086|56.50|68.62|11027
11086|56.50|68.81|11028
11086|56.50|67.39|11029
11086|56.50|68.03|11030
11086|56.50|67.39|11029
11006|56.20|76.58|20390
11006|56.20|75.99|20391
11006|56.20|77.05|20392
11006|56.20|76.60|20393
11006|56.20|75.73|20394
11006|56.20|76.02|20395
11020|57.46|77.51|30586
11086|56.83|76.75|41072
11086|56.83|76.86|41069
11086|56.83|77.44|41070
11086|56.83|75.94|41071
11086|56.83|76.75|41072
11086|57.63|76.74|41071
11086|57.53|77.56|41069
#group_44005_13
101.48
11085|5.33|27.48|11011
11085|4.83|26.80|11012
11085|4.83|28.16|11013
11085|5.83|26.67|11014
11085|4.83|27.03|11015
11085|4.83|27.85|11016
11085|4.83|28.21|11017
11013|5.05|35.52|20515
11013|5.84|29.15|30521
11006|5.16|30.93|40354
11006|5.16|30.39|40355
11006|5.16|31.09|40356
11006|5.16|29.92|40357
11006|5.16|31.11|40358
11006|5.16|30.74|40359
11005|11.84|29.75|10312
11005|11.84|30.51|10313
11005|11.84|30.30|10314
11005|11.84|35.83|10315
11005|11.84|32.69|10316
11005|11.84|29.99|10317
11005|11.84|29.81|10318
11005|11.30|25.14|20319
11005|11.95|25.75|20320
11005|12.60|26.41|20321
11005|13.25|27.05|20322
11005|13.90|27.76|20323
11005|14.55|28.41|20324
11005|15.20|28.89|20325
11013|12.89|40.23|30516
11022|11.76|52.62|40613
11085|19.84|38.69|11052
11085|19.54|38.17|11053
11085|20.04|37.68|11054
11085|19.54|40.71|11055
11085|20.04|38.50|11056
11085|20.34|39.19|11052
11085|20.54|39.00|11056
11085|20.54|38.18|11054
11016|19.47|52.42|20546
11014|18.23|46.08|30524
11013|19.18|49.98|40515
11013|24.03|53.76|10515
11013|24.43|52.11|20516
11005|24.86|44.76|30305
11005|24.86|44.66|30306
11005|24.86|44.75|30307
11005|24.86|44.94|30308
11005|24.86|45.18|30309
11005|24.86|44.55|30310
11005|24.86|44.09|30311
11087|24.80|43.48|41033
11007|32.45|52.54|10406
11007|32.45|52.70|10407
11007|32.45|52.19|10408
11007|32.45|51.83|10409
11007|32.45|51.87|10410
11012|30.83|62.34|20504
11006|32.36|51.11|30366
11006|32.36|50.43|30367
11006|32.36|50.65|30368
11006|32.36|51.06|30369
11006|32.36|50.91|30370
11006|32.36|50.47|30371
11086|31.75|42.91|41073
11086|32.55|43.71|41073
11086|33.35|44.51|41073
11086|34.15|45.31|41073
11086|34.95|46.11|41073
11086|35.55|46.71|41073
11086|36.15|47.31|41073
11005|38.89|54.16|10340
11005|38.89|54.26|10341
11005|38.89|54.50|10342
11005|38.89|54.35|10343
11005|38.89|54.11|10344
11005|38.89|54.35|10345
11005|38.89|54.64|10346
11014|38.86|71.14|20530
11006|38.40|64.60|30354
11006|38.40|63.68|30355
11006|38.40|64.08|30356
11006|38.40|63.19|30357
11006|38.40|64.41|30358
11006|38.40|63.93|30359
11006|38.75|58.09|40378
11006|38.75|58.98|40379
11006|38.75|58.40|40380
11006|38.75|58.43|40381
11006|38.75|55.57|40382
11006|38.75|58.84|40383
11086|45.81|65.59|11072
11086|45.81|65.73|11069
11086|45.81|66.38|11070
11086|45.81|64.89|11071
11086|45.81|65.59|11072
11086|46.61|65.69|11071
11086|46.51|66.43|11069
11007|45.93|75.39|20396
11007|45.93|71.92|20397
11007|45.93|82.45|20398
11007|45.93|79.50|20399
11007|45.93|72.47|20400
11006|44.27|64.63|30360
11006|44.27|64.33|30361
11006|44.27|64.62|30362
11006|44.27|64.14|30363
11006|44.27|63.36|30364
11006|44.27|63.23|30365
11016|45.45|78.24|40546
11005|50.34|71.61|10347
11005|50.34|72.99|10348
11005|50.34|71.60|10349
11005|50.34|71.03|10350
11005|50.34|72.63|10351
11005|50.34|73.73|10352
11005|50.34|72.72|10353
11013|50.14|95.91|20522
11023|50.37|74.55|30615
11085|49.99|66.41|41042
11085|49.99|66.52|41043
11085|50.49|66.99|41044
11085|49.99|66.77|41045
11085|50.49|66.99|41046
11089|56.60|94.56|11037
11012|56.93|95.00|20513
11014|55.99|101.48|30528
11085|57.66|79.89|41011
11085|57.16|78.92|41012
11085|57.16|80.14|41013
11085|58.16|79.09|41014
11085|57.16|79.43|41015
11085|57.16|80.06|41016
11085|57.16|80.52|41017
#group_44005_14
96.19
11085|5.52|28.86|11057
11085|5.02|27.89|11058
11085|5.02|28.36|11057
11085|5.02|27.70|11060
11085|5.02|27.34|11061
11085|5.52|28.20|11060
11085|5.52|28.39|11058
11005|6.36|26.52|20326
11005|6.36|25.27|20327
11005|6.36|27.06|20328
11005|6.36|27.38|20329
11005|6.36|30.32|20330
11005|6.36|27.82|20331
11005|6.36|25.46|20332
11020|5.19|28.58|30588
11006|5.82|26.47|40384
11006|6.52|27.29|40385
11006|7.22|27.95|40386
11006|7.92|28.64|40387
11006|8.62|29.29|40388
11006|9.32|30.03|40389
11006|12.51|31.84|10378
11006|12.51|32.40|10379
11006|12.51|32.14|10380
11006|12.51|31.97|10381
11006|12.51|29.44|10382
11006|12.51|32.20|10383
11012|11.36|46.51|20506
11013|11.31|43.19|30523
11020|12.15|26.72|40591
11016|18.45|53.55|10553
11007|18.84|48.30|20396
11007|18.84|44.83|20397
11007|18.84|55.36|20398
11007|18.84|52.41|20399
11007|18.84|45.38|20400
11005|19.10|33.04|30319
11005|19.75|33.57|30320
11005|20.40|34.19|30321
11005|21.05|34.98|30322
11005|21.70|35.40|30323
11005|22.35|36.17|30324
11005|23.00|36.81|30325
11007|19.36|39.21|40411
11007|19.36|39.25|40412
11007|19.36|38.36|40413
11007|19.36|39.90|40414
11007|19.36|36.13|40415
11006|23.94|44.19|10360
11006|23.94|43.92|10361
11006|23.94|44.62|10362
11006|23.94|43.73|10363
11006|23.94|43.09|10364
11006|23.94|43.01|10365
11012|24.81|57.20|20505
11006|25.70|44.39|30372
11006|25.70|44.56|30373
11006|25.70|44.90|30374
11006|25.70|45.09|30375
11006|25.70|44.04|30376
11006|25.70|44.29|30377
11087|25.52|45.40|41034
11012|31.35|64.03|10505
11013|32.64|63.11|20515
11022|32.34|70.82|30610
11013|31.24|76.97|40522
11005|38.79|58.70|10305
11005|38.79|58.63|10306
11005|38.79|58.78|10307
11005|38.79|58.91|10308
11005|38.79|59.25|10309
11005|38.79|58.51|10310
11005|38.79|57.98|10311
11014|38.81|60.65|20531
11085|37.69|51.11|31004
11085|38.19|51.61|31004
11085|38.69|52.11|31004
11085|39.19|52.61|31004
11085|39.69|53.11|31004
11085|40.19|53.61|31004
11085|40.69|54.11|31004
11085|41.19|54.61|31004
11016|38.25|73.33|40553
11006|45.80|64.58|10372
11006|45.80|64.74|10373
11006|45.80|65.11|10374
11006|45.80|65.19|10375
11006|45.80|64.13|10376
11006|45.80|64.45|10377
11006|45.79|66.55|20384
11006|46.49|67.27|20385
11006|47.19|67.90|20386
11006|47.89|68.62|20387
11006|48.59|69.30|20388
11006|49.29|70.08|20389
11007|45.82|65.95|30406
11007|45.82|66.07|30407
11007|45.82|65.48|30408
11007|45.82|65.25|30409
11007|45.82|65.31|30410
11006|45.84|64.51|40366
11006|45.84|63.95|40367
11006|45.84|64.15|40368
11006|45.84|64.36|40369
11006|45.84|64.12|40370
11006|45.84|63.90|40371
11007|50.31|70.74|10421
11007|50.31|70.15|10422
11007|50.31|69.38|10423
11007|50.31|68.91|10424
11007|50.31|68.92|10425
11005|51.82|71.98|20326
11005|51.82|70.73|20327
11005|51.82|72.52|20328
11005|51.82|72.84|20329
11005|51.82|75.78|20330
11005|51.82|73.28|20331
11005|51.82|70.92|20332
11012|50.39|85.51|30506
11014|51.14|78.92|40533
11014|57.21|96.19|10527
11006|57.06|77.37|20360
11006|57.06|77.03|20361
11006|57.06|77.83|20362
11006|57.06|76.92|20363
11006|57.06|76.23|20364
11006|57.06|76.03|20365
11012|57.23|84.91|30509
11089|57.42|73.67|41082
#group_44005_15
87.48
11014|6.31|34.90|10526
11086|6.01|14.76|21018
11086|6.81|15.56|21018
11086|7.61|16.36|21018
11086|8.41|17.16|21018
11086|9.21|17.96|21018
11086|10.01|18.76|21018
11086|10.81|19.56|21018
11086|11.61|20.36|21018
11086|12.41|21.16|21018
11086|13.21|21.96|21018
11013|4.99|50.56|30522
11013|4.62|35.42|40515
11014|10.77|53.12|10529
11013|10.50|40.97|20515
11016|11.22|45.52|30551
11022|11.21|41.88|40605
11016|16.65|56.40|10552
11086|16.98|36.78|21072
11086|16.98|36.89|21069
11086|16.98|37.58|21070
11086|16.98|36.12|21071
11086|16.98|36.78|21072
11086|17.78|36.92|21071
11086|17.68|37.59|21069
11005|18.12|32.06|30319
11005|18.77|32.59|30320
11005|19.42|33.21|30321
11005|20.07|34.00|30322
11005|20.72|34.42|30323
11005|21.37|35.19|30324
11005|22.02|35.83|30325
11013|17.99|45.62|40516
11086|25.04|36.09|11073
11086|25.84|36.89|11073
11086|26.64|37.69|11073
11086|27.44|38.49|11073
11086|28.24|39.29|11073
11086|28.84|39.89|11073
11086|29.44|40.49|11073
11020|23.27|45.64|20589
11013|23.24|60.74|30520
11012|23.75|56.25|40504
11007|30.39|50.48|10406
11007|30.39|50.64|10407
11007|30.39|50.13|10408
11007|30.39|49.77|10409
11007|30.39|49.81|10410
11089|29.27|45.87|21038
11012|29.24|56.92|30509
11085|31.01|54.45|41057
11085|30.51|53.60|41058
11085|30.51|53.95|41057
11085|30.51|53.27|41060
11085|30.51|52.90|41061
11085|31.01|53.77|41060
11085|31.01|54.10|41058
11007|36.70|56.79|10406
11007|36.70|56.95|10407
11007|36.70|56.44|10408
11007|36.70|56.08|10409
11007|36.70|56.12|10410
11087|37.85|58.00|21098
11022|36.73|77.83|30606
11005|37.31|58.68|40347
11005|37.31|59.98|40348
11005|37.31|58.64|40349
11005|37.31|58.05|40350
11005|37.31|59.62|40351
11005|37.31|60.68|40352
11005|37.31|59.30|40353
11022|43.60|83.88|10613
11086|43.38|61.67|21019
11086|43.38|61.84|21020
11086|43.38|60.84|21021
11086|43.38|62.97|21022
11086|43.38|62.92|21023
11086|42.46|52.87|31063
11086|42.46|52.80|31064
11086|42.46|52.86|31065
11086|42.46|52.67|31066
11086|42.46|52.92|31067
11012|43.35|79.72|40512
11016|49.93|87.48|10547
11006|50.53|70.91|20390
11006|50.53|70.32|20391
11006|50.53|71.38|20392
11006|50.53|70.93|20393
11006|50.53|70.06|20394
11006|50.53|70.35|20395
11085|49.96|61.63|31010
11085|49.96|62.36|31006
11085|49.96|61.71|31007
11085|49.96|61.32|31008
11085|49.96|62.38|31009
11085|49.96|62.33|31005
11087|50.11|68.79|41033
11007|57.67|77.68|10411
11007|57.67|77.45|10412
11007|57.67|76.73|10413
11007|57.67|78.02|10414
11007|57.67|74.36|10415
#group_44005_16
86.77
11016|4.80|34.26|10548
11006|5.41|24.17|20372
11006|5.41|24.32|20373
11006|5.41|24.66|20374
11006|5.41|24.83|20375
11006|5.41|23.76|20376
11006|5.41|24.04|20377
11014|6.16|51.65|30528
11089|6.01|44.02|41037
11086|12.82|32.60|11072
11086|12.82|32.74|11069
11086|12.82|33.39|11070
11086|12.82|31.90|11071
11086|12.82|32.60|11072
11086|13.62|32.70|11071
11086|13.52|33.44|11069
11089|12.63|31.40|21080
11087|12.44|28.75|31097
11016|11.92|48.55|40550
11006|20.24|38.94|10366
11006|20.24|38.48|10367
11006|20.24|38.63|10368
11006|20.24|39.00|10369
11006|20.24|38.52|10370
11006|20.24|38.31|10371
11006|18.80|39.56|20384
11006|19.50|40.28|20385
11006|20.20|40.91|20386
11006|20.90|41.63|20387
11006|21.60|42.31|20388
11006|22.30|43.09|20389
11007|19.85|36.12|30426
11007|19.85|36.15|30427
11007|19.85|36.35|30428
11007|19.85|36.71|30429
11007|19.85|36.35|30430
11005|20.26|40.19|40305
11005|20.26|39.99|40306
11005|20.26|40.08|40307
11005|20.26|40.26|40308
11005|20.26|40.63|40309
11005|20.26|40.05|40310
11005|20.26|39.39|40311
11085|26.03|44.88|11052
11085|25.73|44.36|11053
11085|26.23|43.87|11054
11085|25.73|46.90|11055
11085|26.23|44.69|11056
11085|26.53|45.38|11052
11085|26.73|45.19|11056
11085|26.73|44.37|11054
11014|24.89|70.63|20528
11005|25.16|46.49|30347
11005|25.16|47.74|30348
11005|25.16|46.57|30349
11005|25.16|45.88|30350
11005|25.16|47.47|30351
11005|25.16|48.13|30352
11005|25.16|47.55|30353
11013|25.57|53.20|40516
11012|32.92|70.87|10513
11016|32.11|68.37|20550
11013|33.52|71.02|30520
11005|33.78|51.77|40312
11005|33.78|52.11|40313
11005|33.78|52.29|40314
11005|33.78|56.19|40315
11005|33.78|54.12|40316
11005|33.78|51.55|40317
11005|33.78|51.02|40318
11086|39.57|50.62|11073
11086|40.37|51.42|11073
11086|41.17|52.22|11073
11086|41.97|53.02|11073
11086|42.77|53.82|11073
11086|43.37|54.42|11073
11086|43.97|55.02|11073
11012|39.61|74.69|20508
11020|39.62|61.06|30589
11087|39.76|59.95|41098
11022|46.49|86.77|10613
11091|46.95|72.30|21041
11014|45.98|78.30|30532
11014|47.61|76.36|40526
11007|53.09|69.44|10426
11007|53.09|69.44|10427
11007|53.09|69.59|10428
11007|53.09|69.95|10429
11007|53.09|69.57|10430
11086|54.19|65.40|21073
11086|54.99|66.20|21073
11086|55.79|67.00|21073
11086|56.59|67.80|21073
11086|57.39|68.60|21073
11086|57.99|69.20|21073
11086|58.59|69.80|21073
11085|52.82|64.49|31010
11085|52.82|65.22|31006
11085|52.82|64.57|31007
11085|52.82|64.18|31008
11085|52.82|65.24|31009
11085|52.82|65.19|31005
11012|53.17|80.68|40509
#group_44005_17
85.96
11020|6.23|25.40|10593
11020|4.87|19.36|20591
11016|5.19|38.16|30546
11005|5.63|27.00|40347
11005|5.63|28.30|40348
11005|5.63|26.96|40349
11005|5.63|26.37|40350
11005|5.63|27.94|40351
11005|5.63|29.00|40352
11005|5.63|27.62|40353
11013|13.40|43.13|10515
11006|12.45|31.21|20372
11006|12.45|31.36|20373
11006|12.45|31.70|20374
11006|12.45|31.87|20375
11006|12.45|30.80|20376
11006|12.45|31.08|20377
11085|12.03|28.42|31042
11085|12.03|28.58|31043
11085|12.53|29.06|31044
11085|12.03|28.72|31045
11085|12.53|29.05|31046
11016|11.82|41.95|40545
11086|18.94|29.33|11063
11086|18.94|29.29|11064
11086|18.94|29.36|11065
11086|18.94|29.18|11066
11086|18.94|29.41|11067
11013|18.17|50.08|20523
11005|18.35|38.36|30326
11005|18.35|37.07|30327
11005|18.35|38.95|30328
11005|18.35|39.45|30329
11005|18.35|41.37|30330
11005|18.35|40.17|30331
11005|18.35|37.88|30332
11085|19.68|36.73|41051
11085|19.18|36.76|41047
11085|19.68|36.29|41050
11085|19.18|36.05|41048
11085|19.48|36.55|41049
11085|20.18|37.05|41048
11085|19.98|37.56|41047
11006|25.29|44.62|10378
11006|25.29|45.18|10379
11006|25.29|44.92|10380
11006|25.29|44.75|10381
11006|25.29|42.22|10382
11006|25.29|44.98|10383
11086|25.15|37.00|21026
11086|25.15|37.24|21027
11086|25.15|37.37|21028
11086|25.15|36.01|21029
11086|25.15|36.68|21030
11086|25.15|36.01|21029
11089|25.39|41.95|31083
11022|25.29|55.99|40607
11007|32.06|56.08|10401
11007|32.06|58.15|10402
11007|32.06|57.48|10403
11007|32.06|57.57|10404
11007|32.06|56.76|10405
11012|32.71|58.42|20511
11005|32.48|51.08|30333
11005|32.48|50.31|30334
11005|32.48|51.30|30335
11005|32.48|50.55|30336
11005|32.48|51.90|30337
11005|32.48|52.32|30338
11005|32.48|51.10|30339
11085|32.81|44.46|41010
11085|32.81|45.20|41006
11085|32.81|44.52|41007
11085|32.81|44.15|41008
11085|32.81|45.24|41009
11085|32.81|45.20|41005
11087|40.05|58.91|11100
11086|38.69|48.68|21062
11086|39.49|49.48|21062
11086|40.29|50.28|21062
11086|41.09|51.08|21062
11086|41.89|51.88|21062
11086|42.69|52.68|21062
11013|40.06|72.73|30518
11007|40.25|60.10|40411
11007|40.25|60.14|40412
11007|40.25|59.25|40413
11007|40.25|60.79|40414
11007|40.25|57.02|40415
11016|45.08|74.54|10548
11006|45.12|65.43|20360
11006|45.12|65.09|20361
11006|45.12|65.89|20362
11006|45.12|64.98|20363
11006|45.12|64.29|20364
11006|45.12|64.09|20365
11014|45.90|74.79|30526
11007|45.03|68.89|40401
11007|45.03|71.28|40402
11007|45.03|70.50|40403
11007|45.03|70.47|40404
11007|45.03|69.76|40405
11012|50.06|77.68|10509
11085|50.74|69.62|21052
11085|50.44|69.15|21053
11085|50.94|68.33|21054
11085|50.44|71.30|21055
11085|50.94|69.36|21056
11085|51.24|70.12|21052
11085|51.44|69.86|21056
11085|51.44|68.83|21054
11020|49.96|67.76|30587
11087|50.09|70.28|41098
11013|58.42|85.96|10516
11005|56.59|74.86|20312
11005|56.59|75.23|20313
11005|56.59|75.16|20314
11005|56.59|80.16|20315
11005|56.59|77.49|20316
11005|56.59|75.23|20317
11005|56.59|74.79|20318
11089|57.92|74.48|31083
11085|58.37|74.79|41042
11085|58.37|74.90|41043
11085|58.87|75.37|41044
11085|58.37|75.15|41045
11085|58.87|75.37|41046
#group_44005_18
88.98
11005|4.82|18.62|10319
11005|5.47|19.22|10320
11005|6.12|19.91|10321
11005|6.77|20.59|10322
11005|7.42|21.17|10323
11005|8.07|21.80|10324
11005|8.72|22.45|10325
11087|5.28|25.17|21034
11012|6.37|39.87|30505
11086|6.25|26.17|41072
11086|6.25|26.28|41069
11086|6.25|26.86|41070
11086|6.25|25.36|41071
11086|6.25|26.17|41072
11086|7.05|26.16|41071
11086|6.95|26.98|41069
11087|11.25|29.74|11032
11007|11.17|31.26|20406
11007|11.17|31.38|20407
11007|11.17|30.78|20408
11007|11.17|30.57|20409
11007|11.17|30.61|20410
11006|12.93|31.68|30366
11006|12.93|31.00|30367
11006|12.93|31.22|30368
11006|12.93|31.63|30369
11006|12.93|31.48|30370
11006|12.93|31.04|30371
11086|12.41|22.85|41063
11086|12.41|22.76|41064
11086|12.41|22.85|41065
11086|12.41|22.67|41066
11086|12.41|22.84|41067
11085|17.71|39.86|11011
11085|17.21|39.18|11012
11085|17.21|40.54|11013
11085|18.21|39.05|11014
11085|17.21|39.41|11015
11085|17.21|40.23|11016
11085|17.21|40.59|11017
11085|17.88|29.53|21010
11085|17.88|30.26|21006
11085|17.88|29.62|21007
11085|17.88|29.21|21008
11085|17.88|30.31|21009
11085|17.88|30.33|21005
11087|18.13|34.27|31099
11020|18.43|38.30|40593
11087|25.21|41.36|11099
11012|24.97|63.04|20513
11087|23.94|43.73|31034
11086|23.91|32.62|41018
11086|24.71|33.42|41018
11086|25.51|34.22|41018
11086|26.31|35.02|41018
11086|27.11|35.82|41018
11086|27.91|36.62|41018
11086|28.71|37.42|41018
11086|29.51|38.22|41018
11086|30.31|39.02|41018
11086|31.11|39.82|41018
11023|31.67|55.68|10615
11087|30.16|46.46|21097
11006|31.75|57.95|30354
11006|31.75|57.03|30355
11006|31.75|57.43|30356
11006|31.75|56.54|30357
11006|31.75|57.76|30358
11006|31.75|57.28|30359
11013|31.12|58.23|40514
11013|36.47|69.52|10518
11085|37.12|59.26|21011
11085|36.62|58.43|21012
11085|36.62|59.93|21013
11085|37.62|58.31|21014
11085|36.62|58.86|21015
11085|36.62|59.66|21016
11085|36.62|60.19|21017
11085|37.58|60.96|31057
11085|37.08|60.35|31058
11085|37.08|60.46|31057
11085|37.08|59.80|31060
11085|37.08|59.45|31061
11085|37.58|60.30|31060
11085|37.58|60.85|31058
11085|36.76|50.25|41004
11085|37.26|50.75|41004
11085|37.76|51.25|41004
11085|38.26|51.75|41004
11085|38.76|52.25|41004
11085|39.26|52.75|41004
11085|39.76|53.25|41004
11085|40.26|53.75|41004
11006|43.69|64.03|10390
11006|43.69|63.62|10391
11006|43.69|64.32|10392
11006|43.69|64.10|10393
11006|43.69|63.36|10394
11006|43.69|63.77|10395
11020|42.01|64.38|20589
11016|43.17|82.34|30547
11013|43.19|76.25|40518
11023|48.15|70.57|10614
11007|48.23|77.69|20396
11007|48.23|74.22|20397
11007|48.23|84.75|20398
11007|48.23|81.80|20399
11007|48.23|74.77|20400
11006|47.88|74.08|30354
11006|47.88|73.16|30355
11006|47.88|73.56|30356
11006|47.88|72.67|30357
11006|47.88|73.89|30358
11006|47.88|73.41|30359
11007|48.50|68.52|40406
11007|48.50|68.73|40407
11007|48.50|68.13|40408
11007|48.50|67.94|40409
11007|48.50|67.99|40410
11014|55.10|79.28|10525
11006|54.02|72.78|20372
11006|54.02|72.93|20373
11006|54.02|73.27|20374
11006|54.02|73.44|20375
11006|54.02|72.37|20376
11006|54.02|72.65|20377
11016|53.80|88.98|30553
11086|53.42|65.19|41026
11086|53.42|65.53|41027
11086|53.42|65.71|41028
11086|53.42|64.18|41029
11086|53.42|64.95|41030
11086|53.42|64.18|41029
#group_44005_19
77.08
11023|5.43|29.44|10615
11086|4.87|24.67|21072
11086|4.87|24.78|21069
11086|4.87|25.47|21070
11086|4.87|24.01|21071
11086|4.87|24.67|21072
11086|5.67|24.81|21071
11086|5.57|25.48|21069
11006|4.60|23.87|30378
11006|4.60|24.74|30379
11006|4.60|24.35|30380
11006|4.60|23.10|30381
11006|4.60|21.48|30382
11006|4.60|24.60|30383
11091|6.36|31.90|41041
11022|11.64|43.96|10612
11087|12.92|31.65|21033
11005|12.64|27.88|30340
11005|12.64|28.03|30341
11005|12.64|28.31|30342
11005|12.64|28.09|30343
11005|12.64|27.97|30344
11005|12.64|28.03|30345
11005|12.64|28.41|30346
11086|12.40|24.17|41026
11086|12.40|24.51|41027
11086|12.40|24.69|41028
11086|12.40|23.16|41029
11086|12.40|23.93|41030
11086|12.40|23.16|41029
11014|19.33|43.51|10525
11087|18.73|37.46|21033
11085|18.83|35.22|31042
11085|18.83|35.38|31043
11085|19.33|35.86|31044
11085|18.83|35.52|31045
11085|19.33|35.85|31046
11012|19.47|46.98|40509
11086|27.48|38.53|11073
11086|28.28|39.33|11073
11086|29.08|40.13|11073
11086|29.88|40.93|11073
11086|30.68|41.73|11073
11086|31.28|42.33|11073
11086|31.88|42.93|11073
11020|27.22|47.46|20586
11006|27.94|48.30|30360
11006|27.94|48.00|30361
11006|27.94|48.29|30362
11006|27.94|47.81|30363
11006|27.94|47.03|30364
11006|27.94|46.90|30365
11085|27.81|50.04|41011
11085|27.31|49.07|41012
11085|27.31|50.29|41013
11085|28.31|49.24|41014
11085|27.31|49.58|41015
11085|27.31|50.21|41016
11085|27.31|50.67|41017
11012|32.93|68.12|10506
11022|32.44|70.66|20608
11086|33.29|45.06|31026
11086|33.29|45.37|31027
11086|33.29|45.53|31028
11086|33.29|44.15|31029
11086|33.29|44.82|31030
11086|33.29|44.15|31029
11013|32.67|73.42|40519
11006|40.24|58.94|10366
11006|40.24|58.48|10367
11006|40.24|58.63|10368
11006|40.24|59.00|10369
11006|40.24|58.52|10370
11006|40.24|58.31|10371
11020|39.27|58.20|20593
11007|39.61|55.88|30426
11007|39.61|55.91|30427
11007|39.61|56.11|30428
11007|39.61|56.47|30429
11007|39.61|56.11|30430
11089|38.96|55.21|41082
11085|46.92|63.34|11042
11085|46.92|63.46|11043
11085|47.42|64.02|11044
11085|46.92|63.61|11045
11085|47.42|63.87|11046
11006|45.97|71.82|20354
11006|45.97|71.20|20355
11006|45.97|71.61|20356
11006|45.97|70.72|20357
11006|45.97|71.84|20358
11006|45.97|71.76|20359
11007|45.93|66.06|30406
11007|45.93|66.18|30407
11007|45.93|65.59|30408
11007|45.93|65.36|30409
11007|45.93|65.42|30410
11020|45.39|59.96|40591
11087|52.38|70.91|11033
11006|52.79|73.55|20384
11006|53.49|74.27|20385
11006|54.19|74.90|20386
11006|54.89|75.62|20387
11006|55.59|76.30|20388
11006|56.29|77.08|20389
11087|53.18|71.87|31033
11089|53.91|70.54|41038
#group_44005_2
90.95
11085|5.57|24.42|11052
11085|5.27|23.90|11053
11085|5.77|23.41|11054
11085|5.27|26.44|11055
11085|5.77|24.23|11056
11085|6.07|24.92|11052
11085|6.27|24.73|11056
11085|6.27|23.91|11054
11087|5.19|25.08|21034
11087|6.26|24.75|31032
11016|5.55|35.39|40548
11007|12.50|41.99|10396
11007|12.50|38.63|10397
11007|12.50|49.52|10398
11007|12.50|46.65|10399
11007|12.50|38.64|10400
11007|11.54|31.63|20406
11007|11.54|31.75|20407
11007|11.54|31.15|20408
11007|11.54|30.94|20409
11007|11.54|30.98|20410
11014|13.04|35.04|30531
11006|12.08|32.73|40384
11006|12.78|33.55|40385
11006|13.48|34.21|40386
11006|14.18|34.90|40387
11006|14.88|35.55|40388
11006|15.58|36.29|40389
11089|18.36|34.63|11082
11012|18.04|43.75|20511
11085|19.57|41.76|31011
11085|19.07|40.98|31012
11085|19.07|42.31|31013
11085|20.07|40.96|31014
11085|19.07|41.38|31015
11085|19.07|42.16|31016
11085|19.07|42.28|31017
11086|17.59|37.51|41072
11086|17.59|37.62|41069
11086|17.59|38.20|41070
11086|17.59|36.70|41071
11086|17.59|37.51|41072
11086|18.39|37.50|41071
11086|18.29|38.32|41069
11020|24.73|45.96|10592
11089|24.75|41.35|21038
11013|23.09|50.32|30514
11085|23.62|42.43|41052
11085|23.32|42.14|41053
11085|23.82|41.32|41054
11085|23.32|44.96|41055
11085|23.82|42.26|41056
11085|24.12|42.93|41052
11085|24.32|42.76|41056
11085|24.32|41.82|41054
11086|31.45|41.38|11062
11086|32.25|42.18|11062
11086|33.05|42.98|11062
11086|33.85|43.78|11062
11086|34.65|44.58|11062
11086|35.45|45.38|11062
11006|31.39|49.84|20366
11006|31.39|49.61|20367
11006|31.39|49.80|20368
11006|31.39|50.00|20369
11006|31.39|49.83|20370
11006|31.39|49.48|20371
11087|31.49|51.66|31098
11022|29.96|58.95|40604
11091|37.60|63.16|11041
11014|36.05|78.52|20529
11013|37.02|68.60|30515
11005|37.62|56.32|40333
11005|37.62|55.51|40334
11005|37.62|56.45|40335
11005|37.62|55.77|40336
11005|37.62|56.94|40337
11005|37.62|57.36|40338
11005|37.62|56.26|40339
11023|41.40|72.44|10619
11086|41.95|53.80|21026
11086|41.95|54.04|21027
11086|41.95|54.17|21028
11086|41.95|52.81|21029
11086|41.95|53.48|21030
11086|41.95|52.81|21029
11006|41.37|60.64|30378
11006|41.37|61.51|30379
11006|41.37|61.12|30380
11006|41.37|59.87|30381
11006|41.37|58.25|30382
11006|41.37|61.37|30383
11006|43.12|61.90|40372
11006|43.12|62.03|40373
11006|43.12|62.36|40374
11006|43.12|62.60|40375
11006|43.12|61.53|40376
11006|43.12|61.68|40377
11007|49.52|69.95|10421
11007|49.52|69.36|10422
11007|49.52|68.59|10423
11007|49.52|68.12|10424
11007|49.52|68.13|10425
11005|49.51|70.82|20347
11005|49.51|72.10|20348
11005|49.51|70.79|20349
11005|49.51|70.20|20350
11005|49.51|71.76|20351
11005|49.51|72.71|20352
11005|49.51|71.88|20353
11020|50.11|64.20|30591
11089|49.78|68.53|41080
11085|56.54|78.69|11011
11085|56.04|78.01|11012
11085|56.04|79.37|11013
11085|57.04|77.88|11014
11085|56.04|78.24|11015
11085|56.04|79.06|11016
11085|56.04|79.42|11017
11012|56.50|82.21|20511
11012|55.83|90.95|30506
11012|57.03|84.54|40509
#group_44005_20
93.68
11089|5.26|21.89|11038
11016|6.49|41.63|20553
11089|6.48|23.10|31038
11007|5.44|31.88|40416
11007|5.44|29.19|40417
11007|5.44|35.88|40418
11007|5.44|33.85|40419
11007|5.44|32.69|40420
11087|11.24|27.57|11097
11020|10.66|29.78|20584
11016|11.23|50.40|30547
11012|11.08|46.22|40508
11006|18.41|37.19|10372
11006|18.41|37.35|10373
11006|18.41|37.72|10374
11006|18.41|37.80|10375
11006|18.41|36.74|10376
11006|18.41|37.06|10377
11085|19.63|36.68|21051
11085|19.13|36.77|21047
11085|19.63|36.25|21050
11085|19.13|36.07|21048
11085|19.43|36.55|21049
11085|20.13|37.07|21048
11085|19.93|37.57|21047
11085|19.69|36.76|31051
11085|19.19|36.78|31047
11085|19.69|36.32|31050
11085|19.19|36.14|31048
11085|19.49|36.60|31049
11085|20.19|37.14|31048
11085|19.99|37.58|31047
11006|17.58|36.92|40378
11006|17.58|37.81|40379
11006|17.58|37.23|40380
11006|17.58|37.26|40381
11006|17.58|34.40|40382
11006|17.58|37.67|40383
11006|26.65|52.49|10354
11006|26.65|51.77|10355
11006|26.65|52.33|10356
11006|26.65|51.50|10357
11006|26.65|52.85|10358
11006|26.65|52.41|10359
11086|25.65|36.07|21063
11086|25.65|35.95|21064
11086|25.65|36.10|21065
11086|25.65|35.91|21066
11086|25.65|36.11|21067
11012|26.26|62.83|30512
11014|26.08|71.65|40528
11014|32.76|78.22|10528
11087|33.06|51.89|21100
11023|32.84|57.02|30615
11022|32.62|71.17|40610
11086|39.19|51.05|11026
11086|39.19|51.31|11027
11086|39.19|51.50|11028
11086|39.19|50.08|11029
11086|39.19|50.72|11030
11086|39.19|50.08|11029
11012|39.28|71.67|20505
11014|40.00|68.68|30533
11006|39.45|59.59|40360
11006|39.45|59.65|40361
11006|39.45|59.85|40362
11006|39.45|59.32|40363
11006|39.45|58.21|40364
11006|39.45|58.46|40365
11022|45.27|85.85|10606
11006|45.77|64.22|20366
11006|45.77|63.99|20367
11006|45.77|64.18|20368
11006|45.77|64.38|20369
11006|45.77|64.21|20370
11006|45.77|63.86|20371
11005|44.76|62.63|30312
11005|44.76|62.77|30313
11005|44.76|63.72|30314
11005|44.76|68.04|30315
11005|44.76|65.51|30316
11005|44.76|62.51|30317
11005|44.76|62.41|30318
11013|45.39|68.67|40521
11020|52.09|69.98|10585
11005|51.81|73.12|20347
11005|51.81|74.40|20348
11005|51.81|73.09|20349
11005|51.81|72.50|20350
11005|51.81|74.06|20351
11005|51.81|75.01|20352
11005|51.81|74.18|20353
11086|50.71|61.12|31063
11086|50.71|61.05|31064
11086|50.71|61.11|31065
11086|50.71|60.92|31066
11086|50.71|61.17|31067
11014|51.26|83.77|40532
11012|57.80|93.68|10510
11012|56.99|92.07|20508
11087|57.60|73.74|31099
11087|58.77|74.91|41099
#group_44005_3
82.44
11007|6.50|26.51|10411
11007|6.50|26.28|10412
11007|6.50|25.56|10413
11007|6.50|26.85|10414
11007|6.50|23.19|10415
11085|5.33|27.47|21011
11085|4.83|26.64|21012
11085|4.83|28.14|21013
11085|5.83|26.52|21014
11085|4.83|27.07|21015
11085|4.83|27.87|21016
11085|4.83|28.40|21017
11007|6.54|22.81|30426
11007|6.54|22.84|30427
11007|6.54|23.04|30428
11007|6.54|23.40|30429
11007|6.54|23.04|30430
11013|5.56|28.84|40521
11005|13.10|31.01|10312
11005|13.10|31.77|10313
11005|13.10|31.56|10314
11005|13.10|37.09|10315
11005|13.10|33.95|10316
11005|13.10|31.25|10317
11005|13.10|31.07|10318
11085|13.54|30.59|21051
11085|13.04|30.68|21047
11085|13.54|30.16|21050
11085|13.04|29.98|21048
11085|13.34|30.46|21049
11085|14.04|30.98|21048
11085|13.84|31.48|21047
11016|12.53|39.95|30544
11006|13.22|38.99|40354
11006|13.22|38.45|40355
11006|13.22|39.15|40356
11006|13.22|37.98|40357
11006|13.22|39.17|40358
11006|13.22|38.80|40359
11020|19.68|38.85|10593
11086|19.76|29.75|21062
11086|20.56|30.55|21062
11086|21.36|31.35|21062
11086|22.16|32.15|21062
11086|22.96|32.95|21062
11086|23.76|33.75|21062
11005|19.66|39.67|30326
11005|19.66|38.38|30327
11005|19.66|40.26|30328
11005|19.66|40.76|30329
11005|19.66|42.68|30330
11005|19.66|41.48|30331
11005|19.66|39.19|30332
11012|20.18|53.41|40505
11014|26.04|68.39|10529
11014|26.34|58.62|20530
11085|26.90|50.28|31057
11085|26.40|49.67|31058
11085|26.40|49.78|31057
11085|26.40|49.12|31060
11085|26.40|48.77|31061
11085|26.90|49.62|31060
11085|26.90|50.17|31058
11085|26.55|38.20|41010
11085|26.55|38.94|41006
11085|26.55|38.26|41007
11085|26.55|37.89|41008
11085|26.55|38.98|41009
11085|26.55|38.94|41005
11012|33.99|69.87|10510
11086|34.21|45.42|21073
11086|35.01|46.22|21073
11086|35.81|47.02|21073
11086|36.61|47.82|21073
11086|37.41|48.62|21073
11086|38.01|49.22|21073
11086|38.61|49.82|21073
11085|34.43|46.10|31010
11085|34.43|46.83|31006
11085|34.43|46.18|31007
11085|34.43|45.79|31008
11085|34.43|46.85|31009
11085|34.43|46.80|31005
11013|34.16|57.44|40521
11022|39.12|79.40|10613
11085|40.40|59.28|21052
11085|40.10|58.81|21053
11085|40.60|57.99|21054
11085|40.10|60.96|21055
11085|40.60|59.02|21056
11085|40.90|59.78|21052
11085|41.10|59.52|21056
11085|41.10|58.49|21054
11023|40.19|62.35|30614
11014|40.10|62.28|40531
11085|48.18|67.03|11052
11085|47.88|66.51|11053
11085|48.38|66.02|11054
11085|47.88|69.05|11055
11085|48.38|66.84|11056
11085|48.68|67.53|11052
11085|48.88|67.34|11056
11085|48.88|66.52|11054
11006|48.34|66.79|20366
11006|48.34|66.56|20367
11006|48.34|66.75|20368
11006|48.34|66.95|20369
11006|48.34|66.78|20370
11006|48.34|66.43|20371
11087|48.26|64.40|31099
11005|47.59|66.29|40333
11005|47.59|65.48|40334
11005|47.59|66.42|40335
11005|47.59|65.74|40336
11005|47.59|66.91|40337
11005|47.59|67.33|40338
11005|47.59|66.23|40339
11014|53.19|81.39|10533
11006|54.33|74.71|20390
11006|54.33|74.12|20391
11006|54.33|75.18|20392
11006|54.33|74.73|20393
11006|54.33|73.86|20394
11006|54.33|74.15|20395
11085|53.78|70.85|31051
11085|53.28|70.87|31047
11085|53.78|70.41|31050
11085|53.28|70.23|31048
11085|53.58|70.69|31049
11085|54.28|71.23|31048
11085|54.08|71.67|31047
11014|53.69|82.44|40526
11006|58.10|77.43|10378
11006|58.10|77.99|10379
11006|58.10|77.73|10380
11006|58.10|77.56|10381
11006|58.10|75.03|10382
11006|58.10|77.79|10383
11005|58.51|78.44|20305
11005|58.51|78.25|20306
11005|58.51|78.44|20307
11005|58.51|78.56|20308
11005|58.51|78.91|20309
11005|58.51|78.26|20310
11005|58.51|77.58|20311
11005|58.25|76.85|30333
11005|58.25|76.08|30334
11005|58.25|77.07|30335
11005|58.25|76.32|30336
11005|58.25|77.67|30337
11005|58.25|78.09|30338
11005|58.25|76.87|30339
11007|59.09|75.38|40426
11007|59.09|75.43|40427
11007|59.09|75.55|40428
11007|59.09|75.98|40429
11007|59.09|75.56|40430
#group_44005_4
89.65
11016|5.80|42.04|10550
11089|5.55|21.74|21082
11007|6.28|26.15|30411
11007|6.28|26.12|30412
11007|6.28|25.38|30413
11007|6.28|26.69|30414
11007|6.28|23.05|30415
11086|6.55|16.99|41063
11086|6.55|16.90|41064
11086|6.55|16.99|41065
11086|6.55|16.81|41066
11086|6.55|16.98|41067
11005|12.56|26.36|10319
11005|13.21|26.96|10320
11005|13.86|27.65|10321
11005|14.51|28.33|10322
11005|15.16|28.91|10323
11005|15.81|29.54|10324
11005|16.46|30.19|10325
11086|12.82|23.24|21063
11086|12.82|23.12|21064
11086|12.82|23.27|21065
11086|12.82|23.08|21066
11086|12.82|23.28|21067
11006|12.06|32.42|30360
11006|12.06|32.12|30361
11006|12.06|32.41|30362
11006|12.06|31.93|30363
11006|12.06|31.15|30364
11006|12.06|31.02|30365
11086|13.20|23.64|41063
11086|13.20|23.55|41064
11086|13.20|23.64|41065
11086|13.20|23.46|41066
11086|13.20|23.63|41067
11086|20.99|32.85|11026
11086|20.99|33.11|11027
11086|20.99|33.30|11028
11086|20.99|31.88|11029
11086|20.99|32.52|11030
11086|20.99|31.88|11029
11005|20.29|40.22|20305
11005|20.29|40.03|20306
11005|20.29|40.22|20307
11005|20.29|40.34|20308
11005|20.29|40.69|20309
11005|20.29|40.04|20310
11005|20.29|39.36|20311
11085|20.76|34.18|31004
11085|21.26|34.68|31004
11085|21.76|35.18|31004
11085|22.26|35.68|31004
11085|22.76|36.18|31004
11085|23.26|36.68|31004
11085|23.76|37.18|31004
11085|24.26|37.68|31004
11006|19.17|39.31|40360
11006|19.17|39.37|40361
11006|19.17|39.57|40362
11006|19.17|39.04|40363
11006|19.17|37.93|40364
11006|19.17|38.18|40365
11014|25.61|57.98|10532
11022|25.79|55.80|20605
11087|26.25|42.39|31099
11086|25.92|37.69|41026
11086|25.92|38.03|41027
11086|25.92|38.21|41028
11086|25.92|36.68|41029
11086|25.92|37.45|41030
11086|25.92|36.68|41029
11087|30.51|50.71|11098
11016|32.32|59.89|20544
11013|30.63|63.30|30518
11091|31.04|56.58|41041
11013|36.53|64.07|10516
11013|38.14|70.74|20518
11087|38.30|54.44|31099
11005|37.28|52.51|40340
11005|37.28|52.78|40341
11005|37.28|52.82|40342
11005|37.28|52.78|40343
11005|37.28|52.66|40344
11005|37.28|52.81|40345
11005|37.28|53.05|40346
11014|43.89|76.12|10530
11087|45.14|61.28|21099
11006|44.32|63.01|30372
11006|44.32|63.18|30373
11006|44.32|63.52|30374
11006|44.32|63.71|30375
11006|44.32|62.66|30376
11006|44.32|62.91|30377
11087|45.18|63.99|41100
11006|51.82|72.07|10360
11006|51.82|71.80|10361
11006|51.82|72.50|10362
11006|51.82|71.61|10363
11006|51.82|70.97|10364
11006|51.82|70.89|10365
11012|51.50|89.57|20513
11013|52.34|84.22|30523
11013|51.77|89.65|40520
11086|57.57|75.86|11019
11086|57.57|76.14|11020
11086|57.57|75.05|11021
11086|57.57|77.15|11022
11086|57.57|77.09|11023
11013|56.95|84.63|20516
11020|57.42|77.89|30590
11014|58.12|85.67|40524
#group_44005_5
88.36
11013|5.47|38.52|10518
11091|5.94|31.29|21041
11089|6.03|22.19|31082
11022|6.20|47.73|40609
11085|12.54|29.55|11051
11085|12.04|29.67|11047
11085|12.54|29.15|11050
11085|12.04|28.96|11048
11085|12.34|29.43|11049
11085|13.04|29.96|11048
11085|12.84|30.47|11047
11014|11.14|39.28|20533
11007|12.87|33.04|30421
11007|12.87|32.55|30422
11007|12.87|31.95|30423
11007|12.87|31.49|30424
11007|12.87|31.37|30425
11007|11.62|27.91|40426
11007|11.62|27.96|40427
11007|11.62|28.08|40428
11007|11.62|28.51|40429
11007|11.62|28.09|40430
11022|19.33|57.51|10608
11006|19.01|44.86|20354
11006|19.01|44.24|20355
11006|19.01|44.65|20356
11006|19.01|43.76|20357
11006|19.01|44.88|20358
11006|19.01|44.80|20359
11085|18.29|37.17|31052
11085|17.99|36.48|31053
11085|18.49|36.02|31054
11085|17.99|39.32|31055
11085|18.49|36.98|31056
11085|18.79|37.67|31052
11085|18.99|37.48|31056
11085|18.99|36.52|31054
11020|18.65|38.30|40584
11020|23.58|43.33|10584
11014|24.59|52.24|20524
11007|24.19|44.32|30406
11007|24.19|44.44|30407
11007|24.19|43.85|30408
11007|24.19|43.62|30409
11007|24.19|43.68|30410
11023|24.40|48.25|40623
11085|30.70|54.04|11057
11085|30.20|53.07|11058
11085|30.20|53.54|11057
11085|30.20|52.88|11060
11085|30.20|52.52|11061
11085|30.70|53.38|11060
11085|30.70|53.57|11058
11085|31.22|50.10|21052
11085|30.92|49.63|21053
11085|31.42|48.81|21054
11085|30.92|51.78|21055
11085|31.42|49.84|21056
11085|31.72|50.60|21052
11085|31.92|50.34|21056
11085|31.92|49.31|21054
11012|31.59|68.16|30512
11087|31.16|47.46|41097
11086|35.87|46.26|11063
11086|35.87|46.22|11064
11086|35.87|46.29|11065
11086|35.87|46.11|11066
11086|35.87|46.34|11067
11020|36.71|57.56|20592
11086|35.64|53.80|31019
11086|35.64|54.05|31020
11086|35.64|52.96|31021
11086|35.64|55.30|31022
11086|35.64|55.09|31023
11012|36.30|63.81|40509
11005|43.44|63.89|10326
11005|43.44|62.36|10327
11005|43.44|64.51|10328
11005|43.44|64.20|10329
11005|43.44|67.08|10330
11005|43.44|65.41|10331
11005|43.44|62.71|10332
11006|43.89|64.65|20384
11006|44.59|65.37|20385
11006|45.29|66.00|20386
11006|45.99|66.72|20387
11006|46.69|67.40|20388
11006|47.39|68.18|20389
11014|44.52|72.37|30524
11020|43.39|66.67|40588
11006|51.95|77.79|10354
11006|51.95|77.07|10355
11006|51.95|77.63|10356
11006|51.95|76.80|10357
11006|51.95|78.15|10358
11006|51.95|77.71|10359
11085|51.69|68.13|21042
11085|51.69|68.26|21043
11085|52.19|68.67|21044
11085|51.69|68.34|21045
11085|52.19|68.62|21046
11086|51.33|71.22|31072
11086|51.33|71.35|31069
11086|51.33|72.03|31070
11086|51.33|70.51|31071
11086|51.33|71.22|31072
11086|52.13|71.31|31071
11086|52.03|72.05|31069
11007|50.65|80.79|40396
11007|50.65|76.91|40397
11007|50.65|88.36|40398
11007|50.65|83.71|40399
11007|50.65|77.22|40400
11005|56.19|77.46|10347
11005|56.19|78.84|10348
11005|56.19|77.45|10349
11005|56.19|76.88|10350
11005|56.19|78.48|10351
11005|56.19|79.58|10352
11005|56.19|78.57|10353
11086|57.04|75.33|21019
11086|57.04|75.50|21020
11086|57.04|74.50|21021
11086|57.04|76.63|21022
11086|57.04|76.58|21023
11085|57.07|80.45|31057
11085|56.57|79.84|31058
11085|56.57|79.95|31057
11085|56.57|79.29|31060
11085|56.57|78.94|31061
11085|57.07|79.79|31060
11085|57.07|80.34|31058
11005|56.95|75.65|40333
11005|56.95|74.84|40334
11005|56.95|75.78|40335
11005|56.95|75.10|40336
11005|56.95|76.27|40337
11005|56.95|76.69|40338
11005|56.95|75.59|40339
#group_44005_6
87.17
11020|5.39|28.21|10591
11016|5.95|36.51|20545
11005|5.65|25.55|30305
11005|5.65|25.45|30306
11005|5.65|25.54|30307
11005|5.65|25.73|30308
11005|5.65|25.97|30309
11005|5.65|25.34|30310
11005|5.65|24.88|30311
11014|5.41|50.98|40528
11006|11.81|37.65|10354
11006|11.81|36.93|10355
11006|11.81|37.49|10356
11006|11.81|36.66|10357
11006|11.81|38.01|10358
11006|11.81|37.57|10359
11087|11.35|27.49|21099
11016|11.66|41.94|30545
11016|11.15|45.44|40551
11012|16.69|49.37|10505
11085|17.60|29.25|21010
11085|17.60|29.98|21006
11085|17.60|29.34|21007
11085|17.60|28.93|21008
11085|17.60|30.03|21009
11085|17.60|30.05|21005
11086|16.99|36.88|31072
11086|16.99|37.01|31069
11086|16.99|37.69|31070
11086|16.99|36.17|31071
11086|16.99|36.88|31072
11086|17.79|36.97|31071
11086|17.69|37.71|31069
11087|17.38|36.11|41032
11005|22.66|40.57|10312
11005|22.66|41.33|10313
11005|22.66|41.12|10314
11005|22.66|46.65|10315
11005|22.66|43.51|10316
11005|22.66|40.81|10317
11005|22.66|40.63|10318
11085|23.08|45.22|21011
11085|22.58|44.39|21012
11085|22.58|45.89|21013
11085|23.58|44.27|21014
11085|22.58|44.82|21015
11085|22.58|45.62|21016
11085|22.58|46.15|21017
11012|23.66|58.78|30506
11016|23.16|57.45|40551
11016|30.84|60.30|10548
11014|29.40|61.75|20532
11086|31.58|42.71|31073
11086|32.38|43.51|31073
11086|33.18|44.31|31073
11086|33.98|45.11|31073
11086|34.78|45.91|31073
11086|35.38|46.51|31073
11086|35.98|47.11|31073
11022|31.17|61.87|40607
11087|35.33|51.48|11099
11006|36.96|57.34|20390
11006|36.96|56.75|20391
11006|36.96|57.81|20392
11006|36.96|57.36|20393
11006|36.96|56.49|20394
11006|36.96|56.78|20395
11005|35.75|57.08|30347
11005|35.75|58.33|30348
11005|35.75|57.16|30349
11005|35.75|56.47|30350
11005|35.75|58.06|30351
11005|35.75|58.72|30352
11005|35.75|58.14|30353
11006|36.94|55.72|40372
11006|36.94|55.85|40373
11006|36.94|56.18|40374
11006|36.94|56.42|40375
11006|36.94|55.35|40376
11006|36.94|55.50|40377
11087|43.19|61.68|11032
11012|41.86|73.37|20504
11006|43.60|63.85|30390
11006|43.60|63.20|30391
11006|43.60|64.21|30392
11006|43.60|63.98|30393
11006|43.60|63.10|30394
11006|43.60|63.30|30395
11087|42.82|58.96|41099
11086|48.64|68.42|11072
11086|48.64|68.56|11069
11086|48.64|69.21|11070
11086|48.64|67.72|11071
11086|48.64|68.42|11072
11086|49.44|68.52|11071
11086|49.34|69.26|11069
11089|48.80|65.09|21081
11013|49.11|80.41|30517
11086|49.79|59.71|41062
11086|50.59|60.51|41062
11086|51.39|61.31|41062
11086|52.19|62.11|41062
11086|52.99|62.91|41062
11086|53.79|63.71|41062
11013|55.74|87.17|10517
11005|54.86|76.17|20347
11005|54.86|77.45|20348
11005|54.86|76.14|20349
11005|54.86|75.55|20350
11005|54.86|77.11|20351
11005|54.86|78.06|20352
11005|54.86|77.23|20353
11005|56.05|74.65|30333
11005|56.05|73.88|30334
11005|56.05|74.87|30335
11005|56.05|74.12|30336
11005|56.05|75.47|30337
11005|56.05|75.89|30338
11005|56.05|74.67|30339
11006|55.21|80.98|40354
11006|55.21|80.44|40355
11006|55.21|81.14|40356
11006|55.21|79.97|40357
11006|55.21|81.16|40358
11006|55.21|80.79|40359
#group_44005_7
97.33
11014|5.70|37.93|10530
11007|5.46|25.74|20421
11007|5.46|25.15|20422
11007|5.46|24.57|20423
11007|5.46|23.96|20424
11007|5.46|24.11|20425
11085|6.33|18.00|31010
11085|6.33|18.73|31006
11085|6.33|18.08|31007
11085|6.33|17.69|31008
11085|6.33|18.75|31009
11085|6.33|18.70|31005
11085|6.06|29.50|41057
11085|5.56|28.65|41058
11085|5.56|29.00|41057
11085|5.56|28.32|41060
11085|5.56|27.95|41061
11085|6.06|28.82|41060
11085|6.06|29.15|41058
11014|12.81|40.41|10524
11086|12.78|23.20|21063
11086|12.78|23.08|21064
11086|12.78|23.23|21065
11086|12.78|23.04|21066
11086|12.78|23.24|21067
11006|11.64|32.00|30360
11006|11.64|31.70|30361
11006|11.64|31.99|30362
11006|11.64|31.51|30363
11006|11.64|30.73|30364
11006|11.64|30.60|30365
11087|12.58|32.46|41034
11013|18.65|41.92|10521
11085|18.87|37.75|21052
11085|18.57|37.28|21053
11085|19.07|36.46|21054
11085|18.57|39.43|21055
11085|19.07|37.49|21056
11085|19.37|38.25|21052
11085|19.57|37.99|21056
11085|19.57|36.96|21054
11020|18.95|40.39|30589
11006|19.10|39.75|40384
11006|19.80|40.57|40385
11006|20.50|41.23|40386
11006|21.20|41.92|40387
11006|21.90|42.57|40388
11006|22.60|43.31|40389
11006|24.98|45.23|10360
11006|24.98|44.96|10361
11006|24.98|45.66|10362
11006|24.98|44.77|10363
11006|24.98|44.13|10364
11006|24.98|44.05|10365
11012|25.41|56.92|20504
11006|24.44|44.69|30390
11006|24.44|44.04|30391
11006|24.44|45.05|30392
11006|24.44|44.82|30393
11006|24.44|43.94|30394
11006|24.44|44.14|30395
11006|24.18|44.32|40360
11006|24.18|44.38|40361
11006|24.18|44.58|40362
11006|24.18|44.05|40363
11006|24.18|42.94|40364
11006|24.18|43.19|40365
11007|29.76|53.78|10401
11007|29.76|55.85|10402
11007|29.76|55.18|10403
11007|29.76|55.27|10404
11007|29.76|54.46|10405
11013|30.81|61.28|20515
11005|31.39|49.26|30312
11005|31.39|49.40|30313
11005|31.39|50.35|30314
11005|31.39|54.67|30315
11005|31.39|52.14|30316
11005|31.39|49.14|30317
11005|31.39|49.04|30318
11086|30.08|40.00|41062
11086|30.88|40.80|41062
11086|31.68|41.60|41062
11086|32.48|42.40|41062
11086|33.28|43.20|41062
11086|34.08|44.00|41062
11005|38.00|55.91|10312
11005|38.00|56.67|10313
11005|38.00|56.46|10314
11005|38.00|61.99|10315
11005|38.00|58.85|10316
11005|38.00|56.15|10317
11005|38.00|55.97|10318
11016|38.10|65.67|20544
11012|37.60|71.10|30505
11022|37.54|76.09|40610
11005|44.01|57.81|10319
11005|44.66|58.41|10320
11005|45.31|59.10|10321
11005|45.96|59.78|10322
11005|46.61|60.36|10323
11005|47.26|60.99|10324
11005|47.91|61.64|10325
11006|42.66|62.97|20360
11006|42.66|62.63|20361
11006|42.66|63.43|20362
11006|42.66|62.52|20363
11006|42.66|61.83|20364
11006|42.66|61.63|20365
11005|44.00|63.90|30305
11005|44.00|63.80|30306
11005|44.00|63.89|30307
11005|44.00|64.08|30308
11005|44.00|64.32|30309
11005|44.00|63.69|30310
11005|44.00|63.23|30311
11023|42.42|66.57|40615
11091|49.95|75.51|11041
11087|50.25|66.39|21099
11006|50.71|69.40|30372
11006|50.71|69.57|30373
11006|50.71|69.91|30374
11006|50.71|70.10|30375
11006|50.71|69.05|30376
11006|50.71|69.30|30377
11006|49.08|69.73|40384
11006|49.78|70.55|40385
11006|50.48|71.21|40386
11006|51.18|71.90|40387
11006|51.88|72.55|40388
11006|52.58|73.29|40389
11023|57.19|81.20|10615
11085|57.60|69.25|21010
11085|57.60|69.98|21006
11085|57.60|69.34|21007
11085|57.60|68.93|21008
11085|57.60|70.03|21009
11085|57.60|70.05|21005
11086|56.83|68.60|31026
11086|56.83|68.91|31027
11086|56.83|69.07|31028
11086|56.83|67.69|31029
11086|56.83|68.36|31030
11086|56.83|67.69|31029
11013|56.58|97.33|40519
#group_44005_8
96.82
11086|5.37|17.23|11026
11086|5.37|17.49|11027
11086|5.37|17.68|11028
11086|5.37|16.26|11029
11086|5.37|16.90|11030
11086|5.37|16.26|11029
11012|6.52|41.60|20508
11086|6.52|18.29|31026
11086|6.52|18.60|31027
11086|6.52|18.76|31028
11086|6.52|17.38|31029
11086|6.52|18.05|31030
11086|6.52|17.38|31029
11007|5.48|25.70|40421
11007|5.48|25.05|40422
11007|5.48|24.57|40423
11007|5.48|24.10|40424
11007|5.48|24.08|40425
11006|12.45|32.79|10390
11006|12.45|32.38|10391
11006|12.45|33.08|10392
11006|12.45|32.86|10393
11006|12.45|32.12|10394
11006|12.45|32.53|10395
11089|11.59|30.36|21080
11023|11.78|33.99|30620
11089|10.79|27.04|41082
11014|17.73|41.91|10525
11089|17.86|55.85|21037
11005|17.88|35.75|30312
11005|17.88|35.89|30313
11005|17.88|36.84|30314
11005|17.88|41.16|30315
11005|17.88|38.63|30316
11005|17.88|35.63|30317
11005|17.88|35.53|30318
11091|17.34|42.88|41041
11006|24.48|45.30|10384
11006|25.18|45.91|10385
11006|25.88|46.59|10386
11006|26.58|47.24|10387
11006|27.28|48.00|10388
11006|27.98|48.65|10389
11085|26.26|43.31|21051
11085|25.76|43.40|21047
11085|26.26|42.88|21050
11085|25.76|42.70|21048
11085|26.06|43.18|21049
11085|26.76|43.70|21048
11085|26.56|44.20|21047
11014|25.37|64.10|30527
11085|24.81|41.86|41051
11085|24.31|41.89|41047
11085|24.81|41.42|41050
11085|24.31|41.18|41048
11085|24.61|41.68|41049
11085|25.31|42.18|41048
11085|25.11|42.69|41047
11006|32.65|58.49|10354
11006|32.65|57.77|10355
11006|32.65|58.33|10356
11006|32.65|57.50|10357
11006|32.65|58.85|10358
11006|32.65|58.41|10359
11016|31.76|61.90|20548
11012|31.55|57.25|30511
11012|31.23|63.73|40504
11087|39.63|59.83|11098
11022|38.40|76.62|20608
11005|39.10|54.34|30340
11005|39.10|54.49|30341
11005|39.10|54.77|30342
11005|39.10|54.55|30343
11005|39.10|54.43|30344
11005|39.10|54.49|30345
11005|39.10|54.87|30346
11006|38.81|59.46|40384
11006|39.51|60.28|40385
11006|40.21|60.94|40386
11006|40.91|61.63|40387
11006|41.61|62.28|40388
11006|42.31|63.02|40389
11087|46.15|62.48|11097
11086|45.53|55.95|21063
11086|45.53|55.83|21064
11086|45.53|55.98|21065
11086|45.53|55.79|21066
11086|45.53|55.99|21067
11085|47.04|70.42|31057
11085|46.54|69.81|31058
11085|46.54|69.92|31057
11085|46.54|69.26|31060
11085|46.54|68.91|31061
11085|47.04|69.76|31060
11085|47.04|70.31|31058
11086|46.56|56.48|41062
11086|47.36|57.28|41062
11086|48.16|58.08|41062
11086|48.96|58.88|41062
11086|49.76|59.68|41062
11086|50.56|60.48|41062
11006|53.71|73.04|10378
11006|53.71|73.60|10379
11006|53.71|73.34|10380
11006|53.71|73.17|10381
11006|53.71|70.64|10382
11006|53.71|73.40|10383
11016|53.68|86.63|20546
11087|54.02|72.71|31033
11013|53.98|77.26|40521
11086|59.28|71.14|11026
11086|59.28|71.40|11027
11086|59.28|71.59|11028
11086|59.28|70.17|11029
11086|59.28|70.81|11030
11086|59.28|70.17|11029
11006|59.82|78.27|20366
11006|59.82|78.04|20367
11006|59.82|78.23|20368
11006|59.82|78.43|20369
11006|59.82|78.26|20370
11006|59.82|77.91|20371
11013|59.32|96.82|30520
11006|58.46|78.60|40360
11006|58.46|78.66|40361
11006|58.46|78.86|40362
11006|58.46|78.33|40363
11006|58.46|77.22|40364
11006|58.46|77.47|40365
#group_44005_9
93.54
11005|6.52|26.43|10305
11005|6.52|26.36|10306
11005|6.52|26.51|10307
11005|6.52|26.64|10308
11005|6.52|26.98|10309
11005|6.52|26.24|10310
11005|6.52|25.71|10311
11089|5.78|24.55|21080
11016|4.61|43.78|30547
11014|5.54|33.09|40524
11006|12.66|31.44|10372
11006|12.66|31.60|10373
11006|12.66|31.97|10374
11006|12.66|32.05|10375
11006|12.66|30.99|10376
11006|12.66|31.31|10377
11013|12.06|42.53|20515
11016|12.05|47.23|30553
11089|11.74|27.99|41082
11007|19.19|35.54|10426
11007|19.19|35.54|10427
11007|19.19|35.69|10428
11007|19.19|36.05|10429
11007|19.19|35.67|10430
11007|19.71|46.18|20416
11007|19.71|43.55|20417
11007|19.71|49.08|20418
11007|19.71|48.29|20419
11007|19.71|47.46|20420
11085|19.19|32.61|31004
11085|19.69|33.11|31004
11085|20.19|33.61|31004
11085|20.69|34.11|31004
11085|21.19|34.61|31004
11085|21.69|35.11|31004
11085|22.19|35.61|31004
11085|22.69|36.11|31004
11023|19.45|43.30|40623
11085|27.39|44.40|11051
11085|26.89|44.52|11047
11085|27.39|44.00|11050
11085|26.89|43.81|11048
11085|27.19|44.28|11049
11085|27.89|44.81|11048
11085|27.69|45.32|11047
11023|26.73|57.63|20619
11087|25.97|46.14|31098
11013|26.91|59.97|40518
11089|33.46|49.95|11083
11014|33.94|66.29|20532
11014|33.70|66.02|30532
11014|33.26|65.28|40530
11087|39.50|59.70|11098
11007|38.37|58.46|20406
11007|38.37|58.58|20407
11007|38.37|57.98|20408
11007|38.37|57.77|20409
11007|38.37|57.81|20410
11014|39.42|84.91|30528
11085|39.25|55.67|41042
11085|39.25|55.78|41043
11085|39.75|56.25|41044
11085|39.25|56.03|41045
11085|39.75|56.25|41046
11016|45.69|73.32|10544
11087|45.98|64.50|21032
11005|45.60|65.50|30305
11005|45.60|65.40|30306
11005|45.60|65.49|30307
11005|45.60|65.68|30308
11005|45.60|65.92|30309
11005|45.60|65.29|30310
11005|45.60|64.83|30311
11087|47.33|63.47|41099
11006|52.31|72.56|10360
11006|52.31|72.29|10361
11006|52.31|72.99|10362
11006|52.31|72.10|10363
11006|52.31|71.46|10364
11006|52.31|71.38|10365
11013|53.36|93.54|20519
11014|53.39|75.39|30531
11006|52.17|70.84|40366
11006|52.17|70.28|40367
11006|52.17|70.48|40368
11006|52.17|70.69|40369
11006|52.17|70.45|40370
11006|52.17|70.23|40371
11013|57.94|87.67|10515
11087|58.87|75.17|21097
11013|59.53|82.84|30521
11005|59.15|80.52|40347
11005|59.15|81.82|40348
11005|59.15|80.48|40349
11005|59.15|79.89|40350
11005|59.15|81.46|40351
11005|59.15|82.52|40352
11005|59.15|81.14|40353
