#group_44501_1
89.35
11013|5.30|38.35|10518
11015|5.31|54.28|20541
11023|4.79|27.00|30620
11086|6.59|24.78|41019
11086|6.59|24.98|41020
11086|6.59|23.94|41021
11086|6.59|26.07|41022
11086|6.59|25.98|41023
11086|15.86|26.91|11073
11086|16.66|27.71|11073
11086|17.46|28.51|11073
11086|18.26|29.31|11073
11086|19.06|30.11|11073
11086|19.66|30.71|11073
11086|20.26|31.31|11073
11013|13.97|45.88|20523
11015|14.40|43.78|30538
11015|14.28|43.37|40538
11086|24.65|36.51|11026
11086|24.65|36.77|11027
11086|24.65|36.96|11028
11086|24.65|35.54|11029
11086|24.65|36.18|11030
11086|24.65|35.54|11029
11023|23.96|50.28|20618
11002|24.05|42.98|30111
11002|24.05|42.58|30112
11002|24.05|42.30|30113
11002|24.05|42.85|30114
11002|24.05|43.12|30115
11002|24.05|42.47|30116
11002|23.45|44.44|30117
11002|23.45|42.92|30118
11002|23.45|44.94|30119
11002|23.45|43.46|30120
11086|23.47|35.24|41026
11086|23.47|35.58|41027
11086|23.47|35.76|41028
11086|23.47|34.23|41029
11086|23.47|35.00|41030
11086|23.47|34.23|41029
11015|31.92|62.34|10543
11086|32.32|42.74|21063
11086|32.32|42.62|21064
11086|32.32|42.77|21065
11086|32.32|42.58|21066
11086|32.32|42.78|21067
11013|33.38|78.95|30522
11015|32.26|64.61|40539
11086|41.64|53.50|11026
11086|41.64|53.76|11027
11086|41.64|53.95|11028
11086|41.64|52.53|11029
11086|41.64|53.17|11030
11086|41.64|52.53|11029
11086|41.49|51.48|21062
11086|42.29|52.28|21062
11086|43.09|53.08|21062
11086|43.89|53.88|21062
11086|44.69|54.68|21062
11086|45.49|55.48|21062
11002|41.23|55.25|30091
11002|41.23|55.29|30092
11002|41.23|54.83|30093
11002|41.23|55.34|30094
11002|41.23|55.30|30095
11002|40.63|56.52|30096
11002|40.63|56.26|30097
11002|40.63|56.28|30098
11002|41.03|56.31|30099
11002|40.63|55.90|30100
11086|41.94|52.38|41063
11086|41.94|52.29|41064
11086|41.94|52.38|41065
11086|41.94|52.20|41066
11086|41.94|52.37|41067
11013|50.98|89.35|10520
11013|50.05|81.96|20523
11015|49.46|78.38|30535
11023|50.91|73.28|40614
11023|59.32|85.93|10618
#group_44501_10
88.10
11011|4.87|47.70|10500
11006|5.36|25.74|20390
11006|5.36|25.15|20391
11006|5.36|26.21|20392
11006|5.36|25.76|20393
11006|5.36|24.89|20394
11006|5.36|25.18|20395
11091|7.35|30.90|31076
11019|5.89|39.37|40574
11091|16.72|40.17|11076
11011|14.58|46.86|20503
11091|15.44|42.42|31074
11011|15.23|47.48|40503
11007|24.12|40.47|10426
11007|24.12|40.47|10427
11007|24.12|40.62|10428
11007|24.12|40.98|10429
11007|24.12|40.60|10430
11091|25.05|50.40|21041
11006|23.95|50.15|30354
11006|23.95|49.23|30355
11006|23.95|49.63|30356
11006|23.95|48.74|30357
11006|23.95|49.96|30358
11006|23.95|49.48|30359
11007|24.14|40.43|40426
11007|24.14|40.48|40427
11007|24.14|40.60|40428
11007|24.14|41.03|40429
11007|24.14|40.61|40430
11007|32.95|53.04|10406
11007|32.95|53.20|10407
11007|32.95|52.69|10408
11007|32.95|52.33|10409
11007|32.95|52.37|10410
11019|33.25|68.51|20576
11007|33.52|63.53|30396
11007|33.52|59.51|30397
11007|33.52|71.11|30398
11007|33.52|66.67|30399
11007|33.52|60.03|30400
11006|32.05|51.39|40378
11006|32.05|52.28|40379
11006|32.05|51.70|40380
11006|32.05|51.73|40381
11006|32.05|48.87|40382
11006|32.05|52.14|40383
11091|43.28|70.83|11078
11019|43.45|82.84|20578
11091|44.36|67.41|31079
11006|42.54|61.32|40372
11006|42.54|61.45|40373
11006|42.54|61.78|40374
11006|42.54|62.02|40375
11006|42.54|60.95|40376
11006|42.54|61.10|40377
11007|52.64|78.34|10416
11007|52.64|76.31|10417
11007|52.64|81.83|10418
11007|52.64|81.11|10419
11007|52.64|80.03|10420
11019|52.00|82.12|20577
11007|51.90|71.77|30411
11007|51.90|71.74|30412
11007|51.90|71.00|30413
11007|51.90|72.31|30414
11007|51.90|68.67|30415
11019|52.76|88.10|40576
#group_44501_11
92.01
11023|6.05|30.06|10615
11023|5.97|29.56|20616
11015|5.55|54.12|30541
11015|6.35|38.70|40539
11013|14.65|44.38|10515
11023|16.11|39.77|20623
11086|16.26|27.39|31073
11086|17.06|28.19|31073
11086|17.86|28.99|31073
11086|18.66|29.79|31073
11086|19.46|30.59|31073
11086|20.06|31.19|31073
11086|20.66|31.79|31073
11002|16.21|35.14|40121
11002|16.56|35.45|40122
11002|16.91|36.12|40123
11002|17.26|36.44|40124
11002|17.61|36.79|40125
11002|17.96|37.18|40126
11002|18.31|37.50|40127
11002|18.66|37.88|40128
11002|19.01|38.53|40129
11002|19.36|38.80|40130
11002|25.67|44.47|10111
11002|25.67|44.10|10112
11002|25.67|43.93|10113
11002|25.67|44.86|10114
11002|25.67|45.09|10115
11002|25.67|44.06|10116
11002|25.07|45.63|10117
11002|25.07|44.60|10118
11002|25.07|45.71|10119
11002|25.07|45.14|10120
11086|24.76|36.61|21026
11086|24.76|36.85|21027
11086|24.76|36.98|21028
11086|24.76|35.62|21029
11086|24.76|36.29|21030
11086|24.76|35.62|21029
11086|24.00|43.89|31072
11086|24.00|44.02|31069
11086|24.00|44.70|31070
11086|24.00|43.18|31071
11086|24.00|43.89|31072
11086|24.80|43.98|31071
11086|24.70|44.72|31069
11013|25.35|66.10|40519
11013|35.06|58.33|10521
11023|35.01|59.88|20617
11015|33.82|62.74|30535
11086|35.01|46.78|41026
11086|35.01|47.12|41027
11086|35.01|47.30|41028
11086|35.01|45.77|41029
11086|35.01|46.54|41030
11086|35.01|45.77|41029
11086|45.71|56.76|11073
11086|46.51|57.56|11073
11086|47.31|58.36|11073
11086|48.11|59.16|11073
11086|48.91|59.96|11073
11086|49.51|60.56|11073
11086|50.11|61.16|11073
11086|43.90|52.65|21018
11086|44.70|53.45|21018
11086|45.50|54.25|21018
11086|46.30|55.05|21018
11086|47.10|55.85|21018
11086|47.90|56.65|21018
11086|48.70|57.45|21018
11086|49.50|58.25|21018
11086|50.30|59.05|21018
11086|51.10|59.85|21018
11086|43.61|55.38|31026
11086|43.61|55.69|31027
11086|43.61|55.85|31028
11086|43.61|54.47|31029
11086|43.61|55.14|31030
11086|43.61|54.47|31029
11023|44.05|67.90|40623
11013|53.68|80.89|10514
11015|52.53|78.68|20537
11086|53.42|71.58|31019
11086|53.42|71.83|31020
11086|53.42|70.74|31021
11086|53.42|73.08|31022
11086|53.42|72.87|31023
11015|52.89|92.01|40542
#group_44501_12
94.86
11011|4.92|47.75|10500
11091|6.41|34.64|21077
11011|4.70|49.45|30500
11019|5.05|40.66|40579
11019|14.86|50.47|10579
11007|13.54|43.00|20396
11007|13.54|39.53|20397
11007|13.54|50.06|20398
11007|13.54|47.11|20399
11007|13.54|40.08|20400
11011|15.32|48.47|30498
11011|14.02|44.48|40494
11006|23.32|44.14|10384
11006|24.02|44.75|10385
11006|24.72|45.43|10386
11006|25.42|46.08|10387
11006|26.12|46.84|10388
11006|26.82|47.49|10389
11006|24.51|45.27|20384
11006|25.21|45.99|20385
11006|25.91|46.62|20386
11006|26.61|47.34|20387
11006|27.31|48.02|20388
11006|28.01|48.80|20389
11091|23.97|50.53|31040
11007|24.90|45.12|40421
11007|24.90|44.47|40422
11007|24.90|43.99|40423
11007|24.90|43.52|40424
11007|24.90|43.50|40425
11007|34.41|54.84|10421
11007|34.41|54.25|10422
11007|34.41|53.48|10423
11007|34.41|53.01|10424
11007|34.41|53.02|10425
11091|33.85|59.20|21041
11091|33.98|60.96|31074
11006|34.38|53.05|40366
11006|34.38|52.49|40367
11006|34.38|52.69|40368
11006|34.38|52.90|40369
11006|34.38|52.66|40370
11006|34.38|52.44|40371
11011|41.87|74.16|10503
11091|42.20|67.55|21041
11006|41.55|60.82|30378
11006|41.55|61.69|30379
11006|41.55|61.30|30380
11006|41.55|60.05|30381
11006|41.55|58.43|30382
11006|41.55|61.55|30383
11011|42.95|86.50|40502
11019|50.87|92.26|10580
11011|51.19|94.86|20502
11006|50.83|77.03|30354
11006|50.83|76.11|30355
11006|50.83|76.51|30356
11006|50.83|75.62|30357
11006|50.83|76.84|30358
11006|50.83|76.36|30359
11011|51.16|79.18|40495
#group_44501_13
91.14
11013|5.80|45.29|10519
11086|6.21|18.06|21026
11086|6.21|18.30|21027
11086|6.21|18.43|21028
11086|6.21|17.07|21029
11086|6.21|17.74|21030
11086|6.21|17.07|21029
11086|5.88|16.29|31063
11086|5.88|16.22|31064
11086|5.88|16.28|31065
11086|5.88|16.09|31066
11086|5.88|16.34|31067
11013|5.96|33.59|40516
11015|15.22|45.64|10543
11086|15.94|26.36|21063
11086|15.94|26.24|21064
11086|15.94|26.39|21065
11086|15.94|26.20|21066
11086|15.94|26.40|21067
11023|16.75|38.91|30614
11002|15.31|35.26|40101
11002|15.31|34.28|40102
11002|15.31|34.66|40103
11002|15.31|35.00|40104
11002|15.31|34.12|40105
11002|15.31|35.27|40106
11002|15.31|31.96|40107
11002|15.31|34.87|40108
11002|15.31|33.50|40109
11002|15.31|33.97|40110
11086|25.15|33.90|11018
11086|25.95|34.70|11018
11086|26.75|35.50|11018
11086|27.55|36.30|11018
11086|28.35|37.10|11018
11086|29.15|37.90|11018
11086|29.95|38.70|11018
11086|30.75|39.50|11018
11086|31.55|40.30|11018
11086|32.35|41.10|11018
11013|26.47|49.62|20521
11023|25.18|47.39|30620
11013|25.38|58.44|40518
11015|35.30|67.74|10539
11023|36.36|60.02|20623
11023|35.66|66.90|30619
11002|36.38|51.64|40131
11002|36.38|51.97|40132
11002|36.38|50.29|40133
11002|36.38|51.37|40134
11002|36.38|49.72|40135
11002|36.38|49.31|40136
11002|36.38|50.66|40137
11002|36.38|51.19|40138
11002|36.38|49.77|40139
11002|36.38|49.25|40140
11015|46.78|77.20|10543
11086|45.29|65.09|21072
11086|45.29|65.20|21069
11086|45.29|65.89|21070
11086|45.29|64.43|21071
11086|45.29|65.09|21072
11086|46.09|65.23|21071
11086|45.99|65.90|21069
11015|46.03|71.75|30536
11013|45.41|91.14|40522
11013|55.15|78.42|10521
11015|56.16|85.83|20538
11013|55.86|83.09|30514
11002|54.65|73.58|40121
11002|55.00|73.89|40122
11002|55.35|74.56|40123
11002|55.70|74.88|40124
11002|56.05|75.23|40125
11002|56.40|75.62|40126
11002|56.75|75.94|40127
11002|57.10|76.32|40128
11002|57.45|76.97|40129
11002|57.80|77.24|40130
#group_44501_14
112.65
11019|6.38|41.67|10576
11006|5.09|23.85|20372
11006|5.09|24.00|20373
11006|5.09|24.34|20374
11006|5.09|24.51|20375
11006|5.09|23.44|20376
11006|5.09|23.72|20377
11011|5.00|31.75|30501
11011|5.41|37.66|40503
11091|14.40|37.45|11079
11011|15.39|48.47|20498
11019|15.91|74.64|30575
11091|15.12|42.12|41074
11019|25.34|63.85|10583
11011|25.10|68.77|20502
11019|24.31|65.63|30580
11007|24.22|44.07|40411
11007|24.22|44.11|40412
11007|24.22|43.22|40413
11007|24.22|44.76|40414
11007|24.22|40.99|40415
11091|36.06|63.02|11074
11019|34.96|70.22|20576
11019|34.69|65.23|30577
11011|34.72|60.11|40497
11006|44.58|65.40|10384
11006|45.28|66.01|10385
11006|45.98|66.69|10386
11006|46.68|67.34|10387
11006|47.38|68.10|10388
11006|48.08|68.75|10389
11091|44.12|71.07|21074
11007|42.93|63.10|30421
11007|42.93|62.61|30422
11007|42.93|62.01|30423
11007|42.93|61.55|30424
11007|42.93|61.43|30425
11006|44.81|70.58|40354
11006|44.81|70.04|40355
11006|44.81|70.74|40356
11006|44.81|69.57|40357
11006|44.81|70.76|40358
11006|44.81|70.39|40359
11091|54.76|81.72|11074
11091|53.04|81.27|21077
11091|54.68|83.22|31077
11019|53.92|112.65|40575
#group_44501_15
80.07
11023|4.64|35.68|10619
11015|5.69|35.64|20543
11015|6.41|45.21|30542
11086|5.49|16.65|41073
11086|6.29|17.45|41073
11086|7.09|18.25|41073
11086|7.89|19.05|41073
11086|8.69|19.85|41073
11086|9.29|20.45|41073
11086|9.89|21.05|41073
11002|15.95|31.36|10131
11002|15.95|31.60|10132
11002|15.95|29.96|10133
11002|15.95|31.24|10134
11002|15.95|29.46|10135
11002|15.95|29.17|10136
11002|15.95|29.92|10137
11002|15.95|30.90|10138
11002|15.95|29.74|10139
11002|15.95|28.86|10140
11013|16.76|48.67|20523
11013|15.65|53.15|30520
11002|15.34|34.27|40121
11002|15.69|34.58|40122
11002|16.04|35.25|40123
11002|16.39|35.57|40124
11002|16.74|35.92|40125
11002|17.09|36.31|40126
11002|17.44|36.63|40127
11002|17.79|37.01|40128
11002|18.14|37.66|40129
11002|18.49|37.93|40130
11086|26.53|37.58|11073
11086|27.33|38.38|11073
11086|28.13|39.18|11073
11086|28.93|39.98|11073
11086|29.73|40.78|11073
11086|30.33|41.38|11073
11086|30.93|41.98|11073
11015|25.44|55.39|20543
11013|25.47|57.05|30515
11015|25.84|54.93|40538
11015|34.80|64.20|10538
11013|35.33|58.48|20521
11023|34.51|58.36|30623
11023|34.23|56.67|40620
11086|43.28|53.21|11062
11086|44.08|54.01|11062
11086|44.88|54.81|11062
11086|45.68|55.61|11062
11086|46.48|56.41|11062
11086|47.28|57.21|11062
11023|42.77|76.99|20622
11023|44.27|66.43|30614
11015|42.77|71.86|40538
11015|52.71|77.05|10534
11086|52.78|72.58|21072
11086|52.78|72.69|21069
11086|52.78|73.38|21070
11086|52.78|71.92|21071
11086|52.78|72.58|21072
11086|53.58|72.72|21071
11086|53.48|73.39|21069
11023|53.59|80.07|30618
11002|53.55|69.43|40141
11002|53.55|69.65|40142
11002|53.55|69.20|40143
11002|53.55|69.81|40144
11002|53.55|69.18|40145
11002|53.55|69.06|40146
11002|53.55|69.27|40147
11002|53.55|68.89|40148
11002|53.55|69.00|40149
11002|53.55|68.55|40150
#group_44501_16
86.85
11019|4.67|37.97|10574
11019|4.76|63.49|20575
11011|5.39|33.42|30495
11011|6.07|38.32|40503
11007|14.12|34.13|10411
11007|14.12|33.90|10412
11007|14.12|33.18|10413
11007|14.12|34.47|10414
11007|14.12|30.81|10415
11006|15.25|34.01|20372
11006|15.25|34.16|20373
11006|15.25|34.50|20374
11006|15.25|34.67|20375
11006|15.25|33.60|20376
11006|15.25|33.88|20377
11011|15.27|51.99|30496
11091|14.01|37.06|41079
11007|23.02|43.11|10406
11007|23.02|43.27|10407
11007|23.02|42.76|10408
11007|23.02|42.40|10409
11007|23.02|42.44|10410
11011|22.58|53.15|20494
11011|23.56|60.28|30496
11019|24.30|62.65|40583
11011|32.48|59.31|10501
11007|31.35|60.81|20396
11007|31.35|57.34|20397
11007|31.35|67.87|20398
11007|31.35|64.92|20399
11007|31.35|57.89|20400
11091|32.31|59.29|31074
11006|32.28|51.06|40372
11006|32.28|51.19|40373
11006|32.28|51.52|40374
11006|32.28|51.76|40375
11006|32.28|50.69|40376
11006|32.28|50.84|40377
11006|41.71|60.41|10366
11006|41.71|59.95|10367
11006|41.71|60.10|10368
11006|41.71|60.47|10369
11006|41.71|59.99|10370
11006|41.71|59.78|10371
11006|41.79|60.24|20366
11006|41.79|60.01|20367
11006|41.79|60.20|20368
11006|41.79|60.40|20369
11006|41.79|60.23|20370
11006|41.79|59.88|20371
11011|42.93|73.42|30494
11091|42.79|70.34|41078
11091|50.09|77.64|11078
11019|51.24|86.85|20579
11011|50.66|83.81|30498
11011|50.80|84.93|40499
#group_44501_17
85.20
11002|5.13|25.14|10101
11002|5.13|24.10|10102
11002|5.13|24.43|10103
11002|5.13|24.80|10104
11002|5.13|24.02|10105
11002|5.13|25.05|10106
11002|5.13|21.78|10107
11002|5.13|24.79|10108
11002|5.13|23.32|10109
11002|5.13|23.96|10110
11086|7.12|18.33|21073
11086|7.92|19.13|21073
11086|8.72|19.93|21073
11086|9.52|20.73|21073
11086|10.32|21.53|21073
11086|10.92|22.13|21073
11086|11.52|22.73|21073
11086|5.46|14.21|31018
11086|6.26|15.01|31018
11086|7.06|15.81|31018
11086|7.86|16.61|31018
11086|8.66|17.41|31018
11086|9.46|18.21|31018
11086|10.26|19.01|31018
11086|11.06|19.81|31018
11086|11.86|20.61|31018
11086|12.66|21.41|31018
11023|5.39|32.12|40618
11015|14.29|54.49|10542
11013|15.77|61.54|20522
11086|16.16|27.29|31073
11086|16.96|28.09|31073
11086|17.76|28.89|31073
11086|18.56|29.69|31073
11086|19.36|30.49|31073
11086|19.96|31.09|31073
11086|20.56|31.69|31073
11013|15.22|55.97|40519
11002|24.37|39.78|10131
11002|24.37|40.02|10132
11002|24.37|38.38|10133
11002|24.37|39.66|10134
11002|24.37|37.88|10135
11002|24.37|37.59|10136
11002|24.37|38.34|10137
11002|24.37|39.32|10138
11002|24.37|38.16|10139
11002|24.37|37.28|10140
11002|25.15|44.13|20111
11002|25.15|43.72|20112
11002|25.15|43.56|20113
11002|25.15|44.05|20114
11002|25.15|44.26|20115
11002|25.15|43.65|20116
11002|24.55|44.81|20117
11002|24.55|44.11|20118
11002|24.55|45.35|20119
11002|24.55|44.58|20120
11023|22.83|56.55|30622
11013|23.95|55.19|40517
11023|33.39|58.31|10617
11023|33.77|64.67|20619
11023|34.69|59.76|30621
11086|34.02|44.46|41063
11086|34.02|44.37|41064
11086|34.02|44.46|41065
11086|34.02|44.28|41066
11086|34.02|44.45|41067
11086|44.99|56.04|11073
11086|45.79|56.84|11073
11086|46.59|57.64|11073
11086|47.39|58.44|11073
11086|48.19|59.24|11073
11086|48.79|59.84|11073
11086|49.39|60.44|11073
11013|43.60|66.75|20521
11015|42.99|67.35|30534
11002|43.28|63.23|40101
11002|43.28|62.25|40102
11002|43.28|62.63|40103
11002|43.28|62.97|40104
11002|43.28|62.09|40105
11002|43.28|63.24|40106
11002|43.28|59.93|40107
11002|43.28|62.84|40108
11002|43.28|61.47|40109
11002|43.28|61.94|40110
11013|53.12|80.33|10514
11013|53.77|85.20|20517
11023|52.32|77.24|30617
11086|52.50|62.94|41063
11086|52.50|62.85|41064
11086|52.50|62.94|41065
11086|52.50|62.76|41066
11086|52.50|62.93|41067
#group_44501_18
102.75
11011|5.42|39.50|10499
11006|6.25|27.01|20384
11006|6.95|27.73|20385
11006|7.65|28.36|20386
11006|8.35|29.08|20387
11006|9.05|29.76|20388
11006|9.75|30.54|20389
11091|4.64|27.69|31079
11019|4.93|63.66|40575
11007|15.85|45.34|10396
11007|15.85|41.98|10397
11007|15.85|52.87|10398
11007|15.85|50.00|10399
11007|15.85|41.99|10400
11007|15.07|41.54|20416
11007|15.07|38.91|20417
11007|15.07|44.44|20418
11007|15.07|43.65|20419
11007|15.07|42.82|20420
11091|14.53|43.07|31077
11019|14.44|49.78|40576
11091|24.84|53.23|11077
11007|26.19|46.28|20406
11007|26.19|46.40|20407
11007|26.19|45.80|20408
11007|26.19|45.59|20409
11007|26.19|45.63|20410
11006|26.03|46.28|30390
11006|26.03|45.63|30391
11006|26.03|46.64|30392
11006|26.03|46.41|30393
11006|26.03|45.53|30394
11006|26.03|45.73|30395
11006|25.77|44.44|40366
11006|25.77|43.88|40367
11006|25.77|44.08|40368
11006|25.77|44.29|40369
11006|25.77|44.05|40370
11006|25.77|43.83|40371
11019|35.11|65.20|10577
11019|35.66|69.81|20581
11011|35.43|78.69|30502
11019|36.22|71.83|40579
11006|45.58|65.83|10360
11006|45.58|65.56|10361
11006|45.58|66.26|10362
11006|45.58|65.37|10363
11006|45.58|64.73|10364
11006|45.58|64.65|10365
11091|44.40|72.63|21077
11019|44.02|102.75|30575
11011|45.54|82.31|40496
11091|55.30|83.69|11077
11091|55.86|82.42|21040
11006|55.90|76.15|30390
11006|55.90|75.50|30391
11006|55.90|76.51|30392
11006|55.90|76.28|30393
11006|55.90|75.40|30394
11006|55.90|75.60|30395
11006|55.04|73.82|40372
11006|55.04|73.95|40373
11006|55.04|74.28|40374
11006|55.04|74.52|40375
11006|55.04|73.45|40376
11006|55.04|73.60|40377
#group_44501_19
83.25
11086|5.65|14.40|11018
11086|6.45|15.20|11018
11086|7.25|16.00|11018
11086|8.05|16.80|11018
11086|8.85|17.60|11018
11086|9.65|18.40|11018
11086|10.45|19.20|11018
11086|11.25|20.00|11018
11086|12.05|20.80|11018
11086|12.85|21.60|11018
11023|5.21|27.41|20614
11015|6.15|30.51|30534
11013|5.74|38.80|40518
11013|14.89|46.84|10523
11023|15.11|49.33|20622
11023|15.05|40.12|30621
11015|15.89|48.24|40539
11013|24.49|51.70|10514
11015|23.98|53.65|20538
11002|23.99|39.58|30131
11002|23.99|39.26|30132
11002|23.99|38.04|30133
11002|23.99|39.04|30134
11002|23.99|37.34|30135
11002|23.99|37.03|30136
11002|23.99|38.11|30137
11002|23.99|38.42|30138
11002|23.99|37.38|30139
11002|23.99|36.46|30140
11023|24.11|48.07|40616
11015|32.26|62.68|10543
11086|33.70|53.50|21072
11086|33.70|53.61|21069
11086|33.70|54.30|21070
11086|33.70|52.84|21071
11086|33.70|53.50|21072
11086|34.50|53.64|21071
11086|34.40|54.31|21069
11002|32.43|51.32|30121
11002|32.78|51.57|30122
11002|33.13|52.34|30123
11002|33.48|52.65|30124
11002|33.83|52.95|30125
11002|34.18|53.37|30126
11002|34.53|53.65|30127
11002|34.88|54.04|30128
11002|35.23|54.70|30129
11002|35.58|55.03|30130
11002|32.59|46.53|40151
11002|32.59|45.56|40152
11002|32.59|47.26|40153
11002|32.59|47.95|40154
11002|32.59|45.96|40155
11002|32.59|46.44|40156
11002|32.59|46.66|40157
11002|32.59|46.07|40158
11002|32.59|47.51|40159
11002|32.59|45.22|40160
11002|42.12|56.15|10091
11002|42.12|56.26|10092
11002|42.12|55.80|10093
11002|42.12|55.97|10094
11002|42.12|56.10|10095
11002|41.52|57.38|10096
11002|41.52|57.16|10097
11002|41.52|57.32|10098
11002|41.92|57.20|10099
11002|41.52|56.80|10100
11023|41.74|65.40|20623
11013|41.15|73.03|30523
11002|43.42|62.33|40111
11002|43.42|61.80|40112
11002|43.42|61.69|40113
11002|43.42|62.59|40114
11002|43.42|62.46|40115
11002|43.42|61.82|40116
11002|42.82|63.83|40117
11002|42.82|62.30|40118
11002|42.82|63.64|40119
11002|42.82|62.30|40120
11013|50.33|77.54|10514
11013|51.82|83.25|20517
11015|50.50|79.42|30535
11023|50.37|72.81|40620
#group_44501_2
94.50
11007|4.75|28.77|10401
11007|4.75|30.84|10402
11007|4.75|30.17|10403
11007|4.75|30.26|10404
11007|4.75|29.45|10405
11006|5.96|26.34|20390
11006|5.96|25.75|20391
11006|5.96|26.81|20392
11006|5.96|26.36|20393
11006|5.96|25.49|20394
11006|5.96|25.78|20395
11011|6.43|40.84|30499
11019|5.49|46.44|40580
11006|13.77|34.11|10390
11006|13.77|33.70|10391
11006|13.77|34.40|10392
11006|13.77|34.18|10393
11006|13.77|33.44|10394
11006|13.77|33.85|10395
11011|13.84|57.51|20502
11091|14.53|41.51|31074
11011|13.98|57.53|40502
11019|24.40|59.69|10576
11091|24.04|50.99|21074
11011|24.01|50.76|30501
11091|24.74|50.28|41041
11091|35.22|63.61|11077
11011|33.90|64.47|20494
11019|33.85|68.06|30581
11011|34.23|59.62|40497
11011|43.16|69.99|10501
11007|44.12|64.40|20421
11007|44.12|63.81|20422
11007|44.12|63.23|20423
11007|44.12|62.62|20424
11007|44.12|62.77|20425
11091|44.98|68.53|31076
11006|42.85|63.50|40384
11006|43.55|64.32|40385
11006|44.25|64.98|40386
11006|44.95|65.67|40387
11006|45.65|66.32|40388
11006|46.35|67.06|40389
11011|53.75|86.04|10503
11007|52.76|69.05|20426
11007|52.76|69.09|20427
11007|52.76|69.43|20428
11007|52.76|69.62|20429
11007|52.76|69.24|20430
11011|52.17|84.67|30503
11019|53.55|94.50|40580
#group_44501_20
88.60
11011|5.90|34.15|10495
11091|6.41|31.76|21041
11011|6.42|43.14|30496
11007|6.52|26.54|40406
11007|6.52|26.75|40407
11007|6.52|26.15|40408
11007|6.52|25.96|40409
11007|6.52|26.01|40410
11007|15.71|41.41|10416
11007|15.71|39.38|10417
11007|15.71|44.90|10418
11007|15.71|44.18|10419
11007|15.71|43.10|10420
11011|14.96|58.63|20502
11019|16.32|54.45|30583
11019|16.03|49.51|40574
11011|24.92|50.03|10497
11019|24.69|58.03|20574
11091|24.57|51.55|31074
11091|25.36|48.41|41079
11011|33.52|67.60|10499
11006|33.84|59.69|20354
11006|33.84|59.07|20355
11006|33.84|59.48|20356
11006|33.84|58.59|20357
11006|33.84|59.71|20358
11006|33.84|59.63|20359
11007|34.11|60.92|30416
11007|34.11|57.82|30417
11007|34.11|64.59|30418
11007|34.11|62.51|30419
11007|34.11|61.56|30420
11091|34.24|60.80|41040
11011|44.93|73.18|10495
11006|43.02|63.40|20390
11006|43.02|62.81|20391
11006|43.02|63.87|20392
11006|43.02|63.42|20393
11006|43.02|62.55|20394
11006|43.02|62.84|20395
11011|43.85|88.60|30500
11006|44.31|64.45|40360
11006|44.31|64.51|40361
11006|44.31|64.71|40362
11006|44.31|64.18|40363
11006|44.31|63.07|40364
11006|44.31|63.32|40365
11011|54.19|81.02|10501
11091|52.53|77.88|21041
11019|52.87|87.08|30581
11011|53.40|81.42|40495
#group_44501_3
86.87
11023|6.56|33.17|10618
11002|5.25|20.91|20141
11002|5.25|21.52|20142
11002|5.25|20.86|20143
11002|5.25|21.51|20144
11002|5.25|20.89|20145
11002|5.25|21.35|20146
11002|5.25|20.96|20147
11002|5.25|20.58|20148
11002|5.25|20.91|20149
11002|5.25|20.40|20150
11023|4.60|28.78|30615
11023|6.45|31.48|40621
11002|14.96|33.76|10111
11002|14.96|33.39|10112
11002|14.96|33.22|10113
11002|14.96|34.15|10114
11002|14.96|34.38|10115
11002|14.96|33.35|10116
11002|14.36|34.92|10117
11002|14.36|33.89|10118
11002|14.36|35.00|10119
11002|14.36|34.43|10120
11002|15.92|30.22|20091
11002|15.92|30.07|20092
11002|15.92|29.50|20093
11002|15.92|30.03|20094
11002|15.92|30.06|20095
11002|15.32|31.21|20096
11002|15.32|31.09|20097
11002|15.32|31.01|20098
11002|15.72|31.01|20099
11002|15.32|30.64|20100
11015|15.25|54.05|30542
11023|14.83|48.43|40622
11013|25.00|56.43|10517
11023|25.17|56.07|20619
11086|26.12|37.25|31073
11086|26.92|38.05|31073
11086|27.72|38.85|31073
11086|28.52|39.65|31073
11086|29.32|40.45|31073
11086|29.92|41.05|31073
11086|30.52|41.65|31073
11086|25.23|35.67|41063
11086|25.23|35.58|41064
11086|25.23|35.67|41065
11086|25.23|35.49|41066
11086|25.23|35.66|41067
11086|32.37|41.12|11018
11086|33.17|41.92|11018
11086|33.97|42.72|11018
11086|34.77|43.52|11018
11086|35.57|44.32|11018
11086|36.37|45.12|11018
11086|37.17|45.92|11018
11086|37.97|46.72|11018
11086|38.77|47.52|11018
11086|39.57|48.32|11018
11015|32.22|72.00|20540
11002|33.52|49.20|30141
11002|33.52|49.73|30142
11002|33.52|49.21|30143
11002|33.52|49.65|30144
11002|33.52|49.14|30145
11002|33.52|49.55|30146
11002|33.52|49.21|30147
11002|33.52|48.86|30148
11002|33.52|49.06|30149
11002|33.52|48.66|30150
11015|33.73|82.76|40541
11015|41.74|81.94|10542
11002|42.66|58.32|20141
11002|42.66|58.93|20142
11002|42.66|58.27|20143
11002|42.66|58.92|20144
11002|42.66|58.30|20145
11002|42.66|58.76|20146
11002|42.66|58.37|20147
11002|42.66|57.99|20148
11002|42.66|58.32|20149
11002|42.66|57.81|20150
11023|41.28|65.46|30615
11015|41.59|70.68|40538
11002|51.45|70.25|10111
11002|51.45|69.88|10112
11002|51.45|69.71|10113
11002|51.45|70.64|10114
11002|51.45|70.87|10115
11002|51.45|69.84|10116
11002|50.85|71.41|10117
11002|50.85|70.38|10118
11002|50.85|71.49|10119
11002|50.85|70.92|10120
11086|50.88|62.73|21026
11086|50.88|62.97|21027
11086|50.88|63.10|21028
11086|50.88|61.74|21029
11086|50.88|62.41|21030
11086|50.88|61.74|21029
11023|50.73|72.89|30614
11086|50.03|68.22|41019
11086|50.03|68.42|41020
11086|50.03|67.38|41021
11086|50.03|69.51|41022
11086|50.03|69.42|41023
11013|59.66|86.87|10514
#group_44501_4
112.28
11007|6.40|30.42|10401
11007|6.40|32.49|10402
11007|6.40|31.82|10403
11007|6.40|31.91|10404
11007|6.40|31.10|10405
11007|6.24|32.71|20416
11007|6.24|30.08|20417
11007|6.24|35.61|20418
11007|6.24|34.82|20419
11007|6.24|33.99|20420
11006|5.87|26.23|30360
11006|5.87|25.93|30361
11006|5.87|26.22|30362
11006|5.87|25.74|30363
11006|5.87|24.96|30364
11006|5.87|24.83|30365
11007|4.86|35.00|40396
11007|4.86|31.12|40397
11007|4.86|42.57|40398
11007|4.86|37.92|40399
11007|4.86|31.43|40400
11006|15.49|41.33|10354
11006|15.49|40.61|10355
11006|15.49|41.17|10356
11006|15.49|40.34|10357
11006|15.49|41.69|10358
11006|15.49|41.25|10359
11006|14.58|40.43|20354
11006|14.58|39.81|20355
11006|14.58|40.22|20356
11006|14.58|39.33|20357
11006|14.58|40.45|20358
11006|14.58|40.37|20359
11006|14.41|35.13|30384
11006|15.11|35.88|30385
11006|15.81|36.57|30386
11006|16.51|37.22|30387
11006|17.21|37.91|30388
11006|17.91|38.65|30389
11011|15.91|59.46|40502
11091|25.26|52.22|11074
11006|24.67|45.05|20390
11006|24.67|44.46|20391
11006|24.67|45.52|20392
11006|24.67|45.07|20393
11006|24.67|44.20|20394
11006|24.67|44.49|20395
11091|26.63|53.61|31074
11091|24.74|52.29|41078
11091|34.42|57.47|11079
11006|35.38|54.14|20372
11006|35.38|54.29|20373
11006|35.38|54.63|20374
11006|35.38|54.80|20375
11006|35.38|53.73|20376
11006|35.38|54.01|20377
11011|34.10|59.51|30497
11007|35.50|59.36|40401
11007|35.50|61.75|40402
11007|35.50|60.97|40403
11007|35.50|60.94|40404
11007|35.50|60.23|40405
11011|42.53|69.36|10501
11019|43.06|78.67|20579
11091|43.86|70.42|31040
11011|44.30|77.34|40498
11019|52.58|93.97|10580
11019|53.55|112.28|20575
11091|53.01|80.56|31078
11006|52.36|72.50|40360
11006|52.36|72.56|40361
11006|52.36|72.76|40362
11006|52.36|72.23|40363
11006|52.36|71.12|40364
11006|52.36|71.37|40365
#group_44501_5
103.47
11013|6.47|37.90|10517
11002|6.23|25.21|20111
11002|6.23|24.80|20112
11002|6.23|24.64|20113
11002|6.23|25.13|20114
11002|6.23|25.34|20115
11002|6.23|24.73|20116
11002|5.63|25.89|20117
11002|5.63|25.19|20118
11002|5.63|26.43|20119
11002|5.63|25.66|20120
11013|4.98|28.29|30521
11086|6.56|17.72|41073
11086|7.36|18.52|41073
11086|8.16|19.32|41073
11086|8.96|20.12|41073
11086|9.76|20.92|41073
11086|10.36|21.52|41073
11086|10.96|22.12|41073
11086|16.23|26.16|11062
11086|17.03|26.96|11062
11086|17.83|27.76|11062
11086|18.63|28.56|11062
11086|19.43|29.36|11062
11086|20.23|30.16|11062
11086|17.01|28.22|21073
11086|17.81|29.02|21073
11086|18.61|29.82|21073
11086|19.41|30.62|21073
11086|20.21|31.42|21073
11086|20.81|32.02|21073
11086|21.41|32.62|21073
11023|16.94|48.18|30619
11013|15.58|56.33|40519
11086|24.88|44.66|11072
11086|24.88|44.80|11069
11086|24.88|45.45|11070
11086|24.88|43.96|11071
11086|24.88|44.66|11072
11086|25.68|44.76|11071
11086|25.58|45.50|11069
11023|24.56|48.22|20623
11013|25.56|66.23|30519
11023|24.47|46.91|40620
11013|35.03|68.08|10518
11015|34.86|74.50|20542
11002|35.59|54.52|30111
11002|35.59|54.12|30112
11002|35.59|53.84|30113
11002|35.59|54.39|30114
11002|35.59|54.66|30115
11002|35.59|54.01|30116
11002|34.99|55.98|30117
11002|34.99|54.46|30118
11002|34.99|56.48|30119
11002|34.99|55.00|30120
11086|35.53|45.45|41062
11086|36.33|46.25|41062
11086|37.13|47.05|41062
11086|37.93|47.85|41062
11086|38.73|48.65|41062
11086|39.53|49.45|41062
11002|45.68|74.20|10081
11002|45.93|74.03|10082
11002|45.98|74.28|10083
11002|46.18|73.99|10084
11002|45.68|75.59|10085
11002|46.68|75.06|10086
11002|47.28|75.34|10087
11002|47.28|75.85|10088
11002|47.28|75.37|10089
11002|47.28|74.35|10090
11023|46.50|70.39|20615
11086|45.87|55.82|31062
11086|46.67|56.62|31062
11086|47.47|57.42|31062
11086|48.27|58.22|31062
11086|49.07|59.02|31062
11086|49.87|59.82|31062
11023|46.31|73.04|40618
11015|54.81|103.47|10541
11002|55.57|69.87|20091
11002|55.57|69.72|20092
11002|55.57|69.15|20093
11002|55.57|69.68|20094
11002|55.57|69.71|20095
11002|54.97|70.86|20096
11002|54.97|70.74|20097
11002|54.97|70.66|20098
11002|55.37|70.66|20099
11002|54.97|70.29|20100
11086|54.80|74.69|31072
11086|54.80|74.82|31069
11086|54.80|75.50|31070
11086|54.80|73.98|31071
11086|54.80|74.69|31072
11086|55.60|74.78|31071
11086|55.50|75.52|31069
11023|53.62|80.35|40618
#group_44501_6
97.04
11011|5.74|42.22|10496
11019|5.38|46.61|20580
11019|6.26|36.80|30577
11007|5.60|29.46|40401
11007|5.60|31.85|40402
11007|5.60|31.07|40403
11007|5.60|31.04|40404
11007|5.60|30.33|40405
11006|14.79|33.49|10366
11006|14.79|33.03|10367
11006|14.79|33.18|10368
11006|14.79|33.55|10369
11006|14.79|33.07|10370
11006|14.79|32.86|10371
11019|15.33|74.06|20575
11011|15.29|42.04|30501
11007|15.81|36.03|40421
11007|15.81|35.38|40422
11007|15.81|34.90|40423
11007|15.81|34.43|40424
11007|15.81|34.41|40425
11091|25.59|48.64|11079
11007|24.78|54.24|20396
11007|24.78|50.77|20397
11007|24.78|61.30|20398
11007|24.78|58.35|20399
11007|24.78|51.32|20400
11011|26.34|53.09|30501
11019|26.18|68.39|40582
11019|34.88|73.39|10583
11006|36.16|54.92|20372
11006|36.16|55.07|20373
11006|36.16|55.41|20374
11006|36.16|55.58|20375
11006|36.16|54.51|20376
11006|36.16|54.79|20377
11006|34.86|53.61|30366
11006|34.86|52.93|30367
11006|34.86|53.15|30368
11006|34.86|53.56|30369
11006|34.86|53.41|30370
11006|34.86|52.97|30371
11091|35.84|62.84|41074
11006|45.81|66.63|10384
11006|46.51|67.24|10385
11006|47.21|67.92|10386
11006|47.91|68.57|10387
11006|48.61|69.33|10388
11006|49.31|69.98|10389
11007|44.77|74.23|20396
11007|44.77|70.76|20397
11007|44.77|81.29|20398
11007|44.77|78.34|20399
11007|44.77|71.31|20400
11007|45.22|75.23|30396
11007|45.22|71.21|30397
11007|45.22|82.81|30398
11007|45.22|78.37|30399
11007|45.22|71.73|30400
11011|44.85|88.40|40502
11007|55.08|75.51|10421
11007|55.08|74.92|10422
11007|55.08|74.15|10423
11007|55.08|73.68|10424
11007|55.08|73.69|10425
11091|54.82|81.77|21074
11091|55.72|79.27|31076
11019|54.83|97.04|40582
#group_44501_7
81.65
11015|5.70|31.96|10537
11015|5.27|30.76|20536
11013|5.69|46.36|30519
11013|4.62|45.37|40519
11015|13.52|38.69|10536
11023|14.57|48.79|20622
11002|14.41|33.34|30111
11002|14.41|32.94|30112
11002|14.41|32.66|30113
11002|14.41|33.21|30114
11002|14.41|33.48|30115
11002|14.41|32.83|30116
11002|13.81|34.80|30117
11002|13.81|33.28|30118
11002|13.81|35.30|30119
11002|13.81|33.82|30120
11023|14.47|38.62|40615
11002|24.03|44.04|10101
11002|24.03|43.00|10102
11002|24.03|43.33|10103
11002|24.03|43.70|10104
11002|24.03|42.92|10105
11002|24.03|43.95|10106
11002|24.03|40.68|10107
11002|24.03|43.69|10108
11002|24.03|42.22|10109
11002|24.03|42.86|10110
11023|24.48|48.37|20615
11023|24.98|47.14|30614
11023|24.67|47.04|40614
11002|34.16|50.04|10141
11002|34.16|50.40|10142
11002|34.16|49.82|10143
11002|34.16|50.43|10144
11002|34.16|49.76|10145
11002|34.16|50.18|10146
11002|34.16|49.83|10147
11002|34.16|49.49|10148
11002|34.16|49.65|10149
11002|34.16|49.34|10150
11086|33.33|43.32|21062
11086|34.13|44.12|21062
11086|34.93|44.92|21062
11086|35.73|45.72|21062
11086|36.53|46.52|21062
11086|37.33|47.32|21062
11015|33.08|81.65|30541
11015|34.18|58.23|40534
11023|41.92|64.34|10614
11002|42.31|56.61|20091
11002|42.31|56.46|20092
11002|42.31|55.89|20093
11002|42.31|56.42|20094
11002|42.31|56.45|20095
11002|41.71|57.60|20096
11002|41.71|57.48|20097
11002|41.71|57.40|20098
11002|42.11|57.40|20099
11002|41.71|57.03|20100
11015|42.31|71.69|30538
11002|43.25|58.51|40131
11002|43.25|58.84|40132
11002|43.25|57.16|40133
11002|43.25|58.24|40134
11002|43.25|56.59|40135
11002|43.25|56.18|40136
11002|43.25|57.53|40137
11002|43.25|58.06|40138
11002|43.25|56.64|40139
11002|43.25|56.12|40140
11086|50.82|62.68|11026
11086|50.82|62.94|11027
11086|50.82|63.13|11028
11086|50.82|61.71|11029
11086|50.82|62.35|11030
11086|50.82|61.71|11029
11015|51.44|81.39|20543
11023|52.13|78.61|30618
11023|50.70|75.73|40621
#group_44501_8
93.95
11091|5.48|32.04|11040
11011|6.13|42.68|20496
11019|5.87|44.93|30578
11019|5.97|39.45|40574
11019|16.35|50.58|10581
11019|16.27|57.50|20580
11091|16.47|43.03|31040
11006|16.53|36.74|40390
11006|16.53|36.16|40391
11006|16.53|37.22|40392
11006|16.53|36.97|40393
11006|16.53|35.92|40394
11006|16.53|36.31|40395
11007|25.47|49.49|10401
11007|25.47|51.56|10402
11007|25.47|50.89|10403
11007|25.47|50.98|10404
11007|25.47|50.17|10405
11007|24.81|41.10|20426
11007|24.81|41.14|20427
11007|24.81|41.48|20428
11007|24.81|41.67|20429
11007|24.81|41.29|20430
11006|25.71|44.46|30366
11006|25.71|43.78|30367
11006|25.71|44.00|30368
11006|25.71|44.41|30369
11006|25.71|44.26|30370
11006|25.71|43.82|30371
11019|24.94|59.02|40581
11007|35.52|55.61|10406
11007|35.52|55.77|10407
11007|35.52|55.26|10408
11007|35.52|54.90|10409
11007|35.52|54.94|10410
11091|36.86|63.42|21040
11007|35.50|55.37|30411
11007|35.50|55.34|30412
11007|35.50|54.60|30413
11007|35.50|55.91|30414
11007|35.50|52.27|30415
11019|36.89|72.50|40579
11006|46.43|66.68|10360
11006|46.43|66.41|10361
11006|46.43|67.11|10362
11006|46.43|66.22|10363
11006|46.43|65.58|10364
11006|46.43|65.50|10365
11006|46.06|71.91|20354
11006|46.06|71.29|20355
11006|46.06|71.70|20356
11006|46.06|70.81|20357
11006|46.06|71.93|20358
11006|46.06|71.85|20359
11011|46.42|78.92|30503
11006|45.39|66.04|40384
11006|46.09|66.86|40385
11006|46.79|67.52|40386
11006|47.49|68.21|40387
11006|48.19|68.86|40388
11006|48.89|69.60|40389
11006|55.86|76.68|10384
11006|56.56|77.29|10385
11006|57.26|77.97|10386
11006|57.96|78.62|10387
11006|58.66|79.38|10388
11006|59.36|80.03|10389
11019|56.68|90.02|20574
11006|57.01|77.37|30360
11006|57.01|77.07|30361
11006|57.01|77.36|30362
11006|57.01|76.88|30363
11006|57.01|76.10|30364
11006|57.01|75.97|30365
11011|57.18|93.95|40496
#group_44501_9
81.45
11013|4.83|36.78|10523
11002|5.16|24.32|20121
11002|5.51|24.37|20122
11002|5.86|24.98|20123
11002|6.21|25.64|20124
11002|6.56|25.98|20125
11002|6.91|26.05|20126
11002|7.26|26.41|20127
11002|7.61|27.03|20128
11002|7.96|27.73|20129
11002|8.31|27.74|20130
11086|4.97|23.13|31019
11086|4.97|23.38|31020
11086|4.97|22.29|31021
11086|4.97|24.63|31022
11086|4.97|24.42|31023
11013|5.75|38.81|40518
11015|15.45|41.71|10537
11015|14.56|47.15|20539
11015|14.64|44.69|30543
11013|15.40|43.03|40516
11015|26.04|50.38|10534
11023|24.93|48.52|20616
11023|25.71|59.43|30622
11013|24.89|56.13|40517
11086|35.47|45.86|11063
11086|35.47|45.82|11064
11086|35.47|45.89|11065
11086|35.47|45.71|11066
11086|35.47|45.94|11067
11023|35.88|58.09|20620
11015|34.61|73.98|30540
11023|35.15|68.75|40622
11086|44.96|56.01|11073
11086|45.76|56.81|11073
11086|46.56|57.61|11073
11086|47.36|58.41|11073
11086|48.16|59.21|11073
11086|48.76|59.81|11073
11086|49.36|60.41|11073
11023|44.50|70.82|20618
11086|43.60|63.49|31072
11086|43.60|63.62|31069
11086|43.60|64.30|31070
11086|43.60|62.78|31071
11086|43.60|63.49|31072
11086|44.40|63.58|31071
11086|44.30|64.32|31069
11086|44.66|64.58|41072
11086|44.66|64.69|41069
11086|44.66|65.27|41070
11086|44.66|63.77|41071
11086|44.66|64.58|41072
11086|45.46|64.57|41071
11086|45.36|65.39|41069
11013|53.91|81.45|10516
11086|52.95|64.80|21026
11086|52.95|65.04|21027
11086|52.95|65.17|21028
11086|52.95|63.81|21029
11086|52.95|64.48|21030
11086|52.95|63.81|21029
11086|53.73|71.89|31019
11086|53.73|72.14|31020
11086|53.73|71.05|31021
11086|53.73|73.39|31022
11086|53.73|73.18|31023
11002|52.82|68.08|40131
11002|52.82|68.41|40132
11002|52.82|66.73|40133
11002|52.82|67.81|40134
11002|52.82|66.16|40135
11002|52.82|65.75|40136
11002|52.82|67.10|40137
11002|52.82|67.63|40138
11002|52.82|66.21|40139
11002|52.82|65.69|40140
