#group_44102_1
99.25
11007|5.43|34.92|10396
11007|5.43|31.56|10397
11007|5.43|42.45|10398
11007|5.43|39.58|10399
11007|5.43|31.57|10400
11007|4.61|24.55|20411
11007|4.61|24.44|20412
11007|4.61|23.76|20413
11007|4.61|25.09|20414
11007|4.61|21.35|20415
11016|6.01|35.84|30548
11090|5.20|21.41|41087
11007|12.48|36.50|10401
11007|12.48|38.57|10402
11007|12.48|37.90|10403
11007|12.48|37.99|10404
11007|12.48|37.18|10405
11015|12.29|51.93|20542
11092|12.52|50.16|31001
11008|13.86|43.42|40435
11008|13.86|43.05|40436
11008|13.86|34.83|40437
11008|13.86|38.87|40438
11004|21.27|40.74|10289
11004|21.27|41.95|10290
11004|21.27|39.23|10291
11004|21.27|37.50|10292
11004|21.27|40.45|10293
11004|21.27|40.56|10294
11004|21.27|38.70|10295
11004|21.27|40.55|10296
11002|21.25|49.27|20081
11002|21.50|49.60|20082
11002|21.55|49.62|20083
11002|21.75|49.60|20084
11002|21.25|51.30|20085
11002|22.25|50.89|20086
11002|22.85|51.61|20087
11002|22.85|51.10|20088
11002|22.85|50.96|20089
11002|22.85|50.12|20090
11214|20.03|49.81|30594
11024|20.62|51.94|40626
11016|27.15|66.90|10552
11007|26.31|46.40|20406
11007|26.31|46.52|20407
11007|26.31|45.92|20408
11007|26.31|45.71|20409
11007|26.31|45.75|20410
11018|27.41|62.29|30571
11017|26.85|79.78|40563
11009|34.39|56.36|10471
11009|34.39|55.62|10472
11009|34.39|56.75|10473
11013|34.29|57.44|20521
11004|33.90|51.57|30257
11004|34.50|52.05|30258
11004|35.10|52.72|30259
11004|35.70|53.39|30260
11004|36.30|53.91|30261
11004|36.90|54.52|30262
11004|37.50|55.11|30263
11004|38.10|55.67|30264
11002|35.24|54.17|40121
11002|35.59|54.48|40122
11002|35.94|55.15|40123
11002|36.29|55.47|40124
11002|36.64|55.82|40125
11002|36.99|56.21|40126
11002|37.34|56.53|40127
11002|37.69|56.91|40128
11002|38.04|57.56|40129
11002|38.39|57.83|40130
11007|40.14|60.57|10421
11007|40.14|59.98|10422
11007|40.14|59.21|10423
11007|40.14|58.74|10424
11007|40.14|58.75|10425
11016|41.86|72.42|20545
11090|41.09|61.20|31084
11004|41.39|58.99|40257
11004|41.99|59.63|40258
11004|42.59|60.28|40259
11004|43.19|60.84|40260
11004|43.79|61.40|40261
11004|44.39|62.04|40262
11004|44.99|62.60|40263
11004|45.59|63.21|40264
11010|47.10|74.26|10484
11025|48.13|81.38|20634
11016|48.41|78.69|30545
11020|47.56|61.07|40592
11092|53.11|95.29|11090
11016|52.96|92.41|20547
11020|53.80|68.09|30592
11003|55.87|71.99|40224
11003|55.87|74.33|40225
11003|56.27|73.76|40226
11003|56.87|73.61|40227
11003|56.97|72.60|40228
11003|57.87|72.84|40229
11003|53.87|74.04|40230
11003|56.67|72.08|40231
11003|55.87|72.12|40232
11017|59.29|90.93|10554
11012|58.84|91.23|20505
11021|59.43|99.25|30599
#group_44102_10
87.02
11002|5.19|25.20|10101
11002|5.19|24.16|10102
11002|5.19|24.49|10103
11002|5.19|24.86|10104
11002|5.19|24.08|10105
11002|5.19|25.11|10106
11002|5.19|21.84|10107
11002|5.19|24.85|10108
11002|5.19|23.38|10109
11002|5.19|24.02|10110
11003|4.80|28.16|20179
11003|4.80|28.51|20180
11003|4.80|27.14|20181
11003|4.80|29.02|20182
11003|4.80|27.89|20183
11003|4.80|26.84|20184
11003|4.80|30.93|20185
11003|4.80|27.85|20186
11003|4.80|28.43|20187
11018|5.19|43.84|30573
11017|5.72|51.44|40558
11011|11.77|38.60|10501
11017|11.95|65.57|20563
11012|12.61|49.18|30512
11016|12.68|51.76|40552
11021|19.00|51.31|10601
11004|18.35|33.43|20281
11004|18.35|33.57|20282
11004|18.35|34.34|20283
11004|18.35|34.89|20284
11004|18.35|34.93|20285
11004|18.35|33.97|20286
11004|18.35|34.26|20287
11004|18.35|34.47|20288
11011|18.33|45.08|30501
11012|19.30|52.53|40505
11018|24.24|61.41|10565
11214|24.97|64.73|20599
11018|23.88|65.06|30572
11018|24.64|58.32|40570
11010|31.02|55.56|10490
11011|30.33|64.64|20499
11025|30.51|87.02|30642
11004|29.81|51.22|40297
11004|29.81|51.23|40298
11004|29.81|51.99|40299
11004|29.81|52.10|40300
11004|29.81|51.71|40301
11004|29.81|50.90|40302
11004|29.81|50.22|40303
11004|29.81|52.97|40304
11018|36.03|71.04|10571
11011|37.10|63.93|20501
11002|37.19|51.39|30151
11002|37.19|50.00|30152
11002|37.19|52.05|30153
11002|37.19|52.48|30154
11002|37.19|50.42|30155
11002|37.19|51.19|30156
11002|37.19|51.24|30157
11002|37.19|50.74|30158
11002|37.19|52.43|30159
11002|37.19|49.87|30160
11003|36.73|60.38|40179
11003|36.73|60.84|40180
11003|36.73|59.00|40181
11003|36.73|61.24|40182
11003|36.73|59.88|40183
11003|36.73|58.82|40184
11003|36.73|62.81|40185
11003|36.73|59.75|40186
11003|36.73|60.47|40187
11007|43.00|67.02|10401
11007|43.00|69.09|10402
11007|43.00|68.42|10403
11007|43.00|68.51|10404
11007|43.00|67.70|10405
11010|42.92|81.23|20488
11017|43.29|67.68|30557
11015|44.01|68.06|40534
11011|51.00|85.08|10499
11013|49.41|77.09|20516
11009|50.88|69.65|30462
11009|52.08|71.08|30463
11009|53.28|72.15|30464
11011|49.99|83.03|40498
11011|55.98|84.23|10495
11021|56.57|85.90|20594
11002|56.45|72.13|30141
11002|56.45|72.66|30142
11002|56.45|72.14|30143
11002|56.45|72.58|30144
11002|56.45|72.07|30145
11002|56.45|72.48|30146
11002|56.45|72.14|30147
11002|56.45|71.79|30148
11002|56.45|71.99|30149
11002|56.45|71.59|30150
11092|57.07|80.41|41091
#group_44102_11
94.01
11003|6.69|25.27|10161
11003|6.69|24.51|10162
11003|6.69|25.84|10163
11003|7.49|25.72|10164
11003|7.09|26.87|10165
11003|6.09|24.32|10166
11003|6.09|24.20|10167
11003|6.09|26.48|10168
11003|6.09|26.26|10169
11015|6.57|32.06|20536
11003|5.44|21.09|30188
11003|5.44|20.65|30189
11003|5.44|21.13|30190
11003|5.44|21.57|30191
11003|5.44|20.85|30192
11003|5.44|21.93|30193
11003|5.44|21.02|30194
11003|5.44|20.74|30195
11003|5.44|21.60|30196
11004|5.20|20.34|40273
11004|5.20|20.64|40274
11004|5.20|21.05|40275
11004|5.20|20.82|40276
11004|5.20|20.92|40277
11004|5.20|21.39|40278
11004|5.20|21.13|40279
11004|5.20|21.44|40280
11214|10.67|39.97|10596
11007|12.17|38.64|20416
11007|12.17|36.01|20417
11007|12.17|41.54|20418
11007|12.17|40.75|20419
11007|12.17|39.92|20420
11012|11.12|46.24|30506
11024|10.80|53.16|40632
11009|17.98|36.85|10462
11009|19.18|38.16|10463
11009|20.38|39.27|10464
11010|17.36|44.62|20484
11004|19.01|40.28|30233
11004|19.01|39.78|30234
11004|19.01|40.08|30235
11004|19.01|39.76|30236
11004|19.01|40.09|30237
11004|19.01|39.97|30238
11004|19.01|40.30|30239
11004|19.01|40.36|30240
11008|18.31|37.10|40439
11008|18.31|37.28|40440
11008|18.31|36.89|40441
11008|18.31|37.47|40442
11214|25.68|54.75|10594
11012|25.05|62.00|20512
11021|25.07|64.89|30599
11214|24.59|59.63|40598
11011|32.08|62.36|10494
11017|31.35|84.97|20563
11011|31.25|61.74|30494
11002|30.55|49.48|40121
11002|30.90|49.79|40122
11002|31.25|50.46|40123
11002|31.60|50.78|40124
11002|31.95|51.13|40125
11002|32.30|51.52|40126
11002|32.65|51.84|40127
11002|33.00|52.22|40128
11002|33.35|52.87|40129
11002|33.70|53.14|40130
11020|36.93|58.16|10592
11011|37.40|65.68|20495
11018|37.65|72.53|30571
11008|38.47|53.08|40443
11008|38.47|52.04|40444
11008|38.47|53.83|40445
11008|38.47|52.89|40446
11012|45.03|80.06|10508
11002|44.30|63.28|20111
11002|44.30|62.87|20112
11002|44.30|62.71|20113
11002|44.30|63.20|20114
11002|44.30|63.41|20115
11002|44.30|62.80|20116
11002|43.70|63.96|20117
11002|43.70|63.26|20118
11002|43.70|64.50|20119
11002|43.70|63.73|20120
11009|44.80|63.57|30462
11009|46.00|65.00|30463
11009|47.20|66.07|30464
11090|44.50|64.48|41084
11020|50.81|68.70|10585
11024|50.40|92.56|20632
11017|49.07|85.31|30559
11214|49.13|81.81|40601
11017|55.73|89.72|10556
11090|54.84|74.80|21084
11007|56.42|86.43|30396
11007|56.42|82.41|30397
11007|56.42|94.01|30398
11007|56.42|89.57|30399
11007|56.42|82.93|30400
11016|54.77|91.40|40550
#group_44102_12
114.09
11012|5.75|38.43|10505
11013|4.75|50.52|20522
11008|5.81|21.35|30455
11008|5.81|21.13|30456
11008|5.81|18.68|30457
11008|5.81|17.32|30458
11016|6.12|40.41|40551
11003|12.88|38.81|10215
11003|12.88|39.05|10216
11003|12.88|39.71|10217
11003|12.88|39.05|10218
11003|12.88|39.20|10219
11003|12.88|39.52|10220
11003|12.88|39.56|10221
11003|12.88|41.01|10222
11003|12.88|41.15|10223
11024|12.20|59.14|20628
11017|13.14|63.60|30562
11010|13.68|41.10|40484
11001|20.72|38.82|10011
11001|20.62|38.75|10012
11001|20.72|38.74|10013
11001|20.72|39.10|10014
11001|20.72|38.44|10015
11001|20.72|39.17|10016
11001|21.22|37.79|10017
11001|21.52|37.92|10018
11001|21.22|37.97|10019
11001|21.22|37.83|10020
11092|19.79|57.41|21001
11010|19.46|51.16|30480
11013|20.58|48.21|40516
11010|25.58|57.55|10480
11021|25.53|60.52|20598
11012|25.84|61.60|30510
11090|25.36|44.76|41031
11010|31.95|65.13|10492
11010|30.58|51.62|20486
11004|31.99|49.66|30257
11004|32.59|50.14|30258
11004|33.19|50.81|30259
11004|33.79|51.48|30260
11004|34.39|52.00|30261
11004|34.99|52.61|30262
11004|35.59|53.20|30263
11004|36.19|53.76|30264
11020|31.00|54.28|40588
11020|37.23|57.66|10590
11013|36.38|76.56|20519
11015|38.28|67.20|30535
11015|38.28|70.63|40539
11010|45.53|66.47|10486
11010|44.68|71.94|20484
11020|43.85|58.14|30592
11017|44.71|92.82|40561
11015|52.51|77.68|10536
11002|53.00|68.66|20141
11002|53.00|69.27|20142
11002|53.00|68.61|20143
11002|53.00|69.26|20144
11002|53.00|68.64|20145
11002|53.00|69.10|20146
11002|53.00|68.71|20147
11002|53.00|68.33|20148
11002|53.00|68.66|20149
11002|53.00|68.15|20150
11026|51.88|114.09|30647
11001|52.56|69.86|40001
11001|53.36|70.17|40002
11001|53.46|70.09|40003
11001|53.26|71.23|40004
11001|53.16|70.65|40005
11001|53.06|70.15|40006
11001|53.36|69.51|40007
11001|53.16|71.05|40008
11001|52.56|70.49|40009
11001|53.16|70.10|40010
11004|57.81|79.08|10233
11004|57.81|78.58|10234
11004|57.81|78.88|10235
11004|57.81|78.67|10236
11004|57.81|78.93|10237
11004|57.81|78.81|10238
11004|57.81|79.09|10239
11004|57.81|79.20|10240
11092|58.69|81.42|21089
11090|59.30|78.73|31031
11012|58.16|91.39|40505
#group_44102_13
103.90
11009|5.64|37.05|10477
11009|5.64|36.82|10478
11009|5.64|36.29|10479
11002|5.61|19.59|20151
11002|5.61|18.46|20152
11002|5.61|20.27|20153
11002|5.61|20.94|20154
11002|5.61|18.86|20155
11002|5.61|19.57|20156
11002|5.61|19.53|20157
11002|5.61|19.26|20158
11002|5.61|20.44|20159
11002|5.61|18.25|20160
11011|6.08|42.80|30496
11003|4.85|28.50|40179
11003|4.85|28.96|40180
11003|4.85|27.12|40181
11003|4.85|29.36|40182
11003|4.85|28.00|40183
11003|4.85|26.94|40184
11003|4.85|30.93|40185
11003|4.85|27.87|40186
11003|4.85|28.59|40187
11015|12.37|42.79|10543
11003|12.57|35.93|20179
11003|12.57|36.28|20180
11003|12.57|34.91|20181
11003|12.57|36.79|20182
11003|12.57|35.66|20183
11003|12.57|34.61|20184
11003|12.57|38.70|20185
11003|12.57|35.62|20186
11003|12.57|36.20|20187
11010|12.55|39.92|30484
11011|11.36|48.13|40496
11016|17.54|55.09|10547
11004|17.37|35.57|20265
11004|17.37|35.22|20266
11004|17.37|35.80|20267
11004|17.37|36.25|20268
11004|17.37|36.70|20269
11004|17.37|36.46|20270
11004|17.37|36.12|20271
11004|17.37|35.72|20272
11011|17.41|62.16|30500
11004|18.22|39.63|40297
11004|18.22|39.64|40298
11004|18.22|40.40|40299
11004|18.22|40.51|40300
11004|18.22|40.12|40301
11004|18.22|39.31|40302
11004|18.22|38.63|40303
11004|18.22|41.38|40304
11026|24.85|64.62|10646
11024|24.82|76.48|20630
11025|24.56|88.14|30643
11020|26.21|49.49|40588
11021|32.85|72.66|10597
11016|31.75|62.67|20549
11011|31.32|64.47|30498
11020|32.47|47.04|40591
11024|39.96|72.49|10627
11015|40.15|66.30|20537
11026|40.48|102.69|30647
11020|40.14|59.79|40584
11002|46.51|65.55|10121
11002|46.86|66.02|10122
11002|47.21|66.32|10123
11002|47.56|66.79|10124
11002|47.91|67.35|10125
11002|48.26|67.49|10126
11002|48.61|67.82|10127
11002|48.96|68.40|10128
11002|49.31|69.11|10129
11002|49.66|69.19|10130
11012|47.54|83.34|20510
11012|47.83|81.33|30505
11002|45.96|65.91|40101
11002|45.96|64.93|40102
11002|45.96|65.31|40103
11002|45.96|65.65|40104
11002|45.96|64.77|40105
11002|45.96|65.92|40106
11002|45.96|62.61|40107
11002|45.96|65.52|40108
11002|45.96|64.15|40109
11002|45.96|64.62|40110
11016|52.87|86.72|10551
11012|53.24|103.90|20507
11007|52.62|68.89|30426
11007|52.62|68.92|30427
11007|52.62|69.12|30428
11007|52.62|69.48|30429
11007|52.62|69.12|30430
11092|53.64|76.28|41089
11011|59.05|92.73|10498
#group_44102_14
114.61
11003|5.81|31.74|10215
11003|5.81|31.98|10216
11003|5.81|32.64|10217
11003|5.81|31.98|10218
11003|5.81|32.13|10219
11003|5.81|32.45|10220
11003|5.81|32.49|10221
11003|5.81|33.94|10222
11003|5.81|34.08|10223
11021|5.58|34.91|20594
11214|6.33|43.62|30602
11002|5.82|19.76|40151
11002|5.82|18.79|40152
11002|5.82|20.49|40153
11002|5.82|21.18|40154
11002|5.82|19.19|40155
11002|5.82|19.67|40156
11002|5.82|19.89|40157
11002|5.82|19.30|40158
11002|5.82|20.74|40159
11002|5.82|18.45|40160
11010|11.58|38.74|10484
11004|12.76|36.67|20249
11004|12.76|35.45|20250
11004|12.76|37.04|20251
11004|12.76|36.21|20252
11004|12.76|36.51|20253
11004|12.76|36.44|20254
11004|12.76|36.33|20255
11004|12.76|37.25|20256
11012|12.77|44.15|30504
11002|11.69|26.95|40131
11002|11.69|27.28|40132
11002|11.69|25.60|40133
11002|11.69|26.68|40134
11002|11.69|25.03|40135
11002|11.69|24.62|40136
11002|11.69|25.97|40137
11002|11.69|26.50|40138
11002|11.69|25.08|40139
11002|11.69|24.56|40140
11011|19.29|51.58|10503
11001|18.70|42.12|20071
11001|18.70|41.59|20072
11001|18.70|41.22|20073
11001|18.70|40.85|20074
11001|18.70|41.10|20075
11001|18.70|40.87|20076
11001|19.10|40.70|20077
11001|18.90|40.10|20078
11001|18.70|38.74|20079
11001|19.50|40.12|20080
11011|18.26|61.52|30502
11020|18.30|36.78|40587
11026|25.01|87.22|10647
11020|25.53|40.02|20591
11011|25.72|52.47|30501
11001|23.97|41.27|40001
11001|24.77|41.58|40002
11001|24.87|41.50|40003
11001|24.67|42.64|40004
11001|24.57|42.06|40005
11001|24.47|41.56|40006
11001|24.77|40.92|40007
11001|24.57|42.46|40008
11001|23.97|41.90|40009
11001|24.57|41.51|40010
11214|32.65|64.96|10601
11011|32.47|65.55|20498
11214|33.14|76.40|30600
11007|32.59|56.45|40401
11007|32.59|58.84|40402
11007|32.59|58.06|40403
11007|32.59|58.03|40404
11007|32.59|57.32|40405
11008|39.00|67.69|10435
11008|39.00|67.37|10436
11008|39.00|59.92|10437
11008|39.00|63.03|10438
11001|40.19|56.69|20061
11001|40.19|57.39|20062
11001|40.19|56.16|20063
11001|40.19|56.08|20064
11001|40.19|56.71|20065
11001|39.14|58.25|20066
11001|39.44|57.09|20067
11001|39.44|57.27|20068
11001|39.14|57.98|20069
11001|39.44|57.45|20070
11004|38.21|59.53|30297
11004|38.21|59.70|30298
11004|38.21|60.33|30299
11004|38.21|60.45|30300
11004|38.21|59.84|30301
11004|38.21|59.27|30302
11004|38.21|58.60|30303
11004|38.21|61.31|30304
11010|39.55|66.97|40484
11009|44.45|75.32|10468
11009|44.45|72.10|10469
11009|44.45|76.21|10470
11015|44.75|70.90|20537
11015|43.84|83.21|30540
11017|44.18|94.46|40562
11026|51.92|114.61|10648
11001|51.56|68.83|20001
11001|52.36|69.21|20002
11001|52.46|69.07|20003
11001|52.26|70.20|20004
11001|52.16|69.69|20005
11001|52.06|69.12|20006
11001|52.36|68.46|20007
11001|52.16|70.08|20008
11001|51.56|69.64|20009
11001|52.16|69.07|20010
11010|52.05|81.67|30482
11002|50.87|66.75|40141
11002|50.87|66.97|40142
11002|50.87|66.52|40143
11002|50.87|67.13|40144
11002|50.87|66.50|40145
11002|50.87|66.38|40146
11002|50.87|66.59|40147
11002|50.87|66.21|40148
11002|50.87|66.32|40149
11002|50.87|65.87|40150
11011|57.72|100.55|10500
11012|57.02|82.73|20511
11024|57.97|95.29|30624
11011|57.87|101.68|40500
#group_44102_15
134.26
11008|5.08|19.69|10443
11008|5.08|18.64|10444
11008|5.08|20.51|10445
11008|5.08|19.48|10446
11011|5.56|49.23|20502
11016|5.69|38.66|30546
11016|5.13|39.42|40551
11018|12.50|45.25|10568
11016|13.08|48.22|20553
11021|12.85|41.75|30596
11016|12.99|53.38|40547
11017|18.24|53.94|10559
11013|17.80|44.87|20514
11020|18.58|39.05|30590
11003|18.39|40.21|40197
11003|18.39|40.59|40198
11003|18.39|40.01|40199
11003|18.39|40.59|40200
11003|18.39|40.43|40201
11003|18.39|39.46|40202
11003|18.39|39.74|40203
11003|18.39|39.50|40204
11003|18.39|39.42|40205
11021|25.49|62.42|10602
11015|26.32|58.91|20539
11013|25.34|52.68|30516
11017|25.42|71.14|40558
11012|33.34|68.53|10506
11013|33.11|65.71|20518
11015|32.44|56.80|30534
11013|33.28|79.01|40522
11012|38.25|70.93|10505
11010|39.03|63.80|20490
11007|38.61|58.78|30421
11007|38.61|58.29|30422
11007|38.61|57.69|30423
11007|38.61|57.23|30424
11007|38.61|57.11|30425
11012|39.24|72.47|40505
11011|45.22|79.30|10499
11011|44.44|76.72|20503
11008|44.71|63.99|30431
11008|44.71|63.94|30432
11008|44.71|65.38|30433
11008|44.71|63.88|30434
11004|45.10|66.51|40297
11004|45.10|66.52|40298
11004|45.10|67.28|40299
11004|45.10|67.39|40300
11004|45.10|67.00|40301
11004|45.10|66.19|40302
11004|45.10|65.51|40303
11004|45.10|68.26|40304
11214|51.27|86.42|10598
11009|51.47|75.36|20465
11009|51.47|81.39|20466
11009|51.47|73.53|20467
11092|52.44|97.23|31003
11003|52.32|70.91|40161
11003|52.32|69.97|40162
11003|52.32|71.54|40163
11003|53.12|71.49|40164
11003|52.72|72.45|40165
11003|51.72|69.97|40166
11003|51.72|69.84|40167
11003|51.72|72.01|40168
11003|51.72|71.92|40169
11092|57.01|134.26|11088
11090|57.93|74.27|21087
11092|57.76|99.89|31090
11020|57.53|77.18|40584
#group_44102_16
114.42
11018|6.04|41.05|10571
11002|4.86|24.91|20101
11002|4.86|23.81|20102
11002|4.86|24.18|20103
11002|4.86|24.47|20104
11002|4.86|23.77|20105
11002|4.86|24.78|20106
11002|4.86|21.51|20107
11002|4.86|24.47|20108
11002|4.86|23.01|20109
11002|4.86|23.69|20110
11011|6.04|32.79|30501
11013|6.25|37.49|40517
11009|11.90|43.31|10477
11009|11.90|43.08|10478
11009|11.90|42.55|10479
11012|10.82|45.90|20508
11013|12.41|43.99|30515
11017|11.47|47.41|40559
11002|19.46|35.34|10141
11002|19.46|35.70|10142
11002|19.46|35.12|10143
11002|19.46|35.73|10144
11002|19.46|35.06|10145
11002|19.46|35.48|10146
11002|19.46|35.13|10147
11002|19.46|34.79|10148
11002|19.46|34.95|10149
11002|19.46|34.64|10150
11010|19.75|47.01|20484
11015|18.40|66.97|30541
11017|18.68|66.79|40561
11015|24.88|54.28|10538
11015|24.28|54.12|20535
11015|23.93|63.30|30540
11026|24.97|74.46|40653
11004|31.16|49.61|10265
11004|31.16|48.71|10266
11004|31.16|49.56|10267
11004|31.16|50.05|10268
11004|31.16|50.73|10269
11004|31.16|50.54|10270
11004|31.16|49.89|10271
11004|31.16|48.94|10272
11009|31.54|55.43|20465
11009|31.54|61.46|20466
11009|31.54|53.60|20467
11015|31.65|61.03|30538
11090|30.97|50.37|41031
11010|37.28|61.82|10490
11024|37.99|75.34|20624
11007|38.18|54.45|30426
11007|38.18|54.48|30427
11007|38.18|54.68|30428
11007|38.18|55.04|30429
11007|38.18|54.68|30430
11015|38.02|77.14|40542
11025|45.48|81.39|10636
11011|44.39|76.67|20503
11004|43.88|58.99|30273
11004|43.88|59.28|30274
11004|43.88|59.71|30275
11004|43.88|59.46|30276
11004|43.88|59.58|30277
11004|43.88|60.13|30278
11004|43.88|59.83|30279
11004|43.88|60.14|30280
11020|44.17|57.68|40592
11002|51.96|65.99|10091
11002|51.96|66.10|10092
11002|51.96|65.64|10093
11002|51.96|65.81|10094
11002|51.96|65.94|10095
11002|51.36|67.22|10096
11002|51.36|67.00|10097
11002|51.36|67.16|10098
11002|51.76|67.04|10099
11002|51.36|66.64|10100
11007|51.37|67.66|20426
11007|51.37|67.70|20427
11007|51.37|68.04|20428
11007|51.37|68.23|20429
11007|51.37|67.85|20430
11016|51.09|86.27|30553
11026|52.21|114.42|40647
11003|58.53|77.11|10161
11003|58.53|76.35|10162
11003|58.53|77.68|10163
11003|59.33|77.56|10164
11003|58.93|78.71|10165
11003|57.93|76.16|10166
11003|57.93|76.04|10167
11003|57.93|78.32|10168
11003|57.93|78.10|10169
11020|58.90|82.41|20588
11009|57.00|88.34|30477
11009|57.00|88.40|30478
11009|57.00|88.12|30479
11004|58.85|79.93|40241
11004|58.85|79.74|40242
11004|58.85|79.08|40243
11004|58.85|79.31|40244
11004|58.85|79.49|40245
11004|58.85|80.47|40246
11004|58.85|80.40|40247
11004|58.85|81.43|40248
#group_44102_17
103.52
11013|4.72|44.21|10519
11009|4.71|28.60|20465
11009|4.71|34.63|20466
11009|4.71|26.77|20467
11007|5.97|25.84|30411
11007|5.97|25.81|30412
11007|5.97|25.07|30413
11007|5.97|26.38|30414
11007|5.97|22.74|30415
11015|5.84|34.93|40538
11214|13.10|50.03|10602
11010|12.30|45.46|20492
11024|13.14|70.59|30631
11011|13.38|43.84|40494
11025|20.14|83.72|10643
11020|19.57|40.42|20592
11009|20.59|44.64|30465
11009|20.59|49.08|30466
11009|20.59|42.35|30467
11013|19.73|51.74|40523
11026|25.98|65.75|10646
11025|26.01|72.18|20639
11017|27.40|63.64|30559
11026|27.38|81.70|40649
11008|32.90|52.14|10431
11008|32.90|52.23|10432
11008|32.90|53.88|10433
11008|32.90|52.26|10434
11009|32.92|56.81|20465
11009|32.92|62.84|20466
11009|32.92|54.98|20467
11015|33.31|63.36|30543
11016|34.19|74.58|40547
11002|39.27|59.28|10101
11002|39.27|58.24|10102
11002|39.27|58.57|10103
11002|39.27|58.94|10104
11002|39.27|58.16|10105
11002|39.27|59.19|10106
11002|39.27|55.92|10107
11002|39.27|58.93|10108
11002|39.27|57.46|10109
11002|39.27|58.10|10110
11024|39.03|75.42|20625
11008|39.57|58.28|30439
11008|39.57|58.34|30440
11008|39.57|58.12|30441
11008|39.57|59.16|30442
11007|39.72|63.58|40401
11007|39.72|65.97|40402
11007|39.72|65.19|40403
11007|39.72|65.16|40404
11007|39.72|64.45|40405
11007|47.99|68.08|10406
11007|47.99|68.24|10407
11007|47.99|67.73|10408
11007|47.99|67.37|10409
11007|47.99|67.41|10410
11010|48.11|80.08|20480
11015|47.01|76.39|30538
11024|47.37|103.52|40631
11012|52.93|78.57|10511
11017|54.40|98.03|20560
11010|53.54|92.00|30488
11020|53.64|76.92|40588
#group_44102_18
121.08
11018|5.83|44.24|10573
11008|4.66|23.77|20439
11008|4.66|23.46|20440
11008|4.66|23.33|20441
11008|4.66|24.27|20442
11015|4.63|30.92|30537
11021|6.32|35.31|40595
11015|12.24|42.66|10543
11026|13.42|53.29|20646
11003|13.10|31.79|30161
11003|13.10|31.00|30162
11003|13.10|32.28|30163
11003|13.90|32.25|30164
11003|13.50|33.35|30165
11003|12.50|30.76|30166
11003|12.50|30.83|30167
11003|12.50|32.70|30168
11003|12.50|32.48|30169
11010|11.69|50.06|40488
11017|19.06|47.04|10555
11010|18.53|50.50|20480
11020|18.22|32.31|30591
11009|17.22|39.93|40459
11009|17.22|42.05|40460
11009|17.22|42.92|40461
11025|24.48|60.39|10636
11010|24.38|51.64|20484
11017|22.96|68.25|30560
11018|24.60|57.13|40568
11018|29.16|64.17|10571
11010|30.64|60.30|20482
11025|29.71|85.96|30638
11010|30.17|55.05|40490
11012|36.99|64.61|10509
11092|35.35|113.02|21088
11007|37.29|57.46|30421
11007|37.29|56.97|30422
11007|37.29|56.37|30423
11007|37.29|55.91|30424
11007|37.29|55.79|30425
11025|36.90|70.01|40634
11026|44.14|114.46|10652
11008|42.74|72.00|20435
11008|42.74|71.11|20436
11008|42.74|63.71|20437
11008|42.74|67.68|20438
11092|42.82|121.08|31088
11090|42.47|75.70|41024
11002|48.98|63.01|10091
11002|48.98|63.12|10092
11002|48.98|62.66|10093
11002|48.98|62.83|10094
11002|48.98|62.96|10095
11002|48.38|64.24|10096
11002|48.38|64.02|10097
11002|48.38|64.18|10098
11002|48.78|64.06|10099
11002|48.38|63.66|10100
11007|49.43|69.37|20411
11007|49.43|69.26|20412
11007|49.43|68.58|20413
11007|49.43|69.91|20414
11007|49.43|66.17|20415
11026|48.49|98.04|30653
11016|49.30|88.38|40552
11003|55.28|79.60|10206
11003|55.28|79.92|10207
11003|55.28|79.56|10208
11003|55.28|79.56|10209
11003|55.28|79.47|10210
11003|56.78|79.51|10211
11003|56.78|79.71|10212
11003|56.78|80.02|10213
11003|56.78|79.28|10214
11007|55.33|75.27|20411
11007|55.33|75.16|20412
11007|55.33|74.48|20413
11007|55.33|75.81|20414
11007|55.33|72.07|20415
11021|54.65|89.87|30598
11004|54.65|74.15|40289
11004|54.65|75.59|40290
11004|54.65|72.58|40291
11004|54.65|70.91|40292
11004|54.65|73.75|40293
11004|54.65|73.94|40294
11004|54.65|72.08|40295
11004|54.65|73.88|40296
#group_44102_19
97.37
11090|4.75|38.02|11024
11024|5.87|43.22|20624
11011|5.52|39.93|30499
11002|6.09|34.04|40081
11002|6.34|34.65|40082
11002|6.39|34.32|40083
11002|6.59|34.35|40084
11002|6.09|35.88|40085
11002|7.09|35.43|40086
11002|7.69|36.09|40087
11002|7.69|35.86|40088
11002|7.69|35.62|40089
11002|7.69|34.69|40090
11092|13.24|38.45|11089
11010|13.35|40.61|20484
11017|13.11|58.40|30560
11008|12.49|42.05|40435
11008|12.49|41.68|40436
11008|12.49|33.46|40437
11008|12.49|37.50|40438
11007|18.75|42.77|10401
11007|18.75|44.84|10402
11007|18.75|44.17|10403
11007|18.75|44.26|10404
11007|18.75|43.45|10405
11018|19.64|58.56|20569
11016|18.80|53.98|30553
11008|18.56|38.05|40451
11008|18.56|37.19|40452
11008|18.56|36.65|40453
11008|18.56|37.27|40454
11013|25.70|55.43|10515
11020|26.43|47.28|20592
11020|27.13|48.57|30589
11010|27.14|54.56|40484
11015|33.51|62.91|10538
11009|33.08|55.82|20459
11009|33.08|57.90|20460
11009|33.08|59.10|20461
11026|31.83|94.04|30647
11090|32.65|55.20|41025
11015|38.97|68.81|10535
11018|39.79|72.70|20568
11013|40.16|63.47|30521
11018|39.26|83.72|40564
11007|45.80|65.81|10411
11007|45.80|65.58|10412
11007|45.80|64.86|10413
11007|45.80|66.15|10414
11007|45.80|62.49|10415
11011|45.57|78.65|20498
11011|46.12|71.53|30497
11008|45.30|64.79|40451
11008|45.30|63.93|40452
11008|45.30|63.39|40453
11008|45.30|64.01|40454
11020|52.89|75.71|10591
11017|51.72|87.70|20559
11214|53.42|82.32|30596
11016|53.37|83.84|40549
11015|57.95|87.35|10538
11001|57.61|81.03|20071
11001|57.61|80.50|20072
11001|57.61|80.13|20073
11001|57.61|79.76|20074
11001|57.61|80.01|20075
11001|57.61|79.78|20076
11001|58.01|79.61|20077
11001|57.81|79.01|20078
11001|57.61|77.65|20079
11001|58.41|79.03|20080
11009|57.62|79.49|30471
11009|57.62|78.74|30472
11009|57.62|79.75|30473
11011|57.53|85.55|40495
#group_44102_2
94.18
11007|5.30|21.65|10426
11007|5.30|21.65|10427
11007|5.30|21.80|10428
11007|5.30|22.16|10429
11007|5.30|21.78|10430
11026|6.53|60.93|20649
11018|6.28|47.46|30572
11214|6.51|44.90|40603
11013|12.53|58.40|10522
11013|12.55|39.62|20514
11090|11.89|31.32|31031
11009|11.05|42.17|40477
11009|11.05|42.20|40478
11009|11.05|41.94|40479
11017|19.33|55.03|10559
11024|19.87|74.04|20633
11025|18.87|75.38|30642
11003|20.59|39.18|40161
11003|20.59|38.24|40162
11003|20.59|39.81|40163
11003|21.39|39.76|40164
11003|20.99|40.72|40165
11003|19.99|38.24|40166
11003|19.99|38.11|40167
11003|19.99|40.28|40168
11003|19.99|40.19|40169
11016|25.91|59.76|10551
11013|24.71|70.48|20522
11214|25.52|62.81|30602
11011|25.74|59.87|40499
11001|31.56|47.87|10031
11001|31.56|47.94|10032
11001|31.56|47.81|10033
11001|31.56|47.65|10034
11001|31.56|48.25|10035
11001|31.56|47.49|10036
11001|31.56|46.93|10037
11001|31.56|47.51|10038
11001|31.56|47.93|10039
11001|31.56|47.34|10040
11020|31.52|55.03|20588
11017|32.49|82.95|30562
11017|31.06|81.34|40562
11214|38.05|76.39|10603
11002|36.99|56.15|20121
11002|37.34|56.20|20122
11002|37.69|56.81|20123
11002|38.04|57.47|20124
11002|38.39|57.81|20125
11002|38.74|57.88|20126
11002|39.09|58.24|20127
11002|39.44|58.86|20128
11002|39.79|59.56|20129
11002|40.14|59.57|20130
11016|37.36|72.54|30553
11020|36.59|50.10|40592
11003|44.20|67.55|10179
11003|44.20|68.00|10180
11003|44.20|66.56|10181
11003|44.20|68.51|10182
11003|44.20|67.39|10183
11003|44.20|66.61|10184
11003|44.20|70.73|10185
11003|44.20|67.26|10186
11003|44.20|67.95|10187
11015|45.63|71.12|20536
11090|45.59|78.80|31024
11018|44.70|78.38|40570
11090|50.22|72.89|11025
11001|50.09|67.36|20001
11001|50.89|67.74|20002
11001|50.99|67.60|20003
11001|50.79|68.73|20004
11001|50.69|68.22|20005
11001|50.59|67.65|20006
11001|50.89|66.99|20007
11001|50.69|68.61|20008
11001|50.09|68.17|20009
11001|50.69|67.60|20010
11012|51.13|78.81|30509
11020|51.63|71.70|40586
11003|58.03|83.96|10215
11003|58.03|84.20|10216
11003|58.03|84.86|10217
11003|58.03|84.20|10218
11003|58.03|84.35|10219
11003|58.03|84.67|10220
11003|58.03|84.71|10221
11003|58.03|86.16|10222
11003|58.03|86.30|10223
11009|57.70|73.74|20474
11009|57.70|72.18|20475
11009|57.70|75.33|20476
11015|58.28|87.20|30535
11018|56.98|91.86|40571
#group_44102_20
127.51
11016|6.06|42.30|10550
11024|6.35|60.52|20633
11004|6.54|26.91|30241
11004|6.54|27.10|30242
11004|6.54|26.42|30243
11004|6.54|26.59|30244
11004|6.54|27.16|30245
11004|6.54|27.57|30246
11004|6.54|28.11|30247
11004|6.54|29.07|30248
11016|6.16|36.00|40548
11011|10.52|37.35|10501
11013|11.77|43.68|20523
11013|10.85|48.35|30520
11001|11.44|27.77|40031
11001|11.44|27.86|40032
11001|11.44|27.66|40033
11001|11.44|27.65|40034
11001|11.44|28.33|40035
11001|11.44|27.36|40036
11001|11.44|26.81|40037
11001|11.44|27.45|40038
11001|11.44|27.83|40039
11001|11.44|27.33|40040
11011|17.97|61.09|10502
11017|17.50|53.48|20559
11007|16.69|32.96|30426
11007|16.69|32.99|30427
11007|16.69|33.19|30428
11007|16.69|33.55|30429
11007|16.69|33.19|30430
11018|17.17|61.63|40564
11024|25.30|63.84|10629
11017|24.49|70.15|20558
11012|24.44|55.82|30504
11002|24.21|43.14|40121
11002|24.56|43.45|40122
11002|24.91|44.12|40123
11002|25.26|44.44|40124
11002|25.61|44.79|40125
11002|25.96|45.18|40126
11002|26.31|45.50|40127
11002|26.66|45.88|40128
11002|27.01|46.53|40129
11002|27.36|46.80|40130
11003|32.55|55.93|10170
11003|32.55|54.96|10171
11003|32.55|54.06|10172
11003|33.35|54.64|10173
11003|33.35|57.29|10174
11003|33.35|58.41|10175
11003|33.35|59.78|10176
11003|32.55|58.56|10177
11003|33.65|58.30|10178
11015|31.74|71.52|20540
11018|31.49|64.18|30568
11013|32.14|64.15|40523
11012|36.72|71.91|10506
11001|38.02|56.00|20011
11001|37.92|56.07|20012
11001|38.02|55.70|20013
11001|38.02|56.39|20014
11001|38.02|55.76|20015
11001|38.02|56.30|20016
11001|38.52|55.07|20017
11001|38.82|55.33|20018
11001|38.52|55.36|20019
11001|38.52|55.28|20020
11001|37.13|53.24|30051
11001|37.13|50.48|30052
11001|37.13|49.46|30053
11001|37.13|50.71|30054
11001|37.13|50.64|30055
11001|37.13|50.24|30056
11001|37.13|49.93|30057
11001|37.13|49.25|30058
11001|37.13|51.31|30059
11001|37.13|51.29|30060
11024|37.76|76.03|40629
11013|43.37|89.24|10522
11090|44.81|78.04|21024
11010|43.28|81.74|30488
11021|44.41|86.45|40597
11004|50.22|68.00|10257
11004|50.82|68.45|10258
11004|51.42|69.02|10259
11004|52.02|69.61|10260
11004|52.62|70.27|10261
11004|53.22|70.87|10262
11004|53.82|71.46|10263
11004|54.42|72.06|10264
11004|49.76|71.25|20297
11004|49.76|71.27|20298
11004|49.76|71.97|20299
11004|49.76|72.04|20300
11004|49.76|71.72|20301
11004|49.76|70.87|20302
11004|49.76|70.18|20303
11004|49.76|72.63|20304
11092|49.25|127.51|31088
11021|50.58|87.66|40602
11007|56.02|81.72|10416
11007|56.02|79.69|10417
11007|56.02|85.21|10418
11007|56.02|84.49|10419
11007|56.02|83.41|10420
11021|56.87|85.86|20595
11013|57.22|89.10|30523
11002|58.04|72.13|40091
11002|58.04|72.11|40092
11002|58.04|71.62|40093
11002|58.04|72.10|40094
11002|58.04|72.12|40095
11002|57.44|73.43|40096
11002|57.44|73.13|40097
11002|57.44|73.28|40098
11002|57.84|73.22|40099
11002|57.44|72.82|40100
#group_44102_3
109.23
11016|4.67|40.91|10550
11003|6.03|32.02|20215
11003|6.03|32.19|20216
11003|6.03|32.83|20217
11003|6.03|32.23|20218
11003|6.03|32.48|20219
11003|6.03|32.60|20220
11003|6.03|32.68|20221
11003|6.03|34.32|20222
11003|6.03|34.41|20223
11090|6.46|39.67|31024
11002|5.51|24.44|40121
11002|5.86|24.75|40122
11002|6.21|25.42|40123
11002|6.56|25.74|40124
11002|6.91|26.09|40125
11002|7.26|26.48|40126
11002|7.61|26.80|40127
11002|7.96|27.18|40128
11002|8.31|27.83|40129
11002|8.66|28.10|40130
11026|12.35|53.77|10644
11011|11.33|55.00|20502
11024|11.86|49.18|30624
11021|12.46|41.79|40596
11020|20.08|40.30|10586
11025|19.68|93.59|20635
11026|18.92|68.47|30653
11214|18.77|48.10|40596
11012|24.59|59.62|10508
11007|25.01|45.10|20406
11007|25.01|45.22|20407
11007|25.01|44.62|20408
11007|25.01|44.41|20409
11007|25.01|44.45|20410
11024|25.40|67.67|30632
11024|25.54|63.81|40629
11018|32.94|67.14|10570
11016|32.29|71.74|20547
11004|32.67|53.94|30233
11004|32.67|53.44|30234
11004|32.67|53.74|30235
11004|32.67|53.42|30236
11004|32.67|53.75|30237
11004|32.67|53.63|30238
11004|32.67|53.96|30239
11004|32.67|54.02|30240
11018|33.30|77.76|40564
11015|39.18|69.02|10535
11009|38.78|57.74|20462
11009|39.98|58.88|20463
11009|41.18|60.13|20464
11007|39.21|69.22|30396
11007|39.21|65.20|30397
11007|39.21|76.80|30398
11007|39.21|72.36|30399
11007|39.21|65.72|30400
11012|38.98|89.59|40507
11021|45.35|74.65|10596
11018|45.20|82.35|20565
11024|47.17|85.52|30629
11018|45.76|78.29|40568
11024|52.85|109.23|10631
11090|52.68|72.64|21084
11016|52.78|83.06|30545
11024|52.77|90.12|40624
11018|59.00|85.66|10567
11020|59.65|80.50|20592
11214|59.71|94.93|30598
11001|58.18|74.51|40031
11001|58.18|74.60|40032
11001|58.18|74.40|40033
11001|58.18|74.39|40034
11001|58.18|75.07|40035
11001|58.18|74.10|40036
11001|58.18|73.55|40037
11001|58.18|74.19|40038
11001|58.18|74.57|40039
11001|58.18|74.07|40040
#group_44102_4
127.04
11002|4.66|23.70|10121
11002|5.01|24.17|10122
11002|5.36|24.47|10123
11002|5.71|24.94|10124
11002|6.06|25.50|10125
11002|6.41|25.64|10126
11002|6.76|25.97|10127
11002|7.11|26.55|10128
11002|7.46|27.26|10129
11002|7.81|27.34|10130
11009|6.08|22.12|20474
11009|6.08|20.56|20475
11009|6.08|23.71|20476
11021|6.01|48.01|30597
11018|5.86|50.32|40564
11013|11.35|44.40|10518
11007|11.89|28.18|20426
11007|11.89|28.22|20427
11007|11.89|28.56|20428
11007|11.89|28.75|20429
11007|11.89|28.37|20430
11026|11.99|91.23|30645
11013|11.15|51.90|40519
11010|19.21|43.75|10490
11012|17.90|55.97|20513
11214|17.49|60.75|30600
11025|18.14|81.72|40643
11026|24.36|64.13|10646
11214|24.80|59.79|20598
11002|24.08|39.67|30131
11002|24.08|39.35|30132
11002|24.08|38.13|30133
11002|24.08|39.13|30134
11002|24.08|37.43|30135
11002|24.08|37.12|30136
11002|24.08|38.20|30137
11002|24.08|38.51|30138
11002|24.08|37.47|30139
11002|24.08|36.55|30140
11015|24.83|73.86|40541
11025|31.21|77.59|10639
11090|31.97|51.37|21031
11090|30.88|50.16|31085
11018|31.78|64.31|40568
11011|38.34|72.42|10499
11092|38.27|75.89|21001
11003|38.42|62.02|30179
11003|38.42|62.44|30180
11003|38.42|60.75|30181
11003|38.42|62.86|30182
11003|38.42|61.57|30183
11003|38.42|60.50|30184
11003|38.42|64.56|30185
11003|38.42|61.40|30186
11003|38.42|62.13|30187
11015|38.27|67.24|40535
11024|46.85|89.15|10632
11015|45.26|85.04|20540
11012|46.02|77.40|30504
11008|46.17|65.66|40451
11008|46.17|64.80|40452
11008|46.17|64.26|40453
11008|46.17|64.88|40454
11002|50.97|79.49|10081
11002|51.22|79.32|10082
11002|51.27|79.57|10083
11002|51.47|79.28|10084
11002|50.97|80.88|10085
11002|51.97|80.35|10086
11002|52.57|80.63|10087
11002|52.57|81.14|10088
11002|52.57|80.66|10089
11002|52.57|79.64|10090
11007|52.60|72.69|20406
11007|52.60|72.81|20407
11007|52.60|72.21|20408
11007|52.60|72.00|20409
11007|52.60|72.04|20410
11001|51.11|72.41|30041
11001|51.11|72.31|30042
11001|51.11|72.02|30043
11001|51.11|72.40|30044
11001|51.11|72.97|30045
11001|51.11|72.63|30046
11001|51.11|72.06|30047
11001|51.11|72.42|30048
11001|51.11|71.77|30049
11001|51.11|73.12|30050
11025|52.31|103.47|40640
11020|58.86|80.44|10589
11011|57.88|84.71|20501
11013|58.68|90.56|30523
11007|57.92|84.36|40416
11007|57.92|81.67|40417
11007|57.92|88.36|40418
11007|57.92|86.33|40419
11007|57.92|85.17|40420
#group_44102_5
100.58
11011|6.16|49.28|10502
11214|5.49|34.71|20596
11011|5.45|33.48|30495
11011|4.68|30.07|40497
11015|12.19|44.63|10539
11020|10.34|30.57|20590
11013|11.76|39.10|30516
11021|10.34|48.73|40603
11007|17.54|37.55|10411
11007|17.54|37.32|10412
11007|17.54|36.60|10413
11007|17.54|37.89|10414
11007|17.54|34.23|10415
11090|16.61|39.07|21025
11013|16.69|57.36|30519
11004|17.76|35.36|40257
11004|18.36|36.00|40258
11004|18.96|36.65|40259
11004|19.56|37.21|40260
11004|20.16|37.77|40261
11004|20.76|38.41|40262
11004|21.36|38.97|40263
11004|21.96|39.58|40264
11008|24.03|43.27|10431
11008|24.03|43.36|10432
11008|24.03|45.01|10433
11008|24.03|43.39|10434
11004|23.16|44.43|20233
11004|23.16|43.93|20234
11004|23.16|44.23|20235
11004|23.16|43.91|20236
11004|23.16|44.25|20237
11004|23.16|44.08|20238
11004|23.16|44.44|20239
11004|23.16|44.52|20240
11011|24.13|52.16|30495
11004|23.82|47.73|40249
11004|23.82|46.51|40250
11004|23.82|48.10|40251
11004|23.82|47.27|40252
11004|23.82|47.57|40253
11004|23.82|47.50|40254
11004|23.82|47.39|40255
11004|23.82|48.31|40256
11010|30.59|55.13|10490
11007|30.33|59.79|20396
11007|30.33|56.32|20397
11007|30.33|66.85|20398
11007|30.33|63.90|20399
11007|30.33|56.87|20400
11010|31.35|58.72|30484
11002|31.21|47.09|40141
11002|31.21|47.31|40142
11002|31.21|46.86|40143
11002|31.21|47.47|40144
11002|31.21|46.84|40145
11002|31.21|46.72|40146
11002|31.21|46.93|40147
11002|31.21|46.55|40148
11002|31.21|46.66|40149
11002|31.21|46.21|40150
11092|36.61|78.79|11090
11090|36.44|52.78|21087
11010|37.32|58.23|30486
11090|36.64|52.85|41087
11018|43.43|76.18|10568
11092|41.92|64.65|21089
11013|43.59|81.09|30520
11015|42.71|91.74|40541
11009|48.94|79.81|10468
11009|48.94|76.59|10469
11009|48.94|80.70|10470
11016|50.25|77.82|20544
11010|49.69|79.31|30482
11013|50.41|81.21|40515
11092|55.23|100.58|11003
11003|56.09|77.98|20197
11003|56.09|78.25|20198
11003|56.09|77.60|20199
11003|56.09|78.31|20200
11003|56.09|78.11|20201
11003|56.09|77.01|20202
11003|56.09|77.42|20203
11003|56.09|77.09|20204
11003|56.09|76.91|20205
11090|55.43|75.54|31084
11013|55.37|86.61|40517
#group_44102_6
101.19
11015|6.17|46.37|10542
11021|4.85|34.07|20596
11011|4.77|39.18|30499
11004|6.02|21.16|40281
11004|6.02|21.46|40282
11004|6.02|21.76|40283
11004|6.02|22.65|40284
11004|6.02|22.78|40285
11004|6.02|21.65|40286
11004|6.02|21.96|40287
11004|6.02|21.85|40288
11012|11.23|36.87|10511
11003|12.58|31.42|20161
11003|12.58|30.46|20162
11003|12.58|31.94|20163
11003|13.38|31.65|20164
11003|12.98|32.69|20165
11003|11.98|30.23|20166
11003|11.98|30.11|20167
11003|11.98|32.07|20168
11003|11.98|32.07|20169
11007|11.54|31.71|30421
11007|11.54|31.22|30422
11007|11.54|30.62|30423
11007|11.54|30.16|30424
11007|11.54|30.04|30425
11010|10.69|31.89|40486
11001|18.92|35.40|10061
11001|18.92|35.89|10062
11001|18.92|34.89|10063
11001|18.92|34.60|10064
11001|18.92|35.39|10065
11001|17.87|37.00|10066
11001|18.17|35.57|10067
11001|18.17|36.00|10068
11001|17.87|36.58|10069
11001|18.17|35.77|10070
11007|18.67|42.77|20401
11007|18.67|44.75|20402
11007|18.67|44.15|20403
11007|18.67|44.13|20404
11007|18.67|43.38|20405
11002|18.24|32.44|30151
11002|18.24|31.05|30152
11002|18.24|33.10|30153
11002|18.24|33.53|30154
11002|18.24|31.47|30155
11002|18.24|32.24|30156
11002|18.24|32.29|30157
11002|18.24|31.79|30158
11002|18.24|33.48|30159
11002|18.24|30.92|30160
11013|18.16|58.91|40519
11011|23.62|66.45|10500
11018|24.85|57.76|20568
11003|24.08|39.73|30188
11003|24.08|39.29|30189
11003|24.08|39.77|30190
11003|24.08|40.21|30191
11003|24.08|39.49|30192
11003|24.08|40.57|30193
11003|24.08|39.66|30194
11003|24.08|39.38|30195
11003|24.08|40.24|30196
11010|24.74|56.36|40480
11017|30.12|78.19|10561
11017|30.42|58.51|20555
11012|30.68|64.18|30505
11009|30.72|52.56|40471
11009|30.72|51.89|40472
11009|30.72|52.74|40473
11008|36.46|55.92|10451
11008|36.46|55.06|10452
11008|36.46|54.51|10453
11008|36.46|55.25|10454
11025|36.36|82.53|20639
11214|36.76|74.05|30602
11020|37.57|58.02|40590
11012|43.23|75.91|10505
11015|43.83|69.98|20537
11001|43.25|59.95|30021
11001|43.67|60.57|30022
11001|44.09|61.01|30023
11001|44.51|61.48|30024
11001|44.93|61.78|30025
11001|45.35|62.31|30026
11001|45.77|62.69|30027
11001|46.19|63.06|30028
11001|46.61|63.53|30029
11001|47.03|63.92|30030
11004|44.61|59.75|40281
11004|44.61|60.05|40282
11004|44.61|60.35|40283
11004|44.61|61.24|40284
11004|44.61|61.37|40285
11004|44.61|60.24|40286
11004|44.61|60.55|40287
11004|44.61|60.44|40288
11010|50.19|88.43|10488
11009|51.58|74.32|20459
11009|51.58|76.40|20460
11009|51.58|77.60|20461
11001|51.86|70.06|30011
11001|51.76|70.02|30012
11001|51.86|69.66|30013
11001|51.86|70.08|30014
11001|51.86|69.85|30015
11001|51.86|70.28|30016
11001|52.36|69.07|30017
11001|52.66|69.09|30018
11001|52.36|69.15|30019
11001|52.36|69.03|30020
11016|51.57|90.65|40552
11016|58.19|91.08|10546
11015|58.95|88.79|20535
11092|59.06|101.19|31090
11010|57.69|89.31|40480
#group_44102_7
102.06
11090|5.34|24.75|11031
11026|5.88|45.75|20646
11020|5.26|25.31|30586
11024|5.60|42.95|40624
11017|12.13|43.77|10554
11020|11.12|25.61|20591
11016|12.51|51.68|30547
11002|11.59|27.47|40141
11002|11.59|27.69|40142
11002|11.59|27.24|40143
11002|11.59|27.85|40144
11002|11.59|27.22|40145
11002|11.59|27.10|40146
11002|11.59|27.31|40147
11002|11.59|26.93|40148
11002|11.59|27.04|40149
11002|11.59|26.59|40150
11004|17.54|35.32|10257
11004|18.14|35.77|10258
11004|18.74|36.34|10259
11004|19.34|36.93|10260
11004|19.94|37.59|10261
11004|20.54|38.19|10262
11004|21.14|38.78|10263
11004|21.74|39.38|10264
11016|16.83|53.09|20550
11017|17.44|45.53|30555
11011|17.91|50.16|40503
11015|23.68|48.85|10536
11017|24.08|72.18|20561
11001|23.82|42.02|30011
11001|23.72|41.98|30012
11001|23.82|41.62|30013
11001|23.82|42.04|30014
11001|23.82|41.81|30015
11001|23.82|42.24|30016
11001|24.32|41.03|30017
11001|24.62|41.05|30018
11001|24.32|41.11|30019
11001|24.32|40.99|30020
11011|23.25|53.71|40494
11018|30.70|64.90|10570
11016|29.57|60.13|20545
11010|30.08|68.54|30488
11092|30.30|67.89|41001
11010|37.17|61.71|10490
11004|37.91|58.93|20241
11004|37.91|59.16|20242
11004|37.91|58.51|20243
11004|37.91|58.72|20244
11004|37.91|58.78|20245
11004|37.91|59.54|20246
11004|37.91|60.73|20247
11004|37.91|60.48|20248
11015|37.17|63.46|30537
11002|38.36|52.30|40151
11002|38.36|51.33|40152
11002|38.36|53.03|40153
11002|38.36|53.72|40154
11002|38.36|51.73|40155
11002|38.36|52.21|40156
11002|38.36|52.43|40157
11002|38.36|51.84|40158
11002|38.36|53.28|40159
11002|38.36|50.99|40160
11003|42.13|68.06|10215
11003|42.13|68.30|10216
11003|42.13|68.96|10217
11003|42.13|68.30|10218
11003|42.13|68.45|10219
11003|42.13|68.77|10220
11003|42.13|68.81|10221
11003|42.13|70.26|10222
11003|42.13|70.40|10223
11011|43.84|74.41|20494
11012|43.23|68.93|30511
11021|43.00|75.68|40601
11010|49.41|79.03|10482
11011|49.47|76.30|20501
11013|50.37|91.04|30519
11017|49.13|102.06|40563
11012|56.24|83.86|10509
11004|56.45|74.65|20265
11004|56.45|74.30|20266
11004|56.45|74.88|20267
11004|56.45|75.33|20268
11004|56.45|75.78|20269
11004|56.45|75.54|20270
11004|56.45|75.20|20271
11004|56.45|74.80|20272
11011|56.37|99.63|30502
11016|56.02|85.86|40548
#group_44102_8
94.54
11020|6.14|25.89|10584
11002|5.38|21.04|20141
11002|5.38|21.65|20142
11002|5.38|20.99|20143
11002|5.38|21.64|20144
11002|5.38|21.02|20145
11002|5.38|21.48|20146
11002|5.38|21.09|20147
11002|5.38|20.71|20148
11002|5.38|21.04|20149
11002|5.38|20.53|20150
11024|4.96|43.31|30629
11007|4.99|31.43|40416
11007|4.99|28.74|40417
11007|4.99|35.43|40418
11007|4.99|33.40|40419
11007|4.99|32.24|40420
11015|12.19|60.85|10541
11015|11.55|41.22|20538
11090|13.03|29.32|31087
11012|12.71|63.32|40507
11015|19.58|59.78|10542
11004|19.54|39.11|20289
11004|19.54|40.67|20290
11004|19.54|37.50|20291
11004|19.54|35.70|20292
11004|19.54|38.67|20293
11004|19.54|38.86|20294
11004|19.54|36.95|20295
11004|19.54|38.81|20296
11020|19.84|40.31|30590
11003|20.69|46.68|40215
11003|20.69|46.89|40216
11003|20.69|47.54|40217
11003|20.69|46.81|40218
11003|20.69|47.04|40219
11003|20.69|47.30|40220
11003|20.69|47.31|40221
11003|20.69|49.03|40222
11003|20.69|49.10|40223
11024|24.64|61.04|10625
11012|26.26|61.41|20506
11013|25.92|71.49|30522
11024|25.71|68.07|40632
11026|30.95|84.22|10651
11016|31.37|65.72|20551
11009|30.27|54.32|30465
11009|30.27|58.76|30466
11009|30.27|52.03|30467
11007|30.62|50.47|40411
11007|30.62|50.51|40412
11007|30.62|49.62|40413
11007|30.62|51.16|40414
11007|30.62|47.39|40415
11003|36.35|52.03|10188
11003|36.35|51.53|10189
11003|36.35|52.09|10190
11003|36.35|52.62|10191
11003|36.35|51.78|10192
11003|36.35|52.72|10193
11003|36.35|51.86|10194
11003|36.35|51.68|10195
11003|36.35|52.50|10196
11003|36.77|60.13|20179
11003|36.77|60.48|20180
11003|36.77|59.11|20181
11003|36.77|60.99|20182
11003|36.77|59.86|20183
11003|36.77|58.81|20184
11003|36.77|62.90|20185
11003|36.77|59.82|20186
11003|36.77|60.40|20187
11002|36.92|50.94|30091
11002|36.92|50.98|30092
11002|36.92|50.52|30093
11002|36.92|51.03|30094
11002|36.92|50.99|30095
11002|36.32|52.21|30096
11002|36.32|51.95|30097
11002|36.32|51.97|30098
11002|36.72|52.00|30099
11002|36.32|51.59|30100
11024|37.19|93.34|40631
11018|42.92|69.58|10567
11017|43.20|71.29|20555
11008|42.86|58.40|30455
11008|42.86|58.18|30456
11008|42.86|55.73|30457
11008|42.86|54.37|30458
11016|42.80|75.59|40546
11016|49.18|78.64|10548
11214|49.96|88.58|20603
11008|49.42|68.70|30431
11008|49.42|68.65|30432
11008|49.42|70.09|30433
11008|49.42|68.59|30434
11013|48.81|94.54|40522
11092|54.92|80.13|11089
11090|54.64|70.88|21086
11004|56.46|76.83|30241
11004|56.46|77.02|30242
11004|56.46|76.34|30243
11004|56.46|76.51|30244
11004|56.46|77.08|30245
11004|56.46|77.49|30246
11004|56.46|78.03|30247
11004|56.46|78.99|30248
11009|56.06|87.18|40477
11009|56.06|87.21|40478
11009|56.06|86.95|40479
#group_44102_9
112.89
11008|5.40|24.07|10447
11008|5.40|25.85|10448
11008|5.40|25.18|10449
11008|5.40|25.54|10450
11011|5.68|38.76|20498
11016|5.29|38.26|30546
11008|6.60|36.16|40435
11008|6.60|35.79|40436
11008|6.60|27.57|40437
11008|6.60|31.61|40438
11017|11.69|59.76|10561
11090|12.69|29.03|21087
11214|11.02|43.26|30601
11017|11.87|47.81|40559
11011|19.21|53.29|10499
11010|19.65|40.69|20486
11011|19.94|53.09|30498
11090|18.05|34.23|41086
11020|25.62|46.85|10592
11024|27.33|63.72|20625
11013|27.26|50.57|30521
11018|26.43|64.89|40573
11012|32.09|70.04|10513
11011|32.02|60.30|20495
11012|32.20|67.32|30506
11012|31.86|57.45|40511
11009|37.12|61.25|10465
11009|37.12|67.25|10466
11009|37.12|59.12|10467
11016|38.24|72.59|20551
11020|38.75|56.29|30585
11016|37.22|71.51|40551
11008|44.16|63.62|10451
11008|44.16|62.76|10452
11008|44.16|62.21|10453
11008|44.16|62.95|10454
11018|43.09|77.38|20570
11016|43.62|82.79|30547
11008|43.56|58.17|40443
11008|43.56|57.13|40444
11008|43.56|58.92|40445
11008|43.56|57.98|40446
11008|50.91|65.52|10443
11008|50.91|64.47|10444
11008|50.91|66.34|10445
11008|50.91|65.31|10446
11013|50.64|90.82|20519
11016|50.98|81.26|30545
11092|50.88|73.52|41089
11025|56.64|112.89|10638
11009|56.53|78.39|20471
11009|56.53|77.68|20472
11009|56.53|78.90|20473
11013|57.12|80.43|30521
11020|57.58|72.15|40591
