#group_44101_1
117.40
11008|4.81|23.78|10439
11008|4.81|23.62|10440
11008|4.81|23.43|10441
11008|4.81|24.01|10442
11021|6.56|46.32|20599
11004|5.39|24.92|30289
11004|5.39|26.21|30290
11004|5.39|23.27|30291
11004|5.39|21.56|30292
11004|5.39|24.57|30293
11004|5.39|24.71|30294
11004|5.39|22.77|30295
11004|5.39|24.60|30296
11092|6.12|28.76|41089
11018|12.00|50.41|10573
11090|12.17|31.57|21031
11092|11.28|34.89|31089
11003|10.41|36.40|40215
11003|10.41|36.61|40216
11003|10.41|37.26|40217
11003|10.41|36.53|40218
11003|10.41|36.76|40219
11003|10.41|37.02|40220
11003|10.41|37.03|40221
11003|10.41|38.75|40222
11003|10.41|38.82|40223
11092|17.16|62.51|11003
11008|17.23|36.85|20451
11008|17.23|35.87|20452
11008|17.23|35.34|20453
11008|17.23|36.01|20454
11002|19.48|38.41|30111
11002|19.48|38.01|30112
11002|19.48|37.73|30113
11002|19.48|38.28|30114
11002|19.48|38.55|30115
11002|19.48|37.90|30116
11002|18.88|39.87|30117
11002|18.88|38.35|30118
11002|18.88|40.37|30119
11002|18.88|38.89|30120
11003|18.61|42.87|40206
11003|18.61|43.04|40207
11003|18.61|42.76|40208
11003|18.61|42.89|40209
11003|18.61|42.75|40210
11003|20.11|42.60|40211
11003|20.11|42.77|40212
11003|20.11|42.91|40213
11003|20.11|42.63|40214
11017|24.29|59.99|10559
11002|24.06|39.72|20141
11002|24.06|40.33|20142
11002|24.06|39.67|20143
11002|24.06|40.32|20144
11002|24.06|39.70|20145
11002|24.06|40.16|20146
11002|24.06|39.77|20147
11002|24.06|39.39|20148
11002|24.06|39.72|20149
11002|24.06|39.21|20150
11025|24.33|70.68|30639
11013|24.48|56.49|40523
11025|29.89|80.41|10641
11016|31.13|58.70|20544
11021|30.45|62.69|30601
11001|32.00|48.51|40061
11001|32.00|49.19|40062
11001|32.00|48.03|40063
11001|32.00|47.52|40064
11001|32.00|48.63|40065
11001|30.95|50.07|40066
11001|31.25|48.70|40067
11001|31.25|49.24|40068
11001|30.95|49.71|40069
11001|31.25|48.83|40070
11001|36.88|54.00|10021
11001|37.30|54.22|10022
11001|37.72|54.70|10023
11001|38.14|55.06|10024
11001|38.56|55.45|10025
11001|38.98|55.90|10026
11001|39.40|56.34|10027
11001|39.82|56.78|10028
11001|40.24|57.14|10029
11001|40.66|57.77|10030
11018|37.28|70.19|20568
11010|36.83|68.53|30480
11214|37.72|77.49|40599
11021|43.92|76.23|10601
11025|43.49|117.40|20635
11011|42.63|68.04|30497
11001|44.39|65.70|40041
11001|44.39|65.54|40042
11001|44.39|65.29|40043
11001|44.39|65.66|40044
11001|44.39|66.35|40045
11001|44.39|65.90|40046
11001|44.39|65.42|40047
11001|44.39|65.72|40048
11001|44.39|64.96|40049
11001|44.39|66.35|40050
11016|50.75|90.50|10552
11004|49.89|67.56|20257
11004|50.49|68.10|20258
11004|51.09|68.74|20259
11004|51.69|69.30|20260
11004|52.29|69.90|20261
11004|52.89|70.55|20262
11004|53.49|71.12|20263
11004|54.09|71.75|20264
11012|51.09|86.22|30508
11011|49.66|82.70|40498
11012|57.92|85.54|10509
11090|57.75|73.99|21086
11004|57.12|72.23|30273
11004|57.12|72.52|30274
11004|57.12|72.95|30275
11004|57.12|72.70|30276
11004|57.12|72.82|30277
11004|57.12|73.37|30278
11004|57.12|73.07|30279
11004|57.12|73.38|30280
11025|57.26|90.37|40634
#group_44101_10
122.07
11002|6.87|20.90|10091
11002|6.87|21.01|10092
11002|6.87|20.55|10093
11002|6.87|20.72|10094
11002|6.87|20.85|10095
11002|6.27|22.13|10096
11002|6.27|21.91|10097
11002|6.27|22.07|10098
11002|6.67|21.95|10099
11002|6.27|21.55|10100
11001|5.55|26.79|20041
11001|5.55|26.67|20042
11001|5.55|26.39|20043
11001|5.55|26.91|20044
11001|5.55|27.54|20045
11001|5.55|27.00|20046
11001|5.55|26.53|20047
11001|5.55|26.78|20048
11001|5.55|26.14|20049
11001|5.55|27.55|20050
11003|6.74|25.43|30161
11003|6.74|24.64|30162
11003|6.74|25.92|30163
11003|7.54|25.89|30164
11003|7.14|26.99|30165
11003|6.14|24.40|30166
11003|6.14|24.47|30167
11003|6.14|26.34|30168
11003|6.14|26.12|30169
11008|6.43|35.99|40435
11008|6.43|35.62|40436
11008|6.43|27.40|40437
11008|6.43|31.44|40438
11011|11.16|43.45|10503
11002|12.14|31.12|20111
11002|12.14|30.71|20112
11002|12.14|30.55|20113
11002|12.14|31.04|20114
11002|12.14|31.25|20115
11002|12.14|30.64|20116
11002|11.54|31.80|20117
11002|11.54|31.10|20118
11002|11.54|32.34|20119
11002|11.54|31.57|20120
11002|11.18|30.07|30121
11002|11.53|30.32|30122
11002|11.88|31.09|30123
11002|12.23|31.40|30124
11002|12.58|31.70|30125
11002|12.93|32.12|30126
11002|13.28|32.40|30127
11002|13.63|32.79|30128
11002|13.98|33.45|30129
11002|14.33|33.78|30130
11012|12.28|45.51|40505
11017|19.25|72.67|10563
11021|18.64|57.26|20603
11002|19.00|33.20|30151
11002|19.00|31.81|30152
11002|19.00|33.86|30153
11002|19.00|34.29|30154
11002|19.00|32.23|30155
11002|19.00|33.00|30156
11002|19.00|33.05|30157
11002|19.00|32.55|30158
11002|19.00|34.24|30159
11002|19.00|31.68|30160
11001|19.45|37.52|40011
11001|19.35|37.51|40012
11001|19.45|36.94|40013
11001|19.45|37.73|40014
11001|19.45|37.39|40015
11001|19.45|37.91|40016
11001|19.95|36.59|40017
11001|20.25|36.71|40018
11001|19.95|36.77|40019
11001|19.95|36.53|40020
11090|25.99|45.83|11084
11002|24.91|40.57|20141
11002|24.91|41.18|20142
11002|24.91|40.52|20143
11002|24.91|41.17|20144
11002|24.91|40.55|20145
11002|24.91|41.01|20146
11002|24.91|40.62|20147
11002|24.91|40.24|20148
11002|24.91|40.57|20149
11002|24.91|40.06|20150
11004|25.67|45.20|30289
11004|25.67|46.49|30290
11004|25.67|43.55|30291
11004|25.67|41.84|30292
11004|25.67|44.85|30293
11004|25.67|44.99|30294
11004|25.67|43.05|30295
11004|25.67|44.88|30296
11003|26.74|45.33|40161
11003|26.74|44.39|40162
11003|26.74|45.96|40163
11003|27.54|45.91|40164
11003|27.14|46.87|40165
11003|26.14|44.39|40166
11003|26.14|44.26|40167
11003|26.14|46.43|40168
11003|26.14|46.34|40169
11003|31.37|55.69|10206
11003|31.37|56.01|10207
11003|31.37|55.65|10208
11003|31.37|55.65|10209
11003|31.37|55.56|10210
11003|32.87|55.60|10211
11003|32.87|55.80|10212
11003|32.87|56.11|10213
11003|32.87|55.37|10214
11004|31.72|55.63|20249
11004|31.72|54.41|20250
11004|31.72|56.00|20251
11004|31.72|55.17|20252
11004|31.72|55.47|20253
11004|31.72|55.40|20254
11004|31.72|55.29|20255
11004|31.72|56.21|20256
11015|31.53|60.45|30535
11008|31.74|61.30|40435
11008|31.74|60.93|40436
11008|31.74|52.71|40437
11008|31.74|56.75|40438
11009|37.76|69.17|10477
11009|37.76|68.94|10478
11009|37.76|68.41|10479
11008|36.89|66.15|20435
11008|36.89|65.26|20436
11008|36.89|57.86|20437
11008|36.89|61.83|20438
11002|37.35|56.28|30111
11002|37.35|55.88|30112
11002|37.35|55.60|30113
11002|37.35|56.15|30114
11002|37.35|56.42|30115
11002|37.35|55.77|30116
11002|36.75|57.74|30117
11002|36.75|56.22|30118
11002|36.75|58.24|30119
11002|36.75|56.76|30120
11015|36.43|60.48|40534
11092|44.82|122.07|11088
11009|44.73|75.72|20468
11009|44.73|72.42|20469
11009|44.73|76.48|20470
11003|46.03|62.27|30224
11003|46.03|64.67|30225
11003|46.43|63.94|30226
11003|47.03|63.66|30227
11003|47.13|62.90|30228
11003|48.03|62.99|30229
11003|44.03|64.41|30230
11003|46.83|62.26|30231
11003|46.03|62.35|30232
11003|45.50|69.15|40179
11003|45.50|69.61|40180
11003|45.50|67.77|40181
11003|45.50|70.01|40182
11003|45.50|68.65|40183
11003|45.50|67.59|40184
11003|45.50|71.58|40185
11003|45.50|68.52|40186
11003|45.50|69.24|40187
11021|52.63|81.70|10594
11017|52.93|86.27|20556
11001|52.83|68.94|30051
11001|52.83|66.18|30052
11001|52.83|65.16|30053
11001|52.83|66.41|30054
11001|52.83|66.34|30055
11001|52.83|65.94|30056
11001|52.83|65.63|30057
11001|52.83|64.95|30058
11001|52.83|67.01|30059
11001|52.83|66.99|30060
11012|51.54|87.91|40512
11017|57.65|103.52|10558
11008|58.21|87.47|20435
11008|58.21|86.58|20436
11008|58.21|79.18|20437
11008|58.21|83.15|20438
11009|58.61|80.48|30471
11009|58.61|79.73|30472
11009|58.61|80.74|30473
11017|58.70|83.01|40557
#group_44101_11
111.05
11003|6.90|23.39|10224
11003|6.90|25.26|10225
11003|7.30|24.87|10226
11003|7.90|24.58|10227
11003|8.00|23.59|10228
11003|8.90|23.88|10229
11003|4.90|24.94|10230
11003|7.70|23.12|10231
11003|6.90|23.26|10232
11010|6.44|38.41|20480
11008|4.90|20.44|30455
11008|4.90|20.22|30456
11008|4.90|17.77|30457
11008|4.90|16.41|30458
11015|4.74|33.83|40538
11017|11.79|55.66|10560
11013|11.82|44.42|20518
11090|12.12|31.55|31031
11008|11.05|30.54|40451
11008|11.05|29.68|40452
11008|11.05|29.14|40453
11008|11.05|29.76|40454
11214|18.16|47.46|10596
11016|18.84|53.98|20553
11009|17.98|33.98|30474
11009|17.98|32.49|30475
11009|17.98|35.73|30476
11003|19.11|40.93|40197
11003|19.11|41.31|40198
11003|19.11|40.73|40199
11003|19.11|41.31|40200
11003|19.11|41.15|40201
11003|19.11|40.18|40202
11003|19.11|40.46|40203
11003|19.11|40.22|40204
11003|19.11|40.14|40205
11010|25.26|49.80|10490
11002|25.37|39.67|20091
11002|25.37|39.52|20092
11002|25.37|38.95|20093
11002|25.37|39.48|20094
11002|25.37|39.51|20095
11002|24.77|40.66|20096
11002|24.77|40.54|20097
11002|24.77|40.46|20098
11002|25.17|40.46|20099
11002|24.77|40.09|20100
11025|25.76|92.12|30637
11011|24.69|52.71|40495
11018|31.51|65.71|10570
11002|31.89|51.05|20121
11002|32.24|51.10|20122
11002|32.59|51.71|20123
11002|32.94|52.37|20124
11002|33.29|52.71|20125
11002|33.64|52.78|20126
11002|33.99|53.14|20127
11002|34.34|53.76|20128
11002|34.69|54.46|20129
11002|35.04|54.47|20130
11008|30.96|50.47|30451
11008|30.96|49.70|30452
11008|30.96|49.06|30453
11008|30.96|49.73|30454
11001|32.19|48.52|40031
11001|32.19|48.61|40032
11001|32.19|48.41|40033
11001|32.19|48.40|40034
11001|32.19|49.08|40035
11001|32.19|48.11|40036
11001|32.19|47.56|40037
11001|32.19|48.20|40038
11001|32.19|48.58|40039
11001|32.19|48.08|40040
11015|37.79|67.19|10538
11020|38.68|58.91|20590
11002|39.31|58.24|30111
11002|39.31|57.84|30112
11002|39.31|57.56|30113
11002|39.31|58.11|30114
11002|39.31|58.38|30115
11002|39.31|57.73|30116
11002|38.71|59.70|30117
11002|38.71|58.18|30118
11002|38.71|60.20|30119
11002|38.71|58.72|30120
11009|38.35|69.47|40477
11009|38.35|69.50|40478
11009|38.35|69.24|40479
11025|44.69|111.05|10637
11017|45.21|95.80|20562
11003|45.50|71.47|30215
11003|45.50|71.71|30216
11003|45.50|72.34|30217
11003|45.50|71.61|30218
11003|45.50|71.79|30219
11003|45.50|72.08|30220
11003|45.50|72.07|30221
11003|45.50|73.80|30222
11003|45.50|73.91|30223
11090|46.41|65.69|41085
11004|51.28|69.06|10257
11004|51.88|69.51|10258
11004|52.48|70.08|10259
11004|53.08|70.67|10260
11004|53.68|71.33|10261
11004|54.28|71.93|10262
11004|54.88|72.52|10263
11004|55.48|73.12|10264
11020|51.20|71.44|20586
11008|51.21|70.72|30451
11008|51.21|69.95|30452
11008|51.21|69.31|30453
11008|51.21|69.98|30454
11003|50.45|72.27|40197
11003|50.45|72.65|40198
11003|50.45|72.07|40199
11003|50.45|72.65|40200
11003|50.45|72.49|40201
11003|50.45|71.52|40202
11003|50.45|71.80|40203
11003|50.45|71.56|40204
11003|50.45|71.48|40205
11002|56.88|85.40|10081
11002|57.13|85.23|10082
11002|57.18|85.48|10083
11002|57.38|85.19|10084
11002|56.88|86.79|10085
11002|57.88|86.26|10086
11002|58.48|86.54|10087
11002|58.48|87.05|10088
11002|58.48|86.57|10089
11002|58.48|85.55|10090
11092|56.44|94.06|21001
11214|58.11|101.37|30600
11016|56.55|87.02|40549
#group_44101_12
99.05
11090|4.95|21.22|11087
11002|6.05|20.03|20151
11002|6.05|18.90|20152
11002|6.05|20.71|20153
11002|6.05|21.38|20154
11002|6.05|19.30|20155
11002|6.05|20.01|20156
11002|6.05|19.97|20157
11002|6.05|19.70|20158
11002|6.05|20.88|20159
11002|6.05|18.69|20160
11011|6.24|38.74|30503
11004|4.82|19.96|40273
11004|4.82|20.26|40274
11004|4.82|20.67|40275
11004|4.82|20.44|40276
11004|4.82|20.54|40277
11004|4.82|21.01|40278
11004|4.82|20.75|40279
11004|4.82|21.06|40280
11009|12.42|43.83|10477
11009|12.42|43.60|10478
11009|12.42|43.07|10479
11003|12.17|27.85|20188
11003|12.17|27.43|20189
11003|12.17|27.83|20190
11003|12.17|28.48|20191
11003|12.17|27.61|20192
11003|12.17|28.50|20193
11003|12.17|27.66|20194
11003|12.17|27.46|20195
11003|12.17|28.29|20196
11020|12.51|30.05|30585
11015|12.07|44.42|40539
11003|18.87|42.22|10179
11003|18.87|42.67|10180
11003|18.87|41.23|10181
11003|18.87|43.18|10182
11003|18.87|42.06|10183
11003|18.87|41.28|10184
11003|18.87|45.40|10185
11003|18.87|41.93|10186
11003|18.87|42.62|10187
11016|18.42|54.68|20550
11012|17.90|56.02|30513
11008|18.30|32.91|40443
11008|18.30|31.87|40444
11008|18.30|33.66|40445
11008|18.30|32.72|40446
11018|25.20|51.86|10567
11010|24.79|63.10|20488
11010|25.11|56.81|30480
11008|25.01|43.67|40447
11008|25.01|45.47|40448
11008|25.01|45.02|40449
11008|25.01|44.90|40450
11003|31.93|53.65|10197
11003|31.93|54.04|10198
11003|31.93|53.40|10199
11003|31.93|54.14|10200
11003|31.93|53.93|10201
11003|31.93|52.93|10202
11003|31.93|53.25|10203
11003|31.93|52.94|10204
11003|31.93|52.73|10205
11010|31.43|52.47|20486
11013|31.45|58.79|30516
11011|31.87|62.33|40494
11017|37.87|65.85|10555
11009|37.95|61.84|20465
11009|37.95|67.87|20466
11009|37.95|60.01|20467
11010|38.65|71.95|30492
11025|37.87|89.03|40640
11003|45.42|64.00|10161
11003|45.42|63.24|10162
11003|45.42|64.57|10163
11003|46.22|64.45|10164
11003|45.82|65.60|10165
11003|44.82|63.05|10166
11003|44.82|62.93|10167
11003|44.82|65.21|10168
11003|44.82|64.99|10169
11015|44.65|84.43|20540
11020|44.63|64.53|30593
11025|44.95|95.47|40641
11001|51.98|69.10|10021
11001|52.40|69.32|10022
11001|52.82|69.80|10023
11001|53.24|70.16|10024
11001|53.66|70.55|10025
11001|54.08|71.00|10026
11001|54.50|71.44|10027
11001|54.92|71.88|10028
11001|55.34|72.24|10029
11001|55.76|72.87|10030
11015|52.47|77.96|20536
11017|50.95|99.05|30561
11012|52.04|87.03|40506
11020|59.84|79.01|10593
11008|58.92|73.59|20443
11008|58.92|72.96|20444
11008|58.92|74.40|20445
11008|58.92|73.34|20446
11016|58.65|92.95|30551
11012|59.28|91.78|40504
#group_44101_13
109.91
11012|5.16|37.05|10504
11002|7.16|21.46|20091
11002|7.16|21.31|20092
11002|7.16|20.74|20093
11002|7.16|21.27|20094
11002|7.16|21.30|20095
11002|6.56|22.45|20096
11002|6.56|22.33|20097
11002|6.56|22.25|20098
11002|6.96|22.25|20099
11002|6.56|21.88|20100
11010|5.92|35.54|30482
11013|6.41|39.47|40518
11013|13.44|40.98|10516
11008|11.76|27.32|20455
11008|11.76|26.94|20456
11008|11.76|24.59|20457
11008|11.76|23.24|20458
11018|12.07|44.76|30568
11010|12.98|46.21|40492
11016|18.52|58.27|10552
11004|19.55|43.46|20249
11004|19.55|42.24|20250
11004|19.55|43.83|20251
11004|19.55|43.00|20252
11004|19.55|43.30|20253
11004|19.55|43.23|20254
11004|19.55|43.12|20255
11004|19.55|44.04|20256
11009|19.86|51.20|30477
11009|19.86|51.26|30478
11009|19.86|50.98|30479
11017|19.27|69.55|40562
11002|25.47|41.35|10141
11002|25.47|41.71|10142
11002|25.47|41.13|10143
11002|25.47|41.74|10144
11002|25.47|41.07|10145
11002|25.47|41.49|10146
11002|25.47|41.14|10147
11002|25.47|40.80|10148
11002|25.47|40.96|10149
11002|25.47|40.65|10150
11011|24.62|49.89|20497
11012|24.53|62.65|30513
11008|24.25|42.91|40447
11008|24.25|44.71|40448
11008|24.25|44.26|40449
11008|24.25|44.14|40450
11013|30.49|76.36|10522
11001|30.22|47.49|20001
11001|31.02|47.87|20002
11001|31.12|47.73|20003
11001|30.92|48.86|20004
11001|30.82|48.35|20005
11001|30.72|47.78|20006
11001|31.02|47.12|20007
11001|30.82|48.74|20008
11001|30.22|48.30|20009
11001|30.82|47.73|20010
11092|30.52|68.16|31001
11011|30.16|66.93|40496
11009|36.83|67.70|10468
11009|36.83|64.48|10469
11009|36.83|68.59|10470
11009|36.65|52.69|20474
11009|36.65|51.13|20475
11009|36.65|54.28|20476
11002|38.32|52.34|30091
11002|38.32|52.38|30092
11002|38.32|51.92|30093
11002|38.32|52.43|30094
11002|38.32|52.39|30095
11002|37.72|53.61|30096
11002|37.72|53.35|30097
11002|37.72|53.37|30098
11002|38.12|53.40|30099
11002|37.72|52.99|30100
11003|37.51|61.16|40179
11003|37.51|61.62|40180
11003|37.51|59.78|40181
11003|37.51|62.02|40182
11003|37.51|60.66|40183
11003|37.51|59.60|40184
11003|37.51|63.59|40185
11003|37.51|60.53|40186
11003|37.51|61.25|40187
11013|44.90|72.44|10516
11020|44.13|63.25|20584
11008|44.81|63.56|30447
11008|44.81|65.37|30448
11008|44.81|64.86|30449
11008|44.81|64.43|30450
11018|43.65|70.13|40567
11008|51.75|71.21|10451
11008|51.75|70.35|10452
11008|51.75|69.80|10453
11008|51.75|70.54|10454
11010|51.70|76.47|20490
11009|51.65|70.42|30462
11009|52.85|71.85|30463
11009|54.05|72.92|30464
11013|50.73|96.46|40522
11214|56.34|99.64|10600
11017|56.29|109.91|20563
11010|57.36|89.06|30480
11020|56.32|74.19|40585
#group_44101_14
133.81
11016|6.21|35.67|10548
11010|6.04|44.35|20488
11092|4.84|49.63|31003
11025|5.65|72.01|40637
11016|11.03|50.78|10552
11011|11.04|44.12|20498
11002|11.71|30.60|30121
11002|12.06|30.85|30122
11002|12.41|31.62|30123
11002|12.76|31.93|30124
11002|13.11|32.23|30125
11002|13.46|32.65|30126
11002|13.81|32.93|30127
11002|14.16|33.32|30128
11002|14.51|33.98|30129
11002|14.86|34.31|30130
11090|11.15|27.36|41087
11012|19.25|55.13|10510
11090|17.68|40.14|21025
11002|18.22|32.24|30091
11002|18.22|32.28|30092
11002|18.22|31.82|30093
11002|18.22|32.33|30094
11002|18.22|32.29|30095
11002|17.62|33.51|30096
11002|17.62|33.25|30097
11002|17.62|33.27|30098
11002|18.02|33.30|30099
11002|17.62|32.89|30100
11010|18.06|45.48|40484
11013|24.16|51.70|10516
11013|24.28|56.19|20523
11004|24.32|45.59|30233
11004|24.32|45.09|30234
11004|24.32|45.39|30235
11004|24.32|45.07|30236
11004|24.32|45.40|30237
11004|24.32|45.28|30238
11004|24.32|45.61|30239
11004|24.32|45.67|30240
11003|25.72|41.41|40188
11003|25.72|40.95|40189
11003|25.72|41.40|40190
11003|25.72|42.29|40191
11003|25.72|41.08|40192
11003|25.72|42.24|40193
11003|25.72|41.20|40194
11003|25.72|41.05|40195
11003|25.72|41.98|40196
11020|30.99|52.22|10592
11010|29.91|59.57|20482
11017|29.87|75.16|30560
11003|31.08|49.67|40161
11003|31.08|48.73|40162
11003|31.08|50.30|40163
11003|31.88|50.25|40164
11003|31.48|51.21|40165
11003|30.48|48.73|40166
11003|30.48|48.60|40167
11003|30.48|50.77|40168
11003|30.48|50.68|40169
11004|36.72|51.86|10281
11004|36.72|51.94|10282
11004|36.72|52.70|10283
11004|36.72|53.37|10284
11004|36.72|53.47|10285
11004|36.72|52.29|10286
11004|36.72|53.03|10287
11004|36.72|52.53|10288
11003|38.34|54.46|20224
11003|38.34|56.88|20225
11003|38.74|56.28|20226
11003|39.34|55.93|20227
11003|39.44|55.16|20228
11003|40.34|55.37|20229
11003|36.34|56.15|20230
11003|39.14|54.58|20231
11003|38.34|54.51|20232
11010|37.20|70.50|30492
11092|35.82|58.46|41089
11003|41.48|63.20|10197
11003|41.48|63.59|10198
11003|41.48|62.95|10199
11003|41.48|63.69|10200
11003|41.48|63.48|10201
11003|41.48|62.48|10202
11003|41.48|62.80|10203
11003|41.48|62.49|10204
11003|41.48|62.28|10205
11009|41.65|63.51|20471
11009|41.65|62.80|20472
11009|41.65|64.02|20473
11010|42.07|62.98|30486
11003|41.89|63.71|40197
11003|41.89|64.09|40198
11003|41.89|63.51|40199
11003|41.89|64.09|40200
11003|41.89|63.93|40201
11003|41.89|62.96|40202
11003|41.89|63.24|40203
11003|41.89|63.00|40204
11003|41.89|62.92|40205
11015|49.59|82.03|10539
11002|50.12|64.42|20091
11002|50.12|64.27|20092
11002|50.12|63.70|20093
11002|50.12|64.23|20094
11002|50.12|64.26|20095
11002|49.52|65.41|20096
11002|49.52|65.29|20097
11002|49.52|65.21|20098
11002|49.92|65.21|20099
11002|49.52|64.84|20100
11010|49.56|81.26|30480
11004|48.18|63.32|40281
11004|48.18|63.62|40282
11004|48.18|63.92|40283
11004|48.18|64.81|40284
11004|48.18|64.94|40285
11004|48.18|63.81|40286
11004|48.18|64.12|40287
11004|48.18|64.01|40288
11002|56.03|75.07|10121
11002|56.38|75.54|10122
11002|56.73|75.84|10123
11002|57.08|76.31|10124
11002|57.43|76.87|10125
11002|57.78|77.01|10126
11002|58.13|77.34|10127
11002|58.48|77.92|10128
11002|58.83|78.63|10129
11002|59.18|78.71|10130
11092|56.14|133.81|21088
11092|55.60|93.24|31001
11009|55.77|74.71|40462
11009|56.97|75.83|40463
11009|58.17|77.12|40464
#group_44101_15
90.80
11013|6.47|39.52|10518
11009|4.97|21.01|20474
11009|4.97|19.45|20475
11009|4.97|22.60|20476
11010|5.90|39.20|30492
11013|5.30|51.03|40522
11092|12.28|50.02|11001
11003|14.38|33.22|20161
11003|14.38|32.26|20162
11003|14.38|33.74|20163
11003|15.18|33.45|20164
11003|14.78|34.49|20165
11003|13.78|32.03|20166
11003|13.78|31.91|20167
11003|13.78|33.87|20168
11003|13.78|33.87|20169
11012|12.72|38.42|30511
11010|13.61|46.84|40492
11009|18.14|40.95|10459
11009|18.14|42.91|10460
11009|18.14|43.88|10461
11013|19.47|51.38|20523
11004|18.73|33.91|30281
11004|18.73|34.22|30282
11004|18.73|34.60|30283
11004|18.73|35.43|30284
11004|18.73|35.57|30285
11004|18.73|34.33|30286
11004|18.73|34.79|30287
11004|18.73|34.52|30288
11002|19.22|33.16|40151
11002|19.22|32.19|40152
11002|19.22|33.89|40153
11002|19.22|34.58|40154
11002|19.22|32.59|40155
11002|19.22|33.07|40156
11002|19.22|33.29|40157
11002|19.22|32.70|40158
11002|19.22|34.14|40159
11002|19.22|31.85|40160
11012|24.20|62.15|10513
11009|25.41|48.15|20459
11009|25.41|50.23|20460
11009|25.41|51.43|20461
11011|24.98|57.48|30503
11025|24.44|90.80|40637
11001|31.87|55.11|10071
11001|31.87|54.83|10072
11001|31.87|54.39|10073
11001|31.87|54.24|10074
11001|31.87|54.35|10075
11001|31.87|54.06|10076
11001|32.27|54.04|10077
11001|32.07|53.54|10078
11001|31.87|51.95|10079
11001|32.67|53.32|10080
11092|31.37|68.99|21001
11003|32.48|51.17|30161
11003|32.48|50.38|30162
11003|32.48|51.66|30163
11003|33.28|51.63|30164
11003|32.88|52.73|30165
11003|31.88|50.14|30166
11003|31.88|50.21|30167
11003|31.88|52.08|30168
11003|31.88|51.86|30169
11013|31.77|63.78|40523
11012|39.11|71.00|10504
11013|39.09|79.27|20519
11008|38.41|57.12|30439
11008|38.41|57.18|30440
11008|38.41|56.96|30441
11008|38.41|58.00|30442
11090|38.50|54.68|41086
11009|44.08|62.95|10462
11009|45.28|64.26|10463
11009|46.48|65.37|10464
11004|43.28|67.19|20249
11004|43.28|65.97|20250
11004|43.28|67.56|20251
11004|43.28|66.73|20252
11004|43.28|67.03|20253
11004|43.28|66.96|20254
11004|43.28|66.85|20255
11004|43.28|67.77|20256
11003|45.88|62.12|30224
11003|45.88|64.52|30225
11003|46.28|63.79|30226
11003|46.88|63.51|30227
11003|46.98|62.75|30228
11003|47.88|62.84|30229
11003|43.88|64.26|30230
11003|46.68|62.11|30231
11003|45.88|62.20|30232
11009|45.00|63.94|40462
11009|46.20|65.06|40463
11009|47.40|66.35|40464
11003|50.79|74.14|10179
11003|50.79|74.59|10180
11003|50.79|73.15|10181
11003|50.79|75.10|10182
11003|50.79|73.98|10183
11003|50.79|73.20|10184
11003|50.79|77.32|10185
11003|50.79|73.85|10186
11003|50.79|74.54|10187
11010|49.70|70.74|20486
11016|50.12|77.54|30544
11015|50.77|79.74|40535
11004|58.04|79.18|10241
11004|58.04|78.94|10242
11004|58.04|78.25|10243
11004|58.04|78.46|10244
11004|58.04|79.50|10245
11004|58.04|80.04|10246
11004|58.04|80.91|10247
11004|58.04|81.01|10248
11016|57.55|88.47|20549
11016|57.04|87.32|30545
#group_44101_16
95.18
11004|6.27|24.72|10265
11004|6.27|23.82|10266
11004|6.27|24.67|10267
11004|6.27|25.16|10268
11004|6.27|25.84|10269
11004|6.27|25.65|10270
11004|6.27|25.00|10271
11004|6.27|24.05|10272
11003|5.51|21.19|20188
11003|5.51|20.77|20189
11003|5.51|21.17|20190
11003|5.51|21.82|20191
11003|5.51|20.95|20192
11003|5.51|21.84|20193
11003|5.51|21.00|20194
11003|5.51|20.80|20195
11003|5.51|21.63|20196
11016|6.27|45.44|30547
11001|5.78|22.29|40061
11001|5.78|22.97|40062
11001|5.78|21.81|40063
11001|5.78|21.30|40064
11001|5.78|22.41|40065
11001|4.73|23.85|40066
11001|5.03|22.48|40067
11001|5.03|23.02|40068
11001|4.73|23.49|40069
11001|5.03|22.61|40070
11009|13.51|35.48|10471
11009|13.51|34.74|10472
11009|13.51|35.87|10473
11002|12.66|28.32|20141
11002|12.66|28.93|20142
11002|12.66|28.27|20143
11002|12.66|28.92|20144
11002|12.66|28.30|20145
11002|12.66|28.76|20146
11002|12.66|28.37|20147
11002|12.66|27.99|20148
11002|12.66|28.32|20149
11002|12.66|27.81|20150
11011|13.15|47.56|30499
11003|12.32|34.14|40197
11003|12.32|34.52|40198
11003|12.32|33.94|40199
11003|12.32|34.52|40200
11003|12.32|34.36|40201
11003|12.32|33.39|40202
11003|12.32|33.67|40203
11003|12.32|33.43|40204
11003|12.32|33.35|40205
11013|18.05|45.59|10516
11025|18.78|69.30|20641
11008|18.17|37.68|30451
11008|18.17|36.91|30452
11008|18.17|36.27|30453
11008|18.17|36.94|30454
11012|18.42|53.56|40508
11090|25.93|59.20|11024
11008|24.19|39.75|20455
11008|24.19|39.37|20456
11008|24.19|37.02|20457
11008|24.19|35.67|20458
11016|25.80|62.07|30550
11011|25.02|51.88|40501
11021|30.52|70.33|10597
11009|30.96|54.85|20465
11009|30.96|60.88|20466
11009|30.96|53.02|20467
11018|30.54|74.87|30564
11013|30.84|54.12|40521
11020|37.88|60.70|10591
11010|38.13|71.29|20492
11009|36.76|58.63|30471
11009|36.76|57.88|30472
11009|36.76|58.89|30473
11002|37.32|57.27|40101
11002|37.32|56.29|40102
11002|37.32|56.67|40103
11002|37.32|57.01|40104
11002|37.32|56.13|40105
11002|37.32|57.28|40106
11002|37.32|53.97|40107
11002|37.32|56.88|40108
11002|37.32|55.51|40109
11002|37.32|55.98|40110
11013|42.64|74.07|10517
11011|42.68|86.35|20502
11017|43.79|89.08|30560
11018|42.50|68.98|40567
11001|50.05|68.15|10011
11001|49.95|68.08|10012
11001|50.05|68.07|10013
11001|50.05|68.43|10014
11001|50.05|67.77|10015
11001|50.05|68.50|10016
11001|50.55|67.12|10017
11001|50.85|67.25|10018
11001|50.55|67.30|10019
11001|50.55|67.16|10020
11002|50.27|69.43|20121
11002|50.62|69.48|20122
11002|50.97|70.09|20123
11002|51.32|70.75|20124
11002|51.67|71.09|20125
11002|52.02|71.16|20126
11002|52.37|71.52|20127
11002|52.72|72.14|20128
11002|53.07|72.84|20129
11002|53.42|72.85|20130
11021|48.66|77.65|30595
11010|50.28|88.65|40488
11012|56.24|83.86|10509
11012|56.19|91.27|20508
11015|56.38|95.18|30542
#group_44101_17
135.76
11214|6.22|43.15|10602
11010|5.29|32.55|20484
11003|5.41|28.72|30170
11003|5.41|27.76|30171
11003|5.41|26.87|30172
11003|6.21|26.87|30173
11003|6.21|29.25|30174
11003|6.21|30.56|30175
11003|6.21|32.50|30176
11003|5.41|31.05|30177
11003|6.51|31.08|30178
11004|4.62|24.12|40289
11004|4.62|25.56|40290
11004|4.62|22.55|40291
11004|4.62|20.88|40292
11004|4.62|23.72|40293
11004|4.62|23.91|40294
11004|4.62|22.05|40295
11004|4.62|23.85|40296
11011|13.08|43.36|10494
11001|13.41|28.99|20051
11001|13.41|26.99|20052
11001|13.41|25.79|20053
11001|13.41|27.00|20054
11001|13.41|26.96|20055
11001|13.41|26.34|20056
11001|13.41|26.26|20057
11001|13.41|25.60|20058
11001|13.41|27.56|20059
11001|13.41|27.67|20060
11025|12.10|68.35|30638
11021|13.29|48.33|40598
11010|17.86|42.40|10490
11012|18.88|51.27|20505
11009|18.73|40.60|30471
11009|18.73|39.85|30472
11009|18.73|40.86|30473
11015|18.21|47.18|40535
11015|24.73|54.13|10538
11011|24.15|57.23|20498
11015|25.25|49.61|30534
11008|25.28|44.07|40439
11008|25.28|44.25|40440
11008|25.28|43.86|40441
11008|25.28|44.44|40442
11003|33.33|49.01|10188
11003|33.33|48.51|10189
11003|33.33|49.07|10190
11003|33.33|49.60|10191
11003|33.33|48.76|10192
11003|33.33|49.70|10193
11003|33.33|48.84|10194
11003|33.33|48.66|10195
11003|33.33|49.48|10196
11012|31.54|67.34|20510
11012|32.25|63.63|30504
11017|31.43|65.64|40556
11021|39.95|78.29|10603
11001|39.05|55.84|20021
11001|39.47|56.40|20022
11001|39.89|56.76|20023
11001|40.31|57.18|20024
11001|40.73|57.65|20025
11001|41.15|58.08|20026
11001|41.57|58.46|20027
11001|41.99|58.87|20028
11001|42.41|59.40|20029
11001|42.83|59.65|20030
11092|38.61|80.74|31090
11214|38.69|73.73|40598
11025|45.18|118.32|10635
11025|45.54|101.79|20638
11004|45.98|61.16|30281
11004|45.98|61.47|30282
11004|45.98|61.85|30283
11004|45.98|62.68|30284
11004|45.98|62.82|30285
11004|45.98|61.58|30286
11004|45.98|62.04|30287
11004|45.98|61.77|30288
11008|45.78|61.52|40455
11008|45.78|61.20|40456
11008|45.78|58.52|40457
11008|45.78|57.28|40458
11008|52.50|68.08|10455
11008|52.50|68.05|10456
11008|52.50|65.37|10457
11008|52.50|63.89|10458
11015|52.18|81.85|20538
11025|51.51|115.09|30643
11015|52.17|81.26|40538
11002|58.40|74.28|10141
11002|58.40|74.64|10142
11002|58.40|74.06|10143
11002|58.40|74.67|10144
11002|58.40|74.00|10145
11002|58.40|74.42|10146
11002|58.40|74.07|10147
11002|58.40|73.73|10148
11002|58.40|73.89|10149
11002|58.40|73.58|10150
11016|58.54|98.80|20552
11092|57.50|135.76|31088
11002|58.05|76.96|40111
11002|58.05|76.43|40112
11002|58.05|76.32|40113
11002|58.05|77.22|40114
11002|58.05|77.09|40115
11002|58.05|76.45|40116
11002|57.45|78.46|40117
11002|57.45|76.93|40118
11002|57.45|78.27|40119
11002|57.45|76.93|40120
#group_44101_18
104.06
11012|5.33|55.85|10507
11010|6.60|38.57|20480
11012|5.33|41.09|30510
11004|5.13|24.63|40289
11004|5.13|26.07|40290
11004|5.13|23.06|40291
11004|5.13|21.39|40292
11004|5.13|24.23|40293
11004|5.13|24.42|40294
11004|5.13|22.56|40295
11004|5.13|24.36|40296
11016|11.75|47.99|10550
11092|11.78|53.96|21090
11002|11.89|27.48|30131
11002|11.89|27.16|30132
11002|11.89|25.94|30133
11002|11.89|26.94|30134
11002|11.89|25.24|30135
11002|11.89|24.93|30136
11002|11.89|26.01|30137
11002|11.89|26.32|30138
11002|11.89|25.28|30139
11002|11.89|24.36|30140
11004|11.17|28.77|40257
11004|11.77|29.41|40258
11004|12.37|30.06|40259
11004|12.97|30.62|40260
11004|13.57|31.18|40261
11004|14.17|31.82|40262
11004|14.77|32.38|40263
11004|15.37|32.99|40264
11003|18.70|35.19|10224
11003|18.70|37.06|10225
11003|19.10|36.67|10226
11003|19.70|36.38|10227
11003|19.80|35.39|10228
11003|20.70|35.68|10229
11003|16.70|36.74|10230
11003|19.50|34.92|10231
11003|18.70|35.06|10232
11021|17.68|47.01|20594
11012|16.83|54.95|30513
11092|16.86|54.45|41001
11004|25.05|44.52|10289
11004|25.05|45.73|10290
11004|25.05|43.01|10291
11004|25.05|41.28|10292
11004|25.05|44.23|10293
11004|25.05|44.34|10294
11004|25.05|42.48|10295
11004|25.05|44.33|10296
11011|25.08|68.87|20500
11011|24.91|52.94|30495
11003|25.06|43.65|40161
11003|25.06|42.71|40162
11003|25.06|44.28|40163
11003|25.86|44.23|40164
11003|25.46|45.19|40165
11003|24.46|42.71|40166
11003|24.46|42.58|40167
11003|24.46|44.75|40168
11003|24.46|44.66|40169
11214|30.55|62.86|10601
11090|30.38|50.34|21084
11013|31.61|58.84|30514
11016|31.17|71.56|40547
11011|36.86|65.11|10495
11003|36.76|52.44|20188
11003|36.76|52.02|20189
11003|36.76|52.42|20190
11003|36.76|53.07|20191
11003|36.76|52.20|20192
11003|36.76|53.09|20193
11003|36.76|52.25|20194
11003|36.76|52.05|20195
11003|36.76|52.88|20196
11012|37.09|72.22|30508
11011|37.62|81.43|40500
11012|43.81|81.76|10513
11008|45.54|74.80|20435
11008|45.54|73.91|20436
11008|45.54|66.51|20437
11008|45.54|70.48|20438
11004|45.03|64.56|30289
11004|45.03|65.85|30290
11004|45.03|62.91|30291
11004|45.03|61.20|30292
11004|45.03|64.21|30293
11004|45.03|64.35|30294
11004|45.03|62.41|30295
11004|45.03|64.24|30296
11004|44.45|65.72|40233
11004|44.45|65.22|40234
11004|44.45|65.52|40235
11004|44.45|65.24|40236
11004|44.45|65.55|40237
11004|44.45|65.43|40238
11004|44.45|65.77|40239
11004|44.45|65.81|40240
11013|51.61|78.82|10514
11012|51.46|102.12|20507
11015|50.42|76.14|30536
11025|50.56|83.67|40634
11016|56.62|87.51|10549
11004|58.18|79.20|20241
11004|58.18|79.43|20242
11004|58.18|78.78|20243
11004|58.18|78.99|20244
11004|58.18|79.05|20245
11004|58.18|79.81|20246
11004|58.18|81.00|20247
11004|58.18|80.75|20248
11012|57.34|95.46|30513
11002|58.03|72.12|40091
11002|58.03|72.10|40092
11002|58.03|71.61|40093
11002|58.03|72.09|40094
11002|58.03|72.11|40095
11002|57.43|73.42|40096
11002|57.43|73.12|40097
11002|57.43|73.27|40098
11002|57.83|73.21|40099
11002|57.43|72.81|40100
#group_44101_19
103.98
11008|6.55|25.52|10439
11008|6.55|25.36|10440
11008|6.55|25.17|10441
11008|6.55|25.75|10442
11013|6.36|36.83|20515
11010|4.96|29.65|30490
11092|5.38|28.02|41089
11015|12.60|61.26|10541
11011|12.03|40.31|20495
11009|12.24|43.58|30477
11009|12.24|43.64|30478
11009|12.24|43.36|30479
11015|11.52|40.49|40535
11004|18.33|36.11|10257
11004|18.93|36.56|10258
11004|19.53|37.13|10259
11004|20.13|37.72|10260
11004|20.73|38.38|10261
11004|21.33|38.98|10262
11004|21.93|39.57|10263
11004|22.53|40.17|10264
11004|18.94|40.43|20297
11004|18.94|40.45|20298
11004|18.94|41.15|20299
11004|18.94|41.22|20300
11004|18.94|40.90|20301
11004|18.94|40.05|20302
11004|18.94|39.36|20303
11004|18.94|41.81|20304
11004|19.12|34.30|30281
11004|19.12|34.61|30282
11004|19.12|34.99|30283
11004|19.12|35.82|30284
11004|19.12|35.96|30285
11004|19.12|34.72|30286
11004|19.12|35.18|30287
11004|19.12|34.91|30288
11001|17.92|34.87|40021
11001|18.34|35.25|40022
11001|18.76|35.68|40023
11001|19.18|36.09|40024
11001|19.60|36.56|40025
11001|20.02|36.90|40026
11001|20.44|37.37|40027
11001|20.86|37.74|40028
11001|21.28|38.21|40029
11001|21.70|38.69|40030
11001|24.96|43.06|10011
11001|24.86|42.99|10012
11001|24.96|42.98|10013
11001|24.96|43.34|10014
11001|24.96|42.68|10015
11001|24.96|43.41|10016
11001|25.46|42.03|10017
11001|25.76|42.16|10018
11001|25.46|42.21|10019
11001|25.46|42.07|10020
11004|25.06|44.63|20289
11004|25.06|46.19|20290
11004|25.06|43.02|20291
11004|25.06|41.22|20292
11004|25.06|44.19|20293
11004|25.06|44.38|20294
11004|25.06|42.47|20295
11004|25.06|44.33|20296
11010|25.77|57.47|30480
11016|24.43|59.51|40553
11002|30.16|44.34|10151
11002|30.16|42.57|10152
11002|30.16|44.92|10153
11002|30.16|45.42|10154
11002|30.16|43.09|10155
11002|30.16|44.06|10156
11002|30.16|44.12|10157
11002|30.16|43.68|10158
11002|30.16|45.01|10159
11002|30.16|42.70|10160
11090|30.15|49.55|21031
11008|31.57|46.22|30443
11008|31.57|45.15|30444
11008|31.57|46.97|30445
11008|31.57|46.03|30446
11017|31.18|59.22|40555
11004|36.99|56.46|10289
11004|36.99|57.67|10290
11004|36.99|54.95|10291
11004|36.99|53.22|10292
11004|36.99|56.17|10293
11004|36.99|56.28|10294
11004|36.99|54.42|10295
11004|36.99|56.27|10296
11013|37.48|64.55|20514
11008|37.93|56.68|30447
11008|37.93|58.49|30448
11008|37.93|57.98|30449
11008|37.93|57.55|30450
11003|39.30|57.89|40161
11003|39.30|56.95|40162
11003|39.30|58.52|40163
11003|40.10|58.47|40164
11003|39.70|59.43|40165
11003|38.70|56.95|40166
11003|38.70|56.82|40167
11003|38.70|58.99|40168
11003|38.70|58.90|40169
11003|43.94|65.66|10197
11003|43.94|66.05|10198
11003|43.94|65.41|10199
11003|43.94|66.15|10200
11003|43.94|65.94|10201
11003|43.94|64.94|10202
11003|43.94|65.26|10203
11003|43.94|64.95|10204
11003|43.94|64.74|10205
11015|44.37|70.52|20537
11009|43.64|67.69|30465
11009|43.64|72.13|30466
11009|43.64|65.40|30467
11021|44.40|82.79|40603
11020|50.91|72.14|10592
11021|49.87|79.09|20596
11013|50.51|77.74|30514
11017|51.05|103.98|40563
11092|56.55|79.84|11091
#group_44101_2
109.65
11001|4.78|28.02|10071
11001|4.78|27.74|10072
11001|4.78|27.30|10073
11001|4.78|27.15|10074
11001|4.78|27.26|10075
11001|4.78|26.97|10076
11001|5.18|26.95|10077
11001|4.98|26.45|10078
11001|4.78|24.86|10079
11001|5.58|26.23|10080
11025|4.77|61.02|20638
11090|6.50|22.70|31086
11008|5.12|23.78|40447
11008|5.12|25.58|40448
11008|5.12|25.13|40449
11008|5.12|25.01|40450
11010|12.94|40.10|10484
11004|11.98|27.08|20273
11004|11.98|27.37|20274
11004|11.98|27.82|20275
11004|11.98|27.54|20276
11004|11.98|27.69|20277
11004|11.98|28.21|20278
11004|11.98|27.92|20279
11004|11.98|28.17|20280
11011|13.11|41.14|30495
11090|12.45|28.66|41087
11090|17.89|37.17|11085
11001|19.20|40.44|20041
11001|19.20|40.32|20042
11001|19.20|40.04|20043
11001|19.20|40.56|20044
11001|19.20|41.19|20045
11001|19.20|40.65|20046
11001|19.20|40.18|20047
11001|19.20|40.43|20048
11001|19.20|39.79|20049
11001|19.20|41.20|20050
11015|19.20|49.25|30543
11013|18.53|50.54|40523
11008|23.40|42.86|10451
11008|23.40|42.00|10452
11008|23.40|41.45|10453
11008|23.40|42.19|10454
11010|23.38|55.35|20480
11002|24.37|38.57|30151
11002|24.37|37.18|30152
11002|24.37|39.23|30153
11002|24.37|39.66|30154
11002|24.37|37.60|30155
11002|24.37|38.37|30156
11002|24.37|38.42|30157
11002|24.37|37.92|30158
11002|24.37|39.61|30159
11002|24.37|37.05|30160
11021|24.79|66.83|40597
11011|30.18|63.86|10498
11001|31.98|48.48|20061
11001|31.98|49.18|20062
11001|31.98|47.95|20063
11001|31.98|47.87|20064
11001|31.98|48.50|20065
11001|30.93|50.04|20066
11001|31.23|48.88|20067
11001|31.23|49.06|20068
11001|30.93|49.77|20069
11001|31.23|49.24|20070
11004|30.21|51.53|30297
11004|30.21|51.70|30298
11004|30.21|52.33|30299
11004|30.21|52.45|30300
11004|30.21|51.84|30301
11004|30.21|51.27|30302
11004|30.21|50.60|30303
11004|30.21|53.31|30304
11016|31.82|66.11|40551
11013|38.15|84.02|10522
11013|37.68|60.83|20521
11016|36.85|72.03|30553
11008|37.92|56.58|40447
11008|37.92|58.38|40448
11008|37.92|57.93|40449
11008|37.92|57.81|40450
11008|42.74|58.32|10455
11008|42.74|58.29|10456
11008|42.74|55.61|10457
11008|42.74|54.13|10458
11010|43.07|75.04|20480
11025|43.29|109.65|30637
11001|43.74|61.81|40011
11001|43.64|61.80|40012
11001|43.74|61.23|40013
11001|43.74|62.02|40014
11001|43.74|61.68|40015
11001|43.74|62.20|40016
11001|44.24|60.88|40017
11001|44.54|61.00|40018
11001|44.24|61.06|40019
11001|44.24|60.82|40020
11092|50.25|92.43|11090
11001|50.30|65.88|20051
11001|50.30|63.88|20052
11001|50.30|62.68|20053
11001|50.30|63.89|20054
11001|50.30|63.85|20055
11001|50.30|63.23|20056
11001|50.30|63.15|20057
11001|50.30|62.49|20058
11001|50.30|64.45|20059
11001|50.30|64.56|20060
11003|49.78|65.43|30188
11003|49.78|64.99|30189
11003|49.78|65.47|30190
11003|49.78|65.91|30191
11003|49.78|65.19|30192
11003|49.78|66.27|30193
11003|49.78|65.36|30194
11003|49.78|65.08|30195
11003|49.78|65.94|30196
11001|50.22|66.73|40061
11001|50.22|67.41|40062
11001|50.22|66.25|40063
11001|50.22|65.74|40064
11001|50.22|66.85|40065
11001|49.17|68.29|40066
11001|49.47|66.92|40067
11001|49.47|67.46|40068
11001|49.17|67.93|40069
11001|49.47|67.05|40070
11012|56.66|92.53|10512
11003|55.86|79.22|20179
11003|55.86|79.57|20180
11003|55.86|78.20|20181
11003|55.86|80.08|20182
11003|55.86|78.95|20183
11003|55.86|77.90|20184
11003|55.86|81.99|20185
11003|55.86|78.91|20186
11003|55.86|79.49|20187
11011|55.70|90.11|30499
11009|56.82|75.76|40462
11009|58.02|76.88|40463
11009|59.22|78.17|40464
#group_44101_20
100.01
11009|6.50|37.37|10468
11009|6.50|34.15|10469
11009|6.50|38.26|10470
11020|5.68|28.05|20589
11012|5.77|37.15|30504
11020|5.62|25.49|40593
11015|13.65|39.91|10537
11090|11.90|34.36|21025
11004|12.49|32.86|30241
11004|12.49|33.05|30242
11004|12.49|32.37|30243
11004|12.49|32.54|30244
11004|12.49|33.11|30245
11004|12.49|33.52|30246
11004|12.49|34.06|30247
11004|12.49|35.02|30248
11016|11.90|52.29|40547
11008|19.30|38.76|10451
11008|19.30|37.90|10452
11008|19.30|37.35|10453
11008|19.30|38.09|10454
11009|19.10|38.06|20462
11009|20.30|39.20|20463
11009|21.50|40.45|20464
11009|19.31|43.36|30465
11009|19.31|47.80|30466
11009|19.31|41.07|30467
11017|20.57|73.50|40563
11018|28.02|62.22|10570
11012|27.89|78.55|20507
11001|27.72|49.02|30041
11001|27.72|48.92|30042
11001|27.72|48.63|30043
11001|27.72|49.01|30044
11001|27.72|49.58|30045
11001|27.72|49.24|30046
11001|27.72|48.67|30047
11001|27.72|49.03|30048
11001|27.72|48.38|30049
11001|27.72|49.73|30050
11003|28.01|51.66|40179
11003|28.01|52.12|40180
11003|28.01|50.28|40181
11003|28.01|52.52|40182
11003|28.01|51.16|40183
11003|28.01|50.10|40184
11003|28.01|54.09|40185
11003|28.01|51.03|40186
11003|28.01|51.75|40187
11003|33.47|55.19|10197
11003|33.47|55.58|10198
11003|33.47|54.94|10199
11003|33.47|55.68|10200
11003|33.47|55.47|10201
11003|33.47|54.47|10202
11003|33.47|54.79|10203
11003|33.47|54.48|10204
11003|33.47|54.27|10205
11009|32.67|51.63|20462
11009|33.87|52.77|20463
11009|35.07|54.02|20464
11090|33.85|56.39|31025
11012|33.34|68.48|40508
11016|38.17|74.41|10550
11003|38.44|62.73|20206
11003|38.44|62.85|20207
11003|38.44|62.56|20208
11003|38.44|62.70|20209
11003|38.44|62.61|20210
11003|39.94|62.30|20211
11003|39.94|62.23|20212
11003|39.94|62.92|20213
11003|39.94|62.28|20214
11008|37.81|52.46|30443
11008|37.81|51.39|30444
11008|37.81|53.21|30445
11008|37.81|52.27|30446
11018|37.71|72.59|40571
11013|43.94|89.81|10522
11020|45.59|64.52|20593
11001|45.05|61.64|30061
11001|45.05|62.34|30062
11001|45.05|61.09|30063
11001|45.05|60.75|30064
11001|45.05|61.69|30065
11001|44.00|63.30|30066
11001|44.30|61.67|30067
11001|44.30|62.18|30068
11001|44.00|62.71|30069
11001|44.30|62.10|30070
11013|45.71|72.82|40514
11008|52.57|81.26|10435
11008|52.57|80.94|10436
11008|52.57|73.49|10437
11008|52.57|76.60|10438
11004|52.08|67.16|20281
11004|52.08|67.30|20282
11004|52.08|68.07|20283
11004|52.08|68.62|20284
11004|52.08|68.66|20285
11004|52.08|67.70|20286
11004|52.08|67.99|20287
11004|52.08|68.20|20288
11009|51.22|82.56|30477
11009|51.22|82.62|30478
11009|51.22|82.34|30479
11015|50.98|100.01|40541
11012|57.71|95.66|10513
#group_44101_3
96.73
11017|5.45|49.32|10560
11017|5.25|29.51|20557
11009|6.32|37.66|30477
11009|6.32|37.72|30478
11009|6.32|37.44|30479
11008|6.31|22.05|40455
11008|6.31|21.73|40456
11008|6.31|19.05|40457
11008|6.31|17.81|40458
11003|11.49|37.42|10215
11003|11.49|37.66|10216
11003|11.49|38.32|10217
11003|11.49|37.66|10218
11003|11.49|37.81|10219
11003|11.49|38.13|10220
11003|11.49|38.17|10221
11003|11.49|39.62|10222
11003|11.49|39.76|10223
11001|11.79|35.21|20071
11001|11.79|34.68|20072
11001|11.79|34.31|20073
11001|11.79|33.94|20074
11001|11.79|34.19|20075
11001|11.79|33.96|20076
11001|12.19|33.79|20077
11001|11.99|33.19|20078
11001|11.79|31.83|20079
11001|12.59|33.21|20080
11013|10.92|51.59|30519
11016|12.56|42.69|40545
11003|17.30|40.65|10179
11003|17.30|41.10|10180
11003|17.30|39.66|10181
11003|17.30|41.61|10182
11003|17.30|40.49|10183
11003|17.30|39.71|10184
11003|17.30|43.83|10185
11003|17.30|40.36|10186
11003|17.30|41.05|10187
11003|17.07|40.43|20179
11003|17.07|40.78|20180
11003|17.07|39.41|20181
11003|17.07|41.29|20182
11003|17.07|40.16|20183
11003|17.07|39.11|20184
11003|17.07|43.20|20185
11003|17.07|40.12|20186
11003|17.07|40.70|20187
11017|17.35|53.59|30559
11003|18.11|39.93|40197
11003|18.11|40.31|40198
11003|18.11|39.73|40199
11003|18.11|40.31|40200
11003|18.11|40.15|40201
11003|18.11|39.18|40202
11003|18.11|39.46|40203
11003|18.11|39.22|40204
11003|18.11|39.14|40205
11001|22.67|38.98|10031
11001|22.67|39.05|10032
11001|22.67|38.92|10033
11001|22.67|38.76|10034
11001|22.67|39.36|10035
11001|22.67|38.60|10036
11001|22.67|38.04|10037
11001|22.67|38.62|10038
11001|22.67|39.04|10039
11001|22.67|38.45|10040
11092|24.09|46.82|21089
11008|22.94|41.69|30447
11008|22.94|43.50|30448
11008|22.94|42.99|30449
11008|22.94|42.56|30450
11012|23.69|58.83|40508
11013|30.81|62.76|10523
11012|30.54|65.69|20506
11016|31.03|61.23|30549
11002|31.18|46.44|40131
11002|31.18|46.77|40132
11002|31.18|45.09|40133
11002|31.18|46.17|40134
11002|31.18|44.52|40135
11002|31.18|44.11|40136
11002|31.18|45.46|40137
11002|31.18|45.99|40138
11002|31.18|44.57|40139
11002|31.18|44.05|40140
11013|36.51|64.05|10516
11008|37.01|56.12|20439
11008|37.01|55.81|20440
11008|37.01|55.68|20441
11008|37.01|56.62|20442
11004|35.47|59.38|30249
11004|35.47|58.16|30250
11004|35.47|59.75|30251
11004|35.47|58.92|30252
11004|35.47|59.22|30253
11004|35.47|59.15|30254
11004|35.47|59.04|30255
11004|35.47|59.96|30256
11017|37.05|65.09|40555
11092|41.93|87.28|11003
11013|42.89|80.52|20520
11003|42.38|64.25|30197
11003|42.38|64.59|30198
11003|42.38|64.01|30199
11003|42.38|64.60|30200
11003|42.38|64.39|30201
11003|42.38|63.31|30202
11003|42.38|63.82|30203
11003|42.38|63.67|30204
11003|42.38|63.40|30205
11001|41.40|64.61|40071
11001|41.40|64.30|40072
11001|41.40|64.13|40073
11001|41.40|63.60|40074
11001|41.40|64.06|40075
11001|41.40|63.79|40076
11001|41.80|63.40|40077
11001|41.60|62.32|40078
11001|41.40|61.12|40079
11001|42.20|62.55|40080
11012|48.44|76.06|10509
11002|48.48|76.50|20081
11002|48.73|76.83|20082
11002|48.78|76.85|20083
11002|48.98|76.83|20084
11002|48.48|78.53|20085
11002|49.48|78.12|20086
11002|50.08|78.84|20087
11002|50.08|78.33|20088
11002|50.08|78.19|20089
11002|50.08|77.35|20090
11008|49.82|64.47|30443
11008|49.82|63.40|30444
11008|49.82|65.22|30445
11008|49.82|64.28|30446
11012|48.71|83.70|40506
11003|54.30|77.65|10179
11003|54.30|78.10|10180
11003|54.30|76.66|10181
11003|54.30|78.61|10182
11003|54.30|77.49|10183
11003|54.30|76.71|10184
11003|54.30|80.83|10185
11003|54.30|77.36|10186
11003|54.30|78.05|10187
11003|55.79|80.08|20206
11003|55.79|80.20|20207
11003|55.79|79.91|20208
11003|55.79|80.05|20209
11003|55.79|79.96|20210
11003|57.29|79.65|20211
11003|57.29|79.58|20212
11003|57.29|80.27|20213
11003|57.29|79.63|20214
11008|54.41|73.92|30451
11008|54.41|73.15|30452
11008|54.41|72.51|30453
11008|54.41|73.18|30454
11018|54.81|96.73|40572
#group_44101_4
98.78
11016|4.69|40.93|10550
11008|6.39|21.95|20455
11008|6.39|21.57|20456
11008|6.39|19.22|20457
11008|6.39|17.87|20458
11003|5.25|28.85|30179
11003|5.25|29.27|30180
11003|5.25|27.58|30181
11003|5.25|29.69|30182
11003|5.25|28.40|30183
11003|5.25|27.33|30184
11003|5.25|31.39|30185
11003|5.25|28.23|30186
11003|5.25|28.96|30187
11016|6.34|41.42|40553
11001|12.94|36.18|10071
11001|12.94|35.90|10072
11001|12.94|35.46|10073
11001|12.94|35.31|10074
11001|12.94|35.42|10075
11001|12.94|35.13|10076
11001|13.34|35.11|10077
11001|13.14|34.61|10078
11001|12.94|33.02|10079
11001|13.74|34.39|10080
11004|12.75|27.83|20281
11004|12.75|27.97|20282
11004|12.75|28.74|20283
11004|12.75|29.29|20284
11004|12.75|29.33|20285
11004|12.75|28.37|20286
11004|12.75|28.66|20287
11004|12.75|28.87|20288
11020|12.80|27.09|30592
11017|12.46|46.67|40556
11010|17.71|44.87|10484
11011|18.64|49.21|20494
11011|18.47|52.88|30499
11020|19.11|37.59|40587
11009|24.24|40.23|10474
11009|24.24|38.65|10475
11009|24.24|42.18|10476
11011|23.73|49.00|20497
11018|23.60|62.25|30573
11002|25.07|43.98|40111
11002|25.07|43.45|40112
11002|25.07|43.34|40113
11002|25.07|44.24|40114
11002|25.07|44.11|40115
11002|25.07|43.47|40116
11002|24.47|45.48|40117
11002|24.47|43.95|40118
11002|24.47|45.29|40119
11002|24.47|43.95|40120
11001|31.44|47.24|10051
11001|31.44|45.00|10052
11001|31.44|43.78|10053
11001|31.44|45.20|10054
11001|31.44|45.14|10055
11001|31.44|44.38|10056
11001|31.44|44.27|10057
11001|31.44|43.65|10058
11001|31.44|45.58|10059
11001|31.44|45.65|10060
11025|32.42|98.78|20637
11004|30.51|48.18|30257
11004|31.11|48.66|30258
11004|31.71|49.33|30259
11004|32.31|50.00|30260
11004|32.91|50.52|30261
11004|33.51|51.13|30262
11004|34.11|51.72|30263
11004|34.71|52.28|30264
11001|31.93|53.24|40041
11001|31.93|53.08|40042
11001|31.93|52.83|40043
11001|31.93|53.20|40044
11001|31.93|53.89|40045
11001|31.93|53.44|40046
11001|31.93|52.96|40047
11001|31.93|53.26|40048
11001|31.93|52.50|40049
11001|31.93|53.89|40050
11008|37.31|51.92|10443
11008|37.31|50.87|10444
11008|37.31|52.74|10445
11008|37.31|51.71|10446
11001|39.46|55.96|20061
11001|39.46|56.66|20062
11001|39.46|55.43|20063
11001|39.46|55.35|20064
11001|39.46|55.98|20065
11001|38.41|57.52|20066
11001|38.71|56.36|20067
11001|38.71|56.54|20068
11001|38.41|57.25|20069
11001|38.71|56.72|20070
11011|38.51|65.26|30501
11012|38.40|73.54|40508
11008|44.32|59.90|10455
11008|44.32|59.87|10456
11008|44.32|57.19|10457
11008|44.32|55.71|10458
11009|44.63|66.49|20471
11009|44.63|65.78|20472
11009|44.63|67.00|20473
11009|43.17|61.94|30462
11009|44.37|63.37|30463
11009|45.57|64.44|30464
11011|42.83|68.22|40497
11010|49.74|82.92|10492
11010|50.48|82.45|20480
11092|50.20|87.84|31001
11010|50.93|89.30|40488
11003|56.56|75.14|10161
11003|56.56|74.38|10162
11003|56.56|75.71|10163
11003|57.36|75.59|10164
11003|56.96|76.74|10165
11003|55.96|74.19|10166
11003|55.96|74.07|10167
11003|55.96|76.35|10168
11003|55.96|76.13|10169
11010|56.26|85.92|20482
11020|55.22|69.31|30591
11011|56.60|90.73|40499
#group_44101_5
97.77
11090|5.16|24.57|11031
11009|5.42|29.31|20465
11009|5.42|35.34|20466
11009|5.42|27.48|20467
11016|6.26|36.46|30549
11009|6.23|22.26|40474
11009|6.23|20.71|40475
11009|6.23|23.92|40476
11013|11.21|44.26|10518
11002|11.70|25.68|20151
11002|11.70|24.55|20152
11002|11.70|26.36|20153
11002|11.70|27.03|20154
11002|11.70|24.95|20155
11002|11.70|25.66|20156
11002|11.70|25.62|20157
11002|11.70|25.35|20158
11002|11.70|26.53|20159
11002|11.70|24.34|20160
11013|11.44|34.75|30521
11010|11.32|36.20|40490
11001|18.48|35.71|10001
11001|19.28|36.14|10002
11001|19.38|35.89|10003
11001|19.18|37.11|10004
11001|19.08|36.63|10005
11001|18.98|36.03|10006
11001|19.28|35.41|10007
11001|19.08|37.04|10008
11001|18.48|36.39|10009
11001|19.08|36.03|10010
11008|19.14|34.70|20455
11008|19.14|34.32|20456
11008|19.14|31.97|20457
11008|19.14|30.62|20458
11010|18.45|56.91|30488
11004|19.19|40.60|40297
11004|19.19|40.61|40298
11004|19.19|41.37|40299
11004|19.19|41.48|40300
11004|19.19|41.09|40301
11004|19.19|40.28|40302
11004|19.19|39.60|40303
11004|19.19|42.35|40304
11020|25.58|46.81|10592
11025|25.05|81.30|20638
11017|25.84|79.21|30563
11010|25.35|52.77|40484
11015|31.14|79.80|10541
11001|32.21|50.19|20011
11001|32.11|50.26|20012
11001|32.21|49.89|20013
11001|32.21|50.58|20014
11001|32.21|49.95|20015
11001|32.21|50.49|20016
11001|32.71|49.26|20017
11001|33.01|49.52|20018
11001|32.71|49.55|20019
11001|32.71|49.47|20020
11003|32.57|51.26|30161
11003|32.57|50.47|30162
11003|32.57|51.75|30163
11003|33.37|51.72|30164
11003|32.97|52.82|30165
11003|31.97|50.23|30166
11003|31.97|50.30|30167
11003|31.97|52.17|30168
11003|31.97|51.95|30169
11009|30.48|52.32|40471
11009|30.48|51.65|40472
11009|30.48|52.50|40473
11214|38.14|73.29|10598
11015|37.59|63.08|20536
11003|39.01|63.29|30206
11003|39.01|63.44|30207
11003|39.01|63.14|30208
11003|39.01|63.41|30209
11003|39.01|62.95|30210
11003|40.51|63.00|30211
11003|40.51|63.20|30212
11003|40.51|63.43|30213
11003|40.51|63.21|30214
11214|37.68|70.36|40601
11090|45.94|68.61|11025
11008|44.78|74.04|20435
11008|44.78|73.15|20436
11008|44.78|65.75|20437
11008|44.78|69.72|20438
11025|45.21|91.56|30639
11011|45.24|88.79|40502
11008|51.34|80.03|10435
11008|51.34|79.71|10436
11008|51.34|72.26|10437
11008|51.34|75.37|10438
11092|52.22|89.84|21001
11004|51.75|73.02|30233
11004|51.75|72.52|30234
11004|51.75|72.82|30235
11004|51.75|72.50|30236
11004|51.75|72.83|30237
11004|51.75|72.71|30238
11004|51.75|73.04|30239
11004|51.75|73.10|30240
11002|51.70|66.96|40131
11002|51.70|67.29|40132
11002|51.70|65.61|40133
11002|51.70|66.69|40134
11002|51.70|65.04|40135
11002|51.70|64.63|40136
11002|51.70|65.98|40137
11002|51.70|66.51|40138
11002|51.70|65.09|40139
11002|51.70|64.57|40140
11010|58.37|91.55|10492
11020|58.52|73.01|20591
11008|57.94|76.65|30439
11008|57.94|76.71|30440
11008|57.94|76.49|30441
11008|57.94|77.53|30442
11010|58.54|85.96|40484
#group_44101_6
86.68
11016|5.32|32.95|10544
11001|5.24|26.48|20041
11001|5.24|26.36|20042
11001|5.24|26.08|20043
11001|5.24|26.60|20044
11001|5.24|27.23|20045
11001|5.24|26.69|20046
11001|5.24|26.22|20047
11001|5.24|26.47|20048
11001|5.24|25.83|20049
11001|5.24|27.24|20050
11002|5.60|21.19|30131
11002|5.60|20.87|30132
11002|5.60|19.65|30133
11002|5.60|20.65|30134
11002|5.60|18.95|30135
11002|5.60|18.64|30136
11002|5.60|19.72|30137
11002|5.60|20.03|30138
11002|5.60|18.99|30139
11002|5.60|18.07|30140
11016|4.68|37.47|40546
11008|12.37|31.61|10431
11008|12.37|31.70|10432
11008|12.37|33.35|10433
11008|12.37|31.73|10434
11214|11.12|49.74|20603
11013|11.41|42.99|30515
11012|11.72|37.31|40511
11012|18.56|56.51|10513
11009|19.32|41.18|20471
11009|19.32|40.47|20472
11009|19.32|41.69|20473
11011|18.69|53.10|30499
11013|18.48|45.59|40514
11008|25.43|41.01|10455
11008|25.43|40.98|10456
11008|25.43|38.30|10457
11008|25.43|36.82|10458
11021|24.89|54.11|20596
11013|24.42|51.76|30516
11003|23.94|49.93|40215
11003|23.94|50.14|40216
11003|23.94|50.79|40217
11003|23.94|50.06|40218
11003|23.94|50.29|40219
11003|23.94|50.55|40220
11003|23.94|50.56|40221
11003|23.94|52.28|40222
11003|23.94|52.35|40223
11004|31.61|53.07|10297
11004|31.61|53.03|10298
11004|31.61|53.77|10299
11004|31.61|53.79|10300
11004|31.61|53.35|10301
11004|31.61|52.57|10302
11004|31.61|52.12|10303
11004|31.61|54.39|10304
11013|30.02|57.09|20514
11008|30.48|49.19|30439
11008|30.48|49.25|30440
11008|30.48|49.03|30441
11008|30.48|50.07|30442
11004|29.65|47.64|40265
11004|29.65|47.18|40266
11004|29.65|47.87|40267
11004|29.65|48.28|40268
11004|29.65|48.97|40269
11004|29.65|48.81|40270
11004|29.65|48.42|40271
11004|29.65|47.75|40272
11017|36.23|70.22|10556
11004|36.13|57.15|20241
11004|36.13|57.38|20242
11004|36.13|56.73|20243
11004|36.13|56.94|20244
11004|36.13|57.00|20245
11004|36.13|57.76|20246
11004|36.13|58.95|20247
11004|36.13|58.70|20248
11011|36.24|62.99|30501
11010|36.35|63.77|40484
11011|41.87|84.70|10500
11002|41.96|57.52|20131
11002|41.96|52.44|20132
11002|41.96|55.96|20133
11002|41.96|56.73|20134
11002|41.96|55.51|20135
11002|41.96|54.86|20136
11002|41.96|55.98|20137
11002|41.96|56.45|20138
11002|41.96|55.52|20139
11002|41.96|54.58|20140
11090|43.38|59.67|31087
11009|41.74|60.68|40462
11009|42.94|61.80|40463
11009|44.14|63.09|40464
11008|49.90|78.59|10435
11008|49.90|78.27|10436
11008|49.90|70.82|10437
11008|49.90|73.93|10438
11004|49.47|64.55|20281
11004|49.47|64.69|20282
11004|49.47|65.46|20283
11004|49.47|66.01|20284
11004|49.47|66.05|20285
11004|49.47|65.09|20286
11004|49.47|65.38|20287
11004|49.47|65.59|20288
11017|49.97|83.51|30556
11004|50.31|67.91|40257
11004|50.91|68.55|40258
11004|51.51|69.20|40259
11004|52.11|69.76|40260
11004|52.71|70.32|40261
11004|53.31|70.96|40262
11004|53.91|71.52|40263
11004|54.51|72.13|40264
11020|56.83|78.06|10592
11003|56.39|82.38|20215
11003|56.39|82.55|20216
11003|56.39|83.19|20217
11003|56.39|82.59|20218
11003|56.39|82.84|20219
11003|56.39|82.96|20220
11003|56.39|83.04|20221
11003|56.39|84.68|20222
11003|56.39|84.77|20223
11013|56.85|84.19|30516
11214|56.00|85.33|40596
#group_44101_7
104.75
11015|5.87|54.53|10541
11015|5.49|35.44|20543
11008|5.50|24.21|30439
11008|5.50|24.27|30440
11008|5.50|24.05|30441
11008|5.50|25.09|30442
11008|4.99|20.73|40455
11008|4.99|20.41|40456
11008|4.99|17.73|40457
11008|4.99|16.49|40458
11001|12.63|35.87|10071
11001|12.63|35.59|10072
11001|12.63|35.15|10073
11001|12.63|35.00|10074
11001|12.63|35.11|10075
11001|12.63|34.82|10076
11001|13.03|34.80|10077
11001|12.83|34.30|10078
11001|12.63|32.71|10079
11001|13.43|34.08|10080
11018|12.48|45.39|20568
11013|12.13|43.71|30515
11090|13.22|29.40|41086
11017|19.66|70.21|10562
11011|18.79|62.58|20500
11008|20.05|39.56|30451
11008|20.05|38.79|30452
11008|20.05|38.15|30453
11008|20.05|38.82|30454
11020|18.89|36.76|40585
11017|26.09|50.24|10557
11016|25.34|52.91|20544
11017|25.15|53.24|30555
11009|24.48|46.32|40471
11009|24.48|45.65|40472
11009|24.48|46.50|40473
11018|32.36|76.53|10564
11017|32.42|80.52|20561
11001|33.05|54.35|30041
11001|33.05|54.25|30042
11001|33.05|53.96|30043
11001|33.05|54.34|30044
11001|33.05|54.91|30045
11001|33.05|54.57|30046
11001|33.05|54.00|30047
11001|33.05|54.36|30048
11001|33.05|53.71|30049
11001|33.05|55.06|30050
11011|32.71|63.17|40494
11011|37.71|70.00|10503
11011|37.80|81.47|20502
11002|38.81|54.49|30141
11002|38.81|55.02|30142
11002|38.81|54.50|30143
11002|38.81|54.94|30144
11002|38.81|54.43|30145
11002|38.81|54.84|30146
11002|38.81|54.50|30147
11002|38.81|54.15|30148
11002|38.81|54.35|30149
11002|38.81|53.95|30150
11008|38.03|67.59|40435
11008|38.03|67.22|40436
11008|38.03|59.00|40437
11008|38.03|63.04|40438
11017|44.44|68.59|10557
11021|44.46|73.45|20595
11002|45.78|65.85|30101
11002|45.78|64.77|30102
11002|45.78|65.21|30103
11002|45.78|65.50|30104
11002|45.78|64.63|30105
11002|45.78|65.83|30106
11002|45.78|62.43|30107
11002|45.78|65.42|30108
11002|45.78|63.97|30109
11002|45.78|64.54|30110
11020|45.50|63.37|40585
11020|50.14|69.89|10584
11008|50.76|80.02|20435
11008|50.76|79.13|20436
11008|50.76|71.73|20437
11008|50.76|75.70|20438
11008|51.71|80.97|30435
11008|51.71|80.95|30436
11008|51.71|72.70|30437
11008|51.71|76.23|30438
11012|50.92|87.01|40510
11214|57.99|87.29|10596
11092|57.96|102.83|21003
11020|57.94|72.23|30592
11008|56.42|72.16|40455
11008|56.42|71.84|40456
11008|56.42|69.16|40457
11008|56.42|67.92|40458
#group_44101_8
106.47
11002|6.42|21.83|10131
11002|6.42|22.07|10132
11002|6.42|20.43|10133
11002|6.42|21.71|10134
11002|6.42|19.93|10135
11002|6.42|19.64|10136
11002|6.42|20.39|10137
11002|6.42|21.37|10138
11002|6.42|20.21|10139
11002|6.42|19.33|10140
11092|6.38|29.11|21089
11001|6.45|23.04|30061
11001|6.45|23.74|30062
11001|6.45|22.49|30063
11001|6.45|22.15|30064
11001|6.45|23.09|30065
11001|5.40|24.70|30066
11001|5.70|23.07|30067
11001|5.70|23.58|30068
11001|5.40|24.11|30069
11001|5.70|23.50|30070
11002|5.02|18.96|40151
11002|5.02|17.99|40152
11002|5.02|19.69|40153
11002|5.02|20.38|40154
11002|5.02|18.39|40155
11002|5.02|18.87|40156
11002|5.02|19.09|40157
11002|5.02|18.50|40158
11002|5.02|19.94|40159
11002|5.02|17.65|40160
11011|11.53|48.01|10496
11092|12.84|57.71|21003
11008|11.97|30.72|30447
11008|11.97|32.53|30448
11008|11.97|32.02|30449
11008|11.97|31.59|30450
11013|11.53|52.28|40519
11004|18.84|40.11|10233
11004|18.84|39.61|10234
11004|18.84|39.91|10235
11004|18.84|39.70|10236
11004|18.84|39.96|10237
11004|18.84|39.84|10238
11004|18.84|40.12|10239
11004|18.84|40.23|10240
11013|18.44|49.87|20517
11010|17.90|42.59|30490
11092|18.95|97.22|41088
11016|25.48|56.37|10549
11020|23.76|42.88|20584
11017|25.24|78.61|30563
11015|25.25|51.61|40537
11011|31.11|61.39|10494
11021|32.40|75.96|20600
11009|32.05|53.92|30471
11009|32.05|53.17|30472
11009|32.05|54.18|30473
11002|32.14|48.02|40141
11002|32.14|48.24|40142
11002|32.14|47.79|40143
11002|32.14|48.40|40144
11002|32.14|47.77|40145
11002|32.14|47.65|40146
11002|32.14|47.86|40147
11002|32.14|47.48|40148
11002|32.14|47.59|40149
11002|32.14|47.14|40150
11015|37.47|61.81|10534
11015|36.92|66.76|20535
11214|36.72|78.72|30597
11021|37.72|70.40|40601
11004|43.54|65.00|10297
11004|43.54|64.96|10298
11004|43.54|65.70|10299
11004|43.54|65.72|10300
11004|43.54|65.28|10301
11004|43.54|64.50|10302
11004|43.54|64.05|10303
11004|43.54|66.32|10304
11008|43.28|61.89|20447
11008|43.28|63.65|20448
11008|43.28|63.18|20449
11008|43.28|63.28|20450
11001|43.93|65.23|30041
11001|43.93|65.13|30042
11001|43.93|64.84|30043
11001|43.93|65.22|30044
11001|43.93|65.79|30045
11001|43.93|65.45|30046
11001|43.93|64.88|30047
11001|43.93|65.24|30048
11001|43.93|64.59|30049
11001|43.93|65.94|30050
11214|44.93|79.97|40598
11001|50.73|66.53|10051
11001|50.73|64.29|10052
11001|50.73|63.07|10053
11001|50.73|64.49|10054
11001|50.73|64.43|10055
11001|50.73|63.67|10056
11001|50.73|63.56|10057
11001|50.73|62.94|10058
11001|50.73|64.87|10059
11001|50.73|64.94|10060
11008|50.24|65.80|20455
11008|50.24|65.42|20456
11008|50.24|63.07|20457
11008|50.24|61.72|20458
11015|50.05|82.62|30539
11018|49.99|88.45|40573
11015|56.66|86.06|10538
11008|57.77|87.03|20435
11008|57.77|86.14|20436
11008|57.77|78.74|20437
11008|57.77|82.71|20438
11017|56.01|106.47|30562
11004|57.13|81.04|40249
11004|57.13|79.82|40250
11004|57.13|81.41|40251
11004|57.13|80.58|40252
11004|57.13|80.88|40253
11004|57.13|80.81|40254
11004|57.13|80.70|40255
11004|57.13|81.62|40256
#group_44101_9
101.98
11004|5.21|20.33|10273
11004|5.21|20.59|10274
11004|5.21|21.09|10275
11004|5.21|20.79|10276
11004|5.21|20.93|10277
11004|5.21|21.46|10278
11004|5.21|21.13|10279
11004|5.21|21.43|10280
11016|6.43|39.38|20546
11008|4.74|24.25|30451
11008|4.74|23.48|30452
11008|4.74|22.84|30453
11008|4.74|23.51|30454
11008|4.74|34.30|40435
11008|4.74|33.93|40436
11008|4.74|25.71|40437
11008|4.74|29.75|40438
11002|12.36|26.39|10091
11002|12.36|26.50|10092
11002|12.36|26.04|10093
11002|12.36|26.21|10094
11002|12.36|26.34|10095
11002|11.76|27.62|10096
11002|11.76|27.40|10097
11002|11.76|27.56|10098
11002|12.16|27.44|10099
11002|11.76|27.04|10100
11010|11.47|44.63|20492
11016|12.08|42.36|30545
11025|11.62|44.73|40634
11090|18.73|35.00|11087
11015|18.24|48.08|20535
11009|19.07|37.84|30462
11009|20.27|39.27|30463
11009|21.47|40.34|30464
11015|17.85|66.88|40541
11018|25.35|59.88|10566
11018|24.34|68.63|20564
11004|25.08|40.19|30273
11004|25.08|40.48|30274
11004|25.08|40.91|30275
11004|25.08|40.66|30276
11004|25.08|40.78|30277
11004|25.08|41.33|30278
11004|25.08|41.03|30279
11004|25.08|41.34|30280
11017|25.59|73.70|40561
11012|30.08|65.27|10506
11012|30.55|58.29|20509
11004|31.14|50.67|30289
11004|31.14|51.96|30290
11004|31.14|49.02|30291
11004|31.14|47.31|30292
11004|31.14|50.32|30293
11004|31.14|50.46|30294
11004|31.14|48.52|30295
11004|31.14|50.35|30296
11025|30.25|96.61|40637
11025|36.12|92.37|10638
11008|36.19|55.81|20451
11008|36.19|54.83|20452
11008|36.19|54.30|20453
11008|36.19|54.97|20454
11017|36.67|72.91|30559
11020|35.73|49.24|40592
11013|43.86|71.40|10516
11003|46.64|62.76|20224
11003|46.64|65.18|20225
11003|47.04|64.58|20226
11003|47.64|64.23|20227
11003|47.74|63.46|20228
11003|48.64|63.67|20229
11003|44.64|64.45|20230
11003|47.44|62.88|20231
11003|46.64|62.81|20232
11002|44.27|59.86|30131
11002|44.27|59.54|30132
11002|44.27|58.32|30133
11002|44.27|59.32|30134
11002|44.27|57.62|30135
11002|44.27|57.31|30136
11002|44.27|58.39|30137
11002|44.27|58.70|30138
11002|44.27|57.66|30139
11002|44.27|56.74|30140
11008|44.53|60.27|40455
11008|44.53|59.95|40456
11008|44.53|57.27|40457
11008|44.53|56.03|40458
11008|50.94|65.55|10443
11008|50.94|64.50|10444
11008|50.94|66.37|10445
11008|50.94|65.34|10446
11012|51.43|86.51|20508
11010|51.54|84.84|30492
11011|51.62|77.01|40497
11011|58.86|101.98|10502
11011|58.07|86.35|20495
11018|59.01|91.70|30568
11004|58.27|73.41|40281
11004|58.27|73.71|40282
11004|58.27|74.01|40283
11004|58.27|74.90|40284
11004|58.27|75.03|40285
11004|58.27|73.90|40286
11004|58.27|74.21|40287
11004|58.27|74.10|40288
