#group_44103_1
95.49
11015|2.14|28.40|10537
11012|2.44|30.18|20509
11024|2.40|56.65|30633
11026|2.53|55.80|40651
11021|7.60|50.90|10600
11014|7.46|49.93|20529
11019|7.76|46.82|30578
11021|7.33|36.66|40596
11015|13.13|37.47|10534
11006|12.88|33.64|20384
11006|13.58|34.36|20385
11006|14.28|34.99|20386
11006|14.98|35.71|20387
11006|15.68|36.39|20388
11006|16.38|37.17|20389
11010|13.15|42.77|30482
11010|13.15|37.77|30483
11022|13.36|44.03|40605
11015|18.61|43.78|10536
11020|18.57|36.88|20587
11021|18.65|60.65|30597
11018|19.15|52.83|40570
14013|24.72|55.57|10690
11020|24.46|42.77|20587
11026|24.60|79.03|30649
11007|24.52|50.96|40416
11007|24.52|48.27|40417
11007|24.52|54.96|40418
11007|24.52|52.93|40419
11007|24.52|51.77|40420
11013|30.56|60.29|10515
11026|30.52|78.32|20650
11012|30.56|66.32|30510
11016|30.13|69.21|40552
11005|35.47|54.20|10333
11005|35.47|53.42|10334
11005|35.47|54.27|10335
11005|35.47|53.62|10336
11005|35.47|54.99|10337
11005|35.47|55.22|10338
11005|35.47|54.31|10339
11015|35.45|75.09|20542
11016|35.47|71.74|30550
11002|35.72|54.65|40121
11002|36.07|54.96|40122
11002|36.42|55.63|40123
11002|36.77|55.95|40124
11002|37.12|56.30|40125
11002|37.47|56.69|40126
11002|37.82|57.01|40127
11002|38.17|57.39|40128
11002|38.52|58.04|40129
11002|38.87|58.31|40130
11008|41.76|61.00|10431
11008|41.76|61.09|10432
11008|41.76|62.74|10433
11008|41.76|61.12|10434
11024|41.76|79.91|20629
11008|41.69|61.20|30451
11008|41.69|60.43|30452
11008|41.69|59.79|30453
11008|41.69|60.46|30454
11022|41.62|82.32|40606
11006|46.45|65.23|10372
11006|46.45|65.39|10373
11006|46.45|65.76|10374
11006|46.45|65.84|10375
11006|46.45|64.78|10376
11006|46.45|65.10|10377
11010|46.51|78.48|20480
11010|46.51|78.28|20481
11015|46.70|86.07|30540
11008|46.70|76.26|40435
11008|46.70|75.89|40436
11008|46.70|67.67|40437
11008|46.70|71.71|40438
11005|52.03|67.30|10340
11005|52.03|67.40|10341
11005|52.03|67.64|10342
11005|52.03|67.49|10343
11005|52.03|67.25|10344
11005|52.03|67.49|10345
11005|52.03|67.78|10346
11018|52.39|90.92|20573
11003|52.71|71.40|30161
11003|52.71|70.61|30162
11003|52.71|71.89|30163
11003|53.51|71.86|30164
11003|53.11|72.96|30165
11003|52.11|70.37|30166
11003|52.11|70.44|30167
11003|52.11|72.31|30168
11003|52.11|72.09|30169
11016|51.91|82.38|40549
11007|57.14|77.57|10421
11007|57.14|76.98|10422
11007|57.14|76.21|10423
11007|57.14|75.74|10424
11007|57.14|75.75|10425
11013|57.58|90.18|20518
11010|57.03|95.49|30488
11010|57.03|90.13|30489
11021|57.40|94.48|40602
#group_44103_10
104.61
11016|2.28|35.17|10546
11010|2.40|40.71|20488
11010|2.40|34.97|20489
11006|2.22|21.49|30378
11006|2.22|22.36|30379
11006|2.22|21.97|30380
11006|2.22|20.72|30381
11006|2.22|19.10|30382
11006|2.22|22.22|30383
11012|2.15|37.29|40508
11010|7.50|37.12|10482
11010|7.50|31.77|10483
11012|7.02|39.41|20505
11019|7.27|42.49|30576
11021|7.42|36.41|40595
11021|12.60|44.91|10601
11024|12.74|45.27|20627
11010|12.99|51.45|30488
11010|12.99|46.09|30489
11017|12.56|57.95|40560
11007|18.00|42.02|10401
11007|18.00|44.09|10402
11007|18.00|43.42|10403
11007|18.00|43.51|10404
11007|18.00|42.70|10405
11024|17.73|50.26|20627
11017|18.13|42.52|30557
11016|17.72|52.80|40553
11001|23.90|41.13|10001
11001|24.70|41.56|10002
11001|24.80|41.31|10003
11001|24.60|42.53|10004
11001|24.50|42.05|10005
11001|24.40|41.45|10006
11001|24.70|40.83|10007
11001|24.50|42.46|10008
11001|23.90|41.81|10009
11001|24.50|41.45|10010
14020|24.14|52.84|20737
11017|24.07|77.44|30563
14011|24.12|62.85|40680
11023|29.38|53.39|10615
11021|29.02|72.58|20600
11021|29.30|66.59|30602
14007|29.21|62.84|40656
11017|34.59|68.58|10556
11023|34.61|68.83|20622
11009|34.47|65.39|30468
11009|34.47|62.14|30469
11009|34.47|66.15|30470
11021|34.31|66.99|40601
11003|39.50|61.22|10197
11003|39.50|61.61|10198
11003|39.50|60.97|10199
11003|39.50|61.71|10200
11003|39.50|61.50|10201
11003|39.50|60.50|10202
11003|39.50|60.82|10203
11003|39.50|60.51|10204
11003|39.50|60.30|10205
11010|39.67|72.83|20492
11010|39.67|72.60|20493
11018|39.71|78.36|30573
11015|39.58|78.70|40542
14007|44.62|75.88|10659
11010|44.98|66.02|20486
11010|44.98|72.51|20487
11004|44.89|62.87|30265
11004|44.89|62.54|30266
11004|44.89|63.12|30267
11004|44.89|63.54|30268
11004|44.89|64.46|30269
11004|44.89|64.11|30270
11004|44.89|63.63|30271
11004|44.89|62.72|30272
14007|45.16|68.35|40657
11022|50.47|91.05|10606
11009|50.43|73.17|20459
11009|50.43|75.25|20460
11009|50.43|76.45|20461
11004|50.47|65.65|30281
11004|50.47|65.96|30282
11004|50.47|66.34|30283
11004|50.47|67.17|30284
11004|50.47|67.31|30285
11004|50.47|66.07|30286
11004|50.47|66.53|30287
11004|50.47|66.26|30288
11019|50.80|86.14|40576
11015|55.95|104.61|10541
11007|55.75|75.69|20411
11007|55.75|75.58|20412
11007|55.75|74.90|20413
11007|55.75|76.23|20414
11007|55.75|72.49|20415
11020|55.65|75.70|30586
11012|55.93|83.44|40509
#group_44103_11
121.91
11022|2.20|34.52|10612
11003|2.50|25.86|20179
11003|2.50|26.21|20180
11003|2.50|24.84|20181
11003|2.50|26.72|20182
11003|2.50|25.59|20183
11003|2.50|24.54|20184
11003|2.50|28.63|20185
11003|2.50|25.55|20186
11003|2.50|26.13|20187
11019|2.36|37.97|30579
11025|2.22|52.74|40641
11010|7.94|46.18|10488
11010|7.94|40.27|10489
11020|7.90|28.14|20586
11020|7.85|22.14|30592
11003|7.73|29.55|40197
11003|7.73|29.93|40198
11003|7.73|29.35|40199
11003|7.73|29.93|40200
11003|7.73|29.77|40201
11003|7.73|28.80|40202
11003|7.73|29.08|40203
11003|7.73|28.84|40204
11003|7.73|28.76|40205
11024|13.54|52.08|10629
11002|13.16|27.14|20151
11002|13.16|26.01|20152
11002|13.16|27.82|20153
11002|13.16|28.49|20154
11002|13.16|26.41|20155
11002|13.16|27.12|20156
11002|13.16|27.08|20157
11002|13.16|26.81|20158
11002|13.16|27.99|20159
11002|13.16|25.80|20160
11009|13.22|31.99|30462
11009|14.42|33.42|30463
11009|15.62|34.49|30464
11015|13.05|42.60|40543
11013|19.42|50.85|10517
11016|19.07|49.63|20545
11002|19.00|34.59|30131
11002|19.00|34.27|30132
11002|19.00|33.05|30133
11002|19.00|34.05|30134
11002|19.00|32.35|30135
11002|19.00|32.04|30136
11002|19.00|33.12|30137
11002|19.00|33.43|30138
11002|19.00|32.39|30139
11002|19.00|31.47|30140
11012|18.95|44.54|40511
11011|24.74|49.85|10497
11002|25.44|39.74|20091
11002|25.44|39.59|20092
11002|25.44|39.02|20093
11002|25.44|39.55|20094
11002|25.44|39.58|20095
11002|24.84|40.73|20096
11002|24.84|40.61|20097
11002|24.84|40.53|20098
11002|25.24|40.53|20099
11002|24.84|40.16|20100
14009|24.73|51.31|30665
11009|25.17|47.88|40459
11009|25.17|50.00|40460
11009|25.17|50.87|40461
11007|30.42|50.43|10411
11007|30.42|50.20|10412
11007|30.42|49.48|10413
11007|30.42|50.77|10414
11007|30.42|47.11|10415
11023|30.16|52.36|20614
11016|30.42|66.69|30550
11014|30.27|72.51|40529
11001|35.83|57.01|10041
11001|35.83|56.92|10042
11001|35.83|56.67|10043
11001|35.83|57.15|10044
11001|35.83|57.60|10045
11001|35.83|57.34|10046
11001|35.83|56.77|10047
11001|35.83|57.12|10048
11001|35.83|56.36|10049
11001|35.83|57.80|10050
11014|35.42|67.70|20530
11011|35.68|66.17|30494
11024|35.53|77.89|40632
11012|41.23|77.10|10512
11011|41.50|78.05|20496
11012|41.24|74.74|30505
11007|41.15|61.37|40421
11007|41.15|60.72|40422
11007|41.15|60.24|40423
11007|41.15|59.77|40424
11007|41.15|59.75|40425
14020|46.99|91.13|10742
11022|46.95|79.20|20612
11024|47.32|104.77|30631
11014|47.23|79.74|40532
11016|52.49|90.04|10547
11013|52.80|84.71|20523
11024|52.74|110.19|30631
14011|52.78|84.77|40683
11001|58.61|76.71|10011
11001|58.51|76.64|10012
11001|58.61|76.63|10013
11001|58.61|76.99|10014
11001|58.61|76.33|10015
11001|58.61|77.06|10016
11001|59.11|75.68|10017
11001|59.41|75.81|10018
11001|59.11|75.86|10019
11001|59.11|75.72|10020
11025|58.33|121.91|20643
11001|58.36|74.47|30051
11001|58.36|71.71|30052
11001|58.36|70.69|30053
11001|58.36|71.94|30054
11001|58.36|71.87|30055
11001|58.36|71.47|30056
11001|58.36|71.16|30057
11001|58.36|70.48|30058
11001|58.36|72.54|30059
11001|58.36|72.52|30060
11016|58.02|93.10|40553
#group_44103_12
97.97
11012|2.52|40.47|10513
11010|2.44|23.48|20486
11010|2.44|29.97|20487
11004|2.41|22.78|30241
11004|2.41|22.97|30242
11004|2.41|22.29|30243
11004|2.41|22.46|30244
11004|2.41|23.03|30245
11004|2.41|23.44|30246
11004|2.41|23.98|30247
11004|2.41|24.94|30248
11018|2.33|36.93|40566
11025|7.64|80.78|10635
11023|7.97|31.63|20623
11017|7.77|35.86|30555
11020|7.88|31.16|40588
11001|13.30|34.48|10041
11001|13.30|34.39|10042
11001|13.30|34.14|10043
11001|13.30|34.62|10044
11001|13.30|35.07|10045
11001|13.30|34.81|10046
11001|13.30|34.24|10047
11001|13.30|34.59|10048
11001|13.30|33.83|10049
11001|13.30|35.27|10050
11001|13.53|36.95|20071
11001|13.53|36.42|20072
11001|13.53|36.05|20073
11001|13.53|35.68|20074
11001|13.53|35.93|20075
11001|13.53|35.70|20076
11001|13.93|35.53|20077
11001|13.73|34.93|20078
11001|13.53|33.57|20079
11001|14.33|34.95|20080
11017|13.52|66.89|30563
11009|13.56|29.59|40474
11009|13.56|28.04|40475
11009|13.56|31.25|40476
11020|18.51|38.26|10584
11020|18.54|37.47|20593
11002|18.94|32.96|30091
11002|18.94|33.00|30092
11002|18.94|32.54|30093
11002|18.94|33.05|30094
11002|18.94|33.01|30095
11002|18.34|34.23|30096
11002|18.34|33.97|30097
11002|18.34|33.99|30098
11002|18.74|34.02|30099
11002|18.34|33.61|30100
11010|18.68|57.05|40488
11010|18.68|51.77|40489
11010|23.85|55.82|10480
11010|23.85|55.62|10481
14019|23.87|58.84|20731
11020|24.39|41.93|30585
11024|24.03|55.35|40626
11022|29.63|69.91|10613
11019|29.42|59.54|20577
11012|29.56|60.94|30504
11020|29.50|49.95|40590
11011|35.19|60.30|10497
11020|35.21|57.58|20589
11015|35.02|60.74|30536
11003|35.18|59.44|40206
11003|35.18|59.61|40207
11003|35.18|59.33|40208
11003|35.18|59.46|40209
11003|35.18|59.32|40210
11003|36.68|59.17|40211
11003|36.68|59.34|40212
11003|36.68|59.48|40213
11003|36.68|59.20|40214
11011|41.31|75.39|10499
11010|41.44|66.21|20490
11010|41.44|72.03|20491
11005|40.98|60.99|30326
11005|40.98|59.70|30327
11005|40.98|61.58|30328
11005|40.98|62.08|30329
11005|40.98|64.00|30330
11005|40.98|62.80|30331
11005|40.98|60.51|30332
14011|41.21|72.54|40677
11015|46.79|95.45|10541
11021|46.41|78.85|20601
11003|46.39|68.26|30197
11003|46.39|68.60|30198
11003|46.39|68.02|30199
11003|46.39|68.61|30200
11003|46.39|68.40|30201
11003|46.39|67.32|30202
11003|46.39|67.83|30203
11003|46.39|67.68|30204
11003|46.39|67.41|30205
11009|46.42|68.26|40471
11009|46.42|67.59|40472
11009|46.42|68.44|40473
11020|52.50|71.67|10593
11015|52.60|85.19|20539
11020|52.64|70.18|30585
11013|52.08|97.81|40522
11015|58.27|88.11|10535
11005|58.25|79.56|20347
11005|58.25|80.84|20348
11005|58.25|79.53|20349
11005|58.25|78.94|20350
11005|58.25|80.50|20351
11005|58.25|81.45|20352
11005|58.25|80.62|20353
11021|58.32|88.10|30594
11026|58.11|97.97|40646
#group_44103_13
117.15
11012|2.55|53.07|10507
11018|2.46|46.75|20564
11004|2.23|17.41|30281
11004|2.23|17.72|30282
11004|2.23|18.10|30283
11004|2.23|18.93|30284
11004|2.23|19.07|30285
11004|2.23|17.83|30286
11004|2.23|18.29|30287
11004|2.23|18.02|30288
14017|2.53|31.39|40714
11022|8.21|57.77|10611
11021|8.02|40.46|20601
11004|8.19|29.51|30297
11004|8.19|29.68|30298
11004|8.19|30.31|30299
11004|8.19|30.43|30300
11004|8.19|29.82|30301
11004|8.19|29.25|30302
11004|8.19|28.58|30303
11004|8.19|31.29|30304
11006|8.11|26.89|40372
11006|8.11|27.02|40373
11006|8.11|27.35|40374
11006|8.11|27.59|40375
11006|8.11|26.52|40376
11006|8.11|26.67|40377
11002|13.68|29.56|10141
11002|13.68|29.92|10142
11002|13.68|29.34|10143
11002|13.68|29.95|10144
11002|13.68|29.28|10145
11002|13.68|29.70|10146
11002|13.68|29.35|10147
11002|13.68|29.01|10148
11002|13.68|29.17|10149
11002|13.68|28.86|10150
11017|13.38|61.48|20561
11021|13.28|53.10|30599
14016|13.18|40.53|40704
11012|19.23|51.12|10504
11009|18.86|41.60|20459
11009|18.86|43.68|20460
11009|18.86|44.88|20461
11005|19.38|37.25|30312
11005|19.38|37.39|30313
11005|19.38|38.34|30314
11005|19.38|42.66|30315
11005|19.38|40.13|30316
11005|19.38|37.13|30317
11005|19.38|37.03|30318
11007|18.99|42.85|40401
11007|18.99|45.24|40402
11007|18.99|44.46|40403
11007|18.99|44.43|40404
11007|18.99|43.72|40405
11021|24.11|67.41|10600
11021|24.33|53.66|20594
11003|24.61|43.30|30161
11003|24.61|42.51|30162
11003|24.61|43.79|30163
11003|25.41|43.76|30164
11003|25.01|44.86|30165
11003|24.01|42.27|30166
11003|24.01|42.34|30167
11003|24.01|44.21|30168
11003|24.01|43.99|30169
11020|24.28|37.79|40592
11010|29.19|50.13|10486
11010|29.19|56.60|10487
11017|29.18|79.77|20562
11015|29.50|55.79|30537
11008|29.60|49.09|40451
11008|29.60|48.23|40452
11008|29.60|47.69|40453
11008|29.60|48.31|40454
11002|35.42|51.30|10141
11002|35.42|51.66|10142
11002|35.42|51.08|10143
11002|35.42|51.69|10144
11002|35.42|51.02|10145
11002|35.42|51.44|10146
11002|35.42|51.09|10147
11002|35.42|50.75|10148
11002|35.42|50.91|10149
11002|35.42|50.60|10150
11015|35.06|59.22|20534
11021|35.22|72.51|30602
11008|35.59|51.33|40455
11008|35.59|51.01|40456
11008|35.59|48.33|40457
11008|35.59|47.09|40458
11015|41.21|71.63|10543
11001|42.46|58.96|20061
11001|42.46|59.66|20062
11001|42.46|58.43|20063
11001|42.46|58.35|20064
11001|42.46|58.98|20065
11001|41.41|60.52|20066
11001|41.71|59.36|20067
11001|41.71|59.54|20068
11001|41.41|60.25|20069
11001|41.71|59.72|20070
11020|40.95|64.34|30588
11008|41.08|70.64|40435
11008|41.08|70.27|40436
11008|41.08|62.05|40437
11008|41.08|66.09|40438
11011|46.47|74.72|10495
11022|46.52|86.70|20613
11026|46.53|117.15|30652
11009|46.84|77.96|40477
11009|46.84|77.99|40478
11009|46.84|77.73|40479
11024|52.95|89.35|10625
11001|52.49|75.91|20071
11001|52.49|75.38|20072
11001|52.49|75.01|20073
11001|52.49|74.64|20074
11001|52.49|74.89|20075
11001|52.49|74.66|20076
11001|52.89|74.49|20077
11001|52.69|73.89|20078
11001|52.49|72.53|20079
11001|53.29|73.91|20080
11019|52.48|90.61|30583
11005|52.88|71.58|40333
11005|52.88|70.77|40334
11005|52.88|71.71|40335
11005|52.88|71.03|40336
11005|52.88|72.20|40337
11005|52.88|72.62|40338
11005|52.88|71.52|40339
11006|58.02|78.27|10360
11006|58.02|78.00|10361
11006|58.02|78.70|10362
11006|58.02|77.81|10363
11006|58.02|77.17|10364
11006|58.02|77.09|10365
11013|57.86|88.33|20515
11012|58.14|93.90|30510
11023|57.83|80.20|40614
#group_44103_14
114.31
11003|3.17|21.75|10161
11003|3.17|20.99|10162
11003|3.17|22.32|10163
11003|3.97|22.20|10164
11003|3.57|23.35|10165
11003|2.57|20.80|10166
11003|2.57|20.68|10167
11003|2.57|22.96|10168
11003|2.57|22.74|10169
11015|2.01|41.65|20542
11014|2.56|30.41|30524
11026|2.37|51.86|40653
11005|7.96|26.69|10333
11005|7.96|25.91|10334
11005|7.96|26.76|10335
11005|7.96|26.11|10336
11005|7.96|27.48|10337
11005|7.96|27.71|10338
11005|7.96|26.80|10339
11022|7.96|46.57|20610
11014|7.55|31.98|30525
11005|8.01|21.77|40319
11005|8.66|22.45|40320
11005|9.31|23.08|40321
11005|9.96|23.64|40322
11005|10.61|24.32|40323
11005|11.26|24.97|40324
11005|11.91|25.64|40325
11015|13.83|43.67|10535
11018|13.43|48.44|20571
11008|13.62|32.90|30431
11008|13.62|32.85|30432
11008|13.62|34.29|30433
11008|13.62|32.79|30434
11017|13.41|45.41|40554
14017|18.81|44.52|10715
11020|18.75|37.87|20584
11007|18.52|48.53|30396
11007|18.52|44.51|30397
11007|18.52|56.11|30398
11007|18.52|51.67|30399
11007|18.52|45.03|30400
11004|18.94|34.08|40273
11004|18.94|34.38|40274
11004|18.94|34.79|40275
11004|18.94|34.56|40276
11004|18.94|34.66|40277
11004|18.94|35.13|40278
11004|18.94|34.87|40279
11004|18.94|35.18|40280
11026|24.07|71.87|10650
11020|23.92|46.29|20589
11001|23.96|47.33|30071
11001|23.96|46.70|30072
11001|23.96|46.77|30073
11001|23.96|46.08|30074
11001|23.96|46.68|30075
11001|23.96|46.31|30076
11001|24.36|46.05|30077
11001|24.16|45.08|30078
11001|23.96|44.02|30079
11001|24.76|45.26|30080
11012|23.68|51.19|40509
11002|29.54|43.57|10091
11002|29.54|43.68|10092
11002|29.54|43.22|10093
11002|29.54|43.39|10094
11002|29.54|43.52|10095
11002|28.94|44.80|10096
11002|28.94|44.58|10097
11002|28.94|44.74|10098
11002|29.34|44.62|10099
11002|28.94|44.22|10100
14015|29.26|58.20|20695
11022|29.32|59.52|30605
11008|28.97|43.58|40443
11008|28.97|42.54|40444
11008|28.97|44.33|40445
11008|28.97|43.39|40446
11010|34.96|59.50|10490
11010|34.96|65.60|10491
11013|34.57|72.20|20520
11026|35.07|114.31|30645
11022|34.77|76.30|40609
11022|40.61|90.17|10611
11013|40.33|86.10|20522
11020|40.71|64.10|30588
11006|40.30|60.95|40384
11006|41.00|61.77|40385
11006|41.70|62.43|40386
11006|42.40|63.12|40387
11006|43.10|63.77|40388
11006|43.80|64.51|40389
11016|46.41|81.51|10553
11008|46.46|75.72|20435
11008|46.46|74.83|20436
11008|46.46|67.43|20437
11008|46.46|71.40|20438
11026|46.62|94.42|30650
11003|48.24|64.36|40224
11003|48.24|66.70|40225
11003|48.64|66.13|40226
11003|49.24|65.98|40227
11003|49.34|64.97|40228
11003|50.24|65.21|40229
11003|46.24|66.41|40230
11003|49.04|64.45|40231
11003|48.24|64.49|40232
11019|52.36|85.66|10574
11024|52.54|94.70|20632
11018|52.12|84.81|30568
14016|52.37|85.35|40706
11010|57.99|89.96|10480
11010|57.99|89.76|10481
11002|57.88|77.93|20101
11002|57.88|76.83|20102
11002|57.88|77.20|20103
11002|57.88|77.49|20104
11002|57.88|76.79|20105
11002|57.88|77.80|20106
11002|57.88|74.53|20107
11002|57.88|77.49|20108
11002|57.88|76.03|20109
11002|57.88|76.71|20110
11011|57.99|88.48|30494
11015|57.77|90.12|40539
#group_44103_15
120.38
11018|2.08|42.91|10572
11022|2.28|42.46|20613
11020|2.25|19.79|30585
11009|2.23|33.11|40468
11009|2.23|29.73|40469
11009|2.23|33.66|40470
11001|8.87|25.35|10061
11001|8.87|25.84|10062
11001|8.87|24.84|10063
11001|8.87|24.55|10064
11001|8.87|25.34|10065
11001|7.82|26.95|10066
11001|8.12|25.52|10067
11001|8.12|25.95|10068
11001|7.82|26.53|10069
11001|8.12|25.72|10070
11022|7.97|37.98|20605
11010|7.98|28.89|30486
11010|7.98|35.78|30487
11012|8.33|43.32|40506
11008|13.75|32.99|10431
11008|13.75|33.08|10432
11008|13.75|34.73|10433
11008|13.75|33.11|10434
11012|13.56|48.71|20506
11020|13.81|33.71|30593
11026|13.34|66.61|40651
11013|19.70|51.65|10523
11004|19.27|34.35|20281
11004|19.27|34.49|20282
11004|19.27|35.26|20283
11004|19.27|35.81|20284
11004|19.27|35.85|20285
11004|19.27|34.89|20286
11004|19.27|35.18|20287
11004|19.27|35.39|20288
11005|19.23|33.17|30319
11005|19.88|33.70|30320
11005|20.53|34.32|30321
11005|21.18|35.11|30322
11005|21.83|35.53|30323
11005|22.48|36.30|30324
11005|23.13|36.94|30325
11013|19.33|51.34|40523
11004|25.12|43.57|10265
11004|25.12|42.67|10266
11004|25.12|43.52|10267
11004|25.12|44.01|10268
11004|25.12|44.69|10269
11004|25.12|44.50|10270
11004|25.12|43.85|10271
11004|25.12|42.90|10272
14022|25.07|56.96|20755
11009|25.21|49.26|30465
11009|25.21|53.70|30466
11009|25.21|46.97|30467
11009|25.50|49.70|40465
11009|25.50|54.17|40466
11009|25.50|41.08|40467
11009|31.07|61.94|10468
11009|31.07|58.72|10469
11009|31.07|62.83|10470
11025|30.61|63.86|20634
11022|31.01|61.21|30605
11015|30.94|59.91|40535
11002|35.77|51.18|10131
11002|35.77|51.42|10132
11002|35.77|49.78|10133
11002|35.77|51.06|10134
11002|35.77|49.28|10135
11002|35.77|48.99|10136
11002|35.77|49.74|10137
11002|35.77|50.72|10138
11002|35.77|49.56|10139
11002|35.77|48.68|10140
11024|36.05|87.71|20630
11003|35.65|58.96|30170
11003|35.65|58.00|30171
11003|35.65|57.11|30172
11003|36.45|57.11|30173
11003|36.45|59.49|30174
11003|36.45|60.80|30175
11003|36.45|62.74|30176
11003|35.65|61.29|30177
11003|36.75|61.32|30178
11002|36.51|55.42|40111
11002|36.51|54.89|40112
11002|36.51|54.78|40113
11002|36.51|55.68|40114
11002|36.51|55.55|40115
11002|36.51|54.91|40116
11002|35.91|56.92|40117
11002|35.91|55.39|40118
11002|35.91|56.73|40119
11002|35.91|55.39|40120
11015|41.94|67.11|10536
11009|41.59|65.48|20465
11009|41.59|71.51|20466
11009|41.59|63.65|20467
11016|41.77|80.94|30547
11026|41.79|89.59|40650
11022|47.44|78.17|10605
11024|47.30|79.83|20627
11013|47.34|78.64|30517
11024|47.41|84.76|40624
11019|52.99|87.22|10581
11021|53.23|82.45|20596
11009|53.30|75.17|30471
11009|53.30|74.42|30472
11009|53.30|75.43|30473
11015|52.79|92.74|40540
11014|58.03|85.63|10524
11014|58.07|82.47|20525
11026|58.17|120.38|30647
11016|58.25|88.38|40545
#group_44103_16
97.79
11013|2.56|42.05|10519
11011|2.05|36.36|20499
11005|2.54|22.55|30326
11005|2.54|21.26|30327
11005|2.54|23.14|30328
11005|2.54|23.64|30329
11005|2.54|25.56|30330
11005|2.54|24.36|30331
11005|2.54|22.07|30332
11019|2.41|35.89|40574
11009|7.97|29.94|10471
11009|7.97|29.20|10472
11009|7.97|30.33|10473
11001|8.23|23.81|20051
11001|8.23|21.81|20052
11001|8.23|20.61|20053
11001|8.23|21.82|20054
11001|8.23|21.78|20055
11001|8.23|21.16|20056
11001|8.23|21.08|20057
11001|8.23|20.42|20058
11001|8.23|22.38|20059
11001|8.23|22.49|20060
11021|8.09|51.35|30600
11026|7.90|70.11|40647
11009|13.39|32.26|10462
11009|14.59|33.57|10463
11009|15.79|34.68|10464
11013|13.27|40.34|20514
11024|13.04|49.33|30625
11025|13.22|79.58|40637
11020|19.25|40.48|10592
14011|18.71|64.84|20682
11011|18.89|53.30|30499
11022|19.14|49.84|40607
11004|24.81|46.08|10233
11004|24.81|45.58|10234
11004|24.81|45.88|10235
11004|24.81|45.67|10236
11004|24.81|45.93|10237
11004|24.81|45.81|10238
11004|24.81|46.09|10239
11004|24.81|46.20|10240
11002|24.96|38.94|20151
11002|24.96|37.81|20152
11002|24.96|39.62|20153
11002|24.96|40.29|20154
11002|24.96|38.21|20155
11002|24.96|38.92|20156
11002|24.96|38.88|20157
11002|24.96|38.61|20158
11002|24.96|39.79|20159
11002|24.96|37.60|20160
11012|24.73|56.11|30504
11013|24.71|65.46|40519
11009|29.86|53.99|10465
11009|29.86|59.99|10466
11009|29.86|51.86|10467
11014|30.17|54.57|20525
11016|29.95|60.23|30545
11022|29.87|67.55|40608
11022|36.27|74.45|10608
11012|36.03|71.18|20506
11006|35.91|54.66|30366
11006|35.91|53.98|30367
11006|35.91|54.20|30368
11006|35.91|54.61|30369
11006|35.91|54.46|30370
11006|35.91|54.02|30371
11001|36.16|51.49|40051
11001|36.16|49.57|40052
11001|36.16|48.54|40053
11001|36.16|49.71|40054
11001|36.16|49.66|40055
11001|36.16|49.08|40056
11001|36.16|48.89|40057
11001|36.16|48.26|40058
11001|36.16|50.26|40059
11001|36.16|50.30|40060
14009|41.12|70.36|10666
11009|41.03|63.77|20459
11009|41.03|65.85|20460
11009|41.03|67.05|20461
11014|41.48|73.80|30532
14021|41.12|83.23|40748
11017|46.82|92.69|10558
11002|46.71|74.73|20081
11002|46.96|75.06|20082
11002|47.01|75.08|20083
11002|47.21|75.06|20084
11002|46.71|76.76|20085
11002|47.71|76.35|20086
11002|48.31|77.07|20087
11002|48.31|76.56|20088
11002|48.31|76.42|20089
11002|48.31|75.58|20090
11007|46.59|66.72|30406
11007|46.59|66.84|30407
11007|46.59|66.25|30408
11007|46.59|66.02|30409
11007|46.59|66.08|30410
11009|46.71|68.55|40471
11009|46.71|67.88|40472
11009|46.71|68.73|40473
11023|52.42|77.74|10621
11015|52.10|84.69|20539
11023|52.34|77.26|30617
11020|52.36|70.23|40585
11026|58.02|97.79|10646
11011|57.89|86.17|20495
11011|57.58|91.99|30499
11008|57.64|72.25|40443
11008|57.64|71.21|40444
11008|57.64|73.00|40445
11008|57.64|72.06|40446
#group_44103_17
96.38
11007|2.26|26.28|10401
11007|2.26|28.35|10402
11007|2.26|27.68|10403
11007|2.26|27.77|10404
11007|2.26|26.96|10405
11013|2.16|34.07|20523
11023|2.06|35.78|30622
11001|2.44|18.77|40031
11001|2.44|18.86|40032
11001|2.44|18.66|40033
11001|2.44|18.65|40034
11001|2.44|19.33|40035
11001|2.44|18.36|40036
11001|2.44|17.81|40037
11001|2.44|18.45|40038
11001|2.44|18.83|40039
11001|2.44|18.33|40040
11010|8.24|41.42|10492
11010|8.24|41.03|10493
11016|7.86|44.12|20550
11024|7.89|62.14|30633
14023|8.06|36.23|40768
11004|13.05|34.51|10297
11004|13.05|34.47|10298
11004|13.05|35.21|10299
11004|13.05|35.23|10300
11004|13.05|34.79|10301
11004|13.05|34.01|10302
11004|13.05|33.56|10303
11004|13.05|35.83|10304
11014|13.21|58.95|20528
11017|13.12|63.58|30562
11009|13.39|37.59|40465
11009|13.39|42.06|40466
11009|13.39|28.97|40467
11013|18.40|50.35|10523
11023|18.35|49.25|20619
11024|18.57|56.92|30629
11013|18.85|59.60|40519
11013|23.76|53.49|10515
11007|23.85|43.79|20411
11007|23.85|43.68|20412
11007|23.85|43.00|20413
11007|23.85|44.33|20414
11007|23.85|40.59|20415
11015|23.59|49.31|30536
11005|23.59|38.82|40340
11005|23.59|39.09|40341
11005|23.59|39.13|40342
11005|23.59|39.09|40343
11005|23.59|38.97|40344
11005|23.59|39.12|40345
11005|23.59|39.36|40346
11015|28.85|58.25|10538
11008|28.99|58.25|20435
11008|28.99|57.36|20436
11008|28.99|49.96|20437
11008|28.99|53.93|20438
11026|28.68|90.89|30647
11005|28.67|47.37|40333
11005|28.67|46.56|40334
11005|28.67|47.50|40335
11005|28.67|46.82|40336
11005|28.67|47.99|40337
11005|28.67|48.41|40338
11005|28.67|47.31|40339
11005|34.44|54.89|10326
11005|34.44|53.36|10327
11005|34.44|55.51|10328
11005|34.44|55.20|10329
11005|34.44|58.08|10330
11005|34.44|56.41|10331
11005|34.44|53.71|10332
11021|34.13|66.57|20601
11008|34.11|53.39|30431
11008|34.11|53.34|30432
11008|34.11|54.78|30433
11008|34.11|53.28|30434
11007|34.18|54.20|40406
11007|34.18|54.41|40407
11007|34.18|53.81|40408
11007|34.18|53.62|40409
11007|34.18|53.67|40410
11006|39.66|58.44|10372
11006|39.66|58.60|10373
11006|39.66|58.97|10374
11006|39.66|59.05|10375
11006|39.66|57.99|10376
11006|39.66|58.31|10377
11023|39.50|64.37|20617
11001|39.27|55.59|30031
11001|39.27|55.63|30032
11001|39.27|55.52|30033
11001|39.27|55.27|30034
11001|39.27|56.02|30035
11001|39.27|55.25|30036
11001|39.27|54.61|30037
11001|39.27|55.33|30038
11001|39.27|55.66|30039
11001|39.27|55.17|30040
11024|39.69|72.22|40627
11009|45.72|69.85|10465
11009|45.72|75.85|10466
11009|45.72|67.72|10467
14017|45.44|87.52|20718
11022|45.76|76.43|30607
11005|45.35|65.37|40326
11005|45.35|64.16|40327
11005|45.35|66.39|40328
11005|45.35|66.21|40329
11005|45.35|68.42|40330
11005|45.35|67.03|40331
11005|45.35|64.47|40332
11002|51.43|65.46|10091
11002|51.43|65.57|10092
11002|51.43|65.11|10093
11002|51.43|65.28|10094
11002|51.43|65.41|10095
11002|50.83|66.69|10096
11002|50.83|66.47|10097
11002|50.83|66.63|10098
11002|51.23|66.51|10099
11002|50.83|66.11|10100
11020|50.77|71.00|20590
11007|50.60|70.47|30411
11007|50.60|70.44|30412
11007|50.60|69.70|30413
11007|50.60|71.01|30414
11007|50.60|67.37|30415
11008|50.58|66.32|40455
11008|50.58|66.00|40456
11008|50.58|63.32|40457
11008|50.58|62.08|40458
11020|56.77|76.99|10586
11009|56.72|79.46|20459
11009|56.72|81.54|20460
11009|56.72|82.74|20461
11021|56.54|86.32|30594
11015|56.43|96.38|40540
#group_44103_18
97.42
11024|2.60|39.00|10625
14023|2.51|34.21|20769
14009|2.34|28.92|30665
11003|2.24|25.56|40170
11003|2.24|24.71|40171
11003|2.24|23.73|40172
11003|3.04|23.82|40173
11003|3.04|26.37|40174
11003|3.04|27.42|40175
11003|3.04|29.46|40176
11003|2.24|27.78|40177
11003|3.34|27.91|40178
11005|7.70|28.15|10326
11005|7.70|26.62|10327
11005|7.70|28.77|10328
11005|7.70|28.46|10329
11005|7.70|31.34|10330
11005|7.70|29.67|10331
11005|7.70|26.97|10332
11024|8.04|45.39|20624
11021|8.06|40.30|30601
11009|7.73|29.57|40471
11009|7.73|28.90|40472
11009|7.73|29.75|40473
11013|13.83|41.37|10516
11021|13.92|53.26|20597
11014|14.15|38.58|30525
14021|14.16|45.82|40745
11005|19.11|40.38|10347
11005|19.11|41.76|10348
11005|19.11|40.37|10349
11005|19.11|39.80|10350
11005|19.11|41.40|10351
11005|19.11|42.50|10352
11005|19.11|41.49|10353
11026|19.30|68.92|20653
11011|19.35|46.10|30501
11015|19.25|48.34|40538
11010|24.10|51.26|10484
11010|24.10|50.36|10485
11007|24.02|40.31|20426
11007|24.02|40.35|20427
11007|24.02|40.69|20428
11007|24.02|40.88|20429
11007|24.02|40.50|20430
11026|24.37|77.64|30651
11011|23.87|56.91|40498
11020|29.56|47.88|10587
11024|29.25|65.64|20625
11013|29.23|61.90|30518
11004|29.50|44.64|40273
11004|29.50|44.94|40274
11004|29.50|45.35|40275
11004|29.50|45.12|40276
11004|29.50|45.22|40277
11004|29.50|45.69|40278
11004|29.50|45.43|40279
11004|29.50|45.74|40280
11003|37.54|54.03|10224
11003|37.54|55.90|10225
11003|37.94|55.51|10226
11003|38.54|55.22|10227
11003|38.64|54.23|10228
11003|39.54|54.52|10229
11003|35.54|55.58|10230
11003|38.34|53.76|10231
11003|37.54|53.90|10232
11020|35.15|58.66|20588
11003|35.15|61.12|30215
11003|35.15|61.36|30216
11003|35.15|61.99|30217
11003|35.15|61.26|30218
11003|35.15|61.44|30219
11003|35.15|61.73|30220
11003|35.15|61.72|30221
11003|35.15|63.45|30222
11003|35.15|63.56|30223
11015|35.15|59.20|40534
11015|40.84|80.84|10540
11015|40.81|73.40|20539
11021|40.82|70.60|30594
11009|40.58|64.78|40465
11009|40.58|69.25|40466
11009|40.58|56.16|40467
11003|46.40|69.78|10170
11003|46.40|68.81|10171
11003|46.40|67.91|10172
11003|47.20|68.49|10173
11003|47.20|71.14|10174
11003|47.20|72.26|10175
11003|47.20|73.63|10176
11003|46.40|72.41|10177
11003|47.50|72.15|10178
11011|46.64|80.95|20499
14022|46.78|78.67|30755
11012|46.81|97.42|40507
11022|52.13|90.31|10608
11013|52.64|85.24|20518
11012|52.67|86.17|30505
11014|52.23|91.09|40527
11006|58.06|77.39|10378
11006|58.06|77.95|10379
11006|58.06|77.69|10380
11006|58.06|77.52|10381
11006|58.06|74.99|10382
11006|58.06|77.75|10383
14007|58.57|83.26|20661
11013|58.42|85.76|30516
11010|58.37|89.99|40480
11010|58.37|89.93|40481
#group_44103_19
104.03
11016|2.26|42.01|10552
11016|2.21|33.13|20549
11011|2.37|27.78|30497
11001|3.35|19.86|40061
11001|3.35|20.54|40062
11001|3.35|19.38|40063
11001|3.35|18.87|40064
11001|3.35|19.98|40065
11001|2.30|21.42|40066
11001|2.60|20.05|40067
11001|2.60|20.59|40068
11001|2.30|21.06|40069
11001|2.60|20.18|40070
14009|7.78|37.80|10670
11007|7.56|27.84|20421
11007|7.56|27.25|20422
11007|7.56|26.67|20423
11007|7.56|26.06|20424
11007|7.56|26.21|20425
11022|7.53|56.76|30611
11002|7.51|35.46|40081
11002|7.76|36.07|40082
11002|7.81|35.74|40083
11002|8.01|35.77|40084
11002|7.51|37.30|40085
11002|8.51|36.85|40086
11002|9.11|37.51|40087
11002|9.11|37.28|40088
11002|9.11|37.04|40089
11002|9.11|36.11|40090
11022|12.67|53.25|10606
11006|12.99|38.84|20354
11006|12.99|38.22|20355
11006|12.99|38.63|20356
11006|12.99|37.74|20357
11006|12.99|38.86|20358
11006|12.99|38.78|20359
11003|12.87|37.15|30206
11003|12.87|37.30|30207
11003|12.87|37.00|30208
11003|12.87|37.27|30209
11003|12.87|36.81|30210
11003|14.37|36.86|30211
11003|14.37|37.06|30212
11003|14.37|37.29|30213
11003|14.37|37.07|30214
11022|12.46|51.01|40610
11024|17.68|74.06|10631
11024|17.73|55.08|20624
11015|17.92|46.84|30535
11002|18.38|37.29|40111
11002|18.38|36.76|40112
11002|18.38|36.65|40113
11002|18.38|37.55|40114
11002|18.38|37.42|40115
11002|18.38|36.78|40116
11002|17.78|38.79|40117
11002|17.78|37.26|40118
11002|17.78|38.60|40119
11002|17.78|37.26|40120
11021|23.46|52.53|10594
11010|23.42|61.73|20488
11010|23.42|55.99|20489
11016|22.97|57.27|30551
11001|23.11|38.44|40051
11001|23.11|36.52|40052
11001|23.11|35.49|40053
11001|23.11|36.66|40054
11001|23.11|36.61|40055
11001|23.11|36.03|40056
11001|23.11|35.84|40057
11001|23.11|35.21|40058
11001|23.11|37.21|40059
11001|23.11|37.25|40060
14013|29.32|57.43|10693
11008|29.13|47.74|20447
11008|29.13|49.50|20448
11008|29.13|49.03|20449
11008|29.13|49.13|20450
11022|29.04|67.52|30610
11015|29.46|68.58|40542
11017|34.40|82.47|10561
11009|34.25|53.21|20462
11009|35.45|54.35|20463
11009|36.65|55.60|20464
14021|34.48|75.66|30751
11007|34.70|61.14|40416
11007|34.70|58.45|40417
11007|34.70|65.14|40418
11007|34.70|63.11|40419
11007|34.70|61.95|40420
11026|39.55|102.24|10648
11025|39.53|90.59|20640
14007|39.82|63.07|30657
11019|39.38|74.99|40579
11020|45.72|64.04|10587
14019|45.84|72.78|20727
11002|45.78|65.85|30101
11002|45.78|64.77|30102
11002|45.78|65.21|30103
11002|45.78|65.50|30104
11002|45.78|64.63|30105
11002|45.78|65.83|30106
11002|45.78|62.43|30107
11002|45.78|65.42|30108
11002|45.78|63.97|30109
11002|45.78|64.54|30110
11012|45.62|81.71|40510
14007|51.12|84.71|10656
11019|51.10|86.71|20579
11015|51.09|99.66|30541
11018|50.94|77.42|40567
11022|56.24|86.99|10607
11002|56.13|76.18|20101
11002|56.13|75.08|20102
11002|56.13|75.45|20103
11002|56.13|75.74|20104
11002|56.13|75.04|20105
11002|56.13|76.05|20106
11002|56.13|72.78|20107
11002|56.13|75.74|20108
11002|56.13|74.28|20109
11002|56.13|74.96|20110
11026|56.23|104.03|30650
11006|55.78|75.12|40378
11006|55.78|76.01|40379
11006|55.78|75.43|40380
11006|55.78|75.46|40381
11006|55.78|72.60|40382
11006|55.78|75.87|40383
#group_44103_2
103.67
11017|2.01|33.65|10554
11009|2.19|21.15|20462
11009|3.39|22.29|20463
11009|4.59|23.54|20464
14023|2.16|38.32|30771
11003|2.44|26.70|40206
11003|2.44|26.87|40207
11003|2.44|26.59|40208
11003|2.44|26.72|40209
11003|2.44|26.58|40210
11003|3.94|26.43|40211
11003|3.94|26.60|40212
11003|3.94|26.74|40213
11003|3.94|26.46|40214
11016|7.84|37.30|10548
11019|7.59|48.82|20580
11008|7.96|22.61|30443
11008|7.96|21.54|30444
11008|7.96|23.36|30445
11008|7.96|22.42|30446
11008|7.57|27.06|40451
11008|7.57|26.20|40452
11008|7.57|25.66|40453
11008|7.57|26.28|40454
11018|13.32|39.98|10567
11021|13.22|48.21|20598
11018|13.37|51.92|30569
11012|13.11|48.25|40508
11002|19.45|33.48|10091
11002|19.45|33.59|10092
11002|19.45|33.13|10093
11002|19.45|33.30|10094
11002|19.45|33.43|10095
11002|18.85|34.71|10096
11002|18.85|34.49|10097
11002|18.85|34.65|10098
11002|19.25|34.53|10099
11002|18.85|34.13|10100
11018|19.17|52.08|20568
11015|18.96|57.76|30542
11007|18.86|42.72|40401
11007|18.86|45.11|40402
11007|18.86|44.33|40403
11007|18.86|44.30|40404
11007|18.86|43.59|40405
11015|24.93|50.10|10536
11009|24.43|46.29|20471
11009|24.43|45.58|20472
11009|24.43|46.80|20473
11020|24.65|38.94|30592
14015|24.61|54.32|40698
11007|29.54|59.03|10396
11007|29.54|55.67|10397
11007|29.54|66.56|10398
11007|29.54|63.69|10399
11007|29.54|55.68|10400
11006|29.46|48.74|20378
11006|29.46|49.28|20379
11006|29.46|49.19|20380
11006|29.46|48.08|20381
11006|29.46|46.38|20382
11006|29.46|49.48|20383
11010|29.51|54.20|30490
11010|29.51|59.95|30491
11019|29.72|65.33|40579
11026|35.30|83.10|10650
11008|35.41|54.52|20439
11008|35.41|54.21|20440
11008|35.41|54.08|20441
11008|35.41|55.02|20442
11016|35.73|74.90|30547
11026|35.77|85.26|40653
11006|41.23|62.05|10384
11006|41.93|62.66|10385
11006|42.63|63.34|10386
11006|43.33|63.99|10387
11006|44.03|64.75|10388
11006|44.73|65.40|10389
11009|41.68|64.42|20459
11009|41.68|66.50|20460
11009|41.68|67.70|20461
11023|41.69|63.85|30614
11013|41.18|64.46|40521
11008|46.70|61.31|10443
11008|46.70|60.26|10444
11008|46.70|62.13|10445
11008|46.70|61.10|10446
11020|46.36|60.85|20591
11002|46.98|65.91|30111
11002|46.98|65.51|30112
11002|46.98|65.23|30113
11002|46.98|65.78|30114
11002|46.98|66.05|30115
11002|46.98|65.40|30116
11002|46.38|67.37|30117
11002|46.38|65.85|30118
11002|46.38|67.87|30119
11002|46.38|66.39|30120
11015|46.51|75.60|40538
11021|52.54|81.61|10594
11009|52.47|71.43|20462
11009|53.67|72.57|20463
11009|54.87|73.82|20464
11025|52.16|103.67|30640
11006|52.19|77.96|40354
11006|52.19|77.42|40355
11006|52.19|78.12|40356
11006|52.19|76.95|40357
11006|52.19|78.14|40358
11006|52.19|77.77|40359
#group_44103_20
98.39
11020|2.07|20.39|10587
11011|2.04|45.83|20500
11015|2.02|30.94|30535
11019|2.26|41.30|40578
11019|8.03|66.76|10575
11025|7.79|64.30|20642
11013|8.04|48.71|30519
11018|8.05|46.51|40569
11011|13.28|40.11|10501
11005|13.82|29.19|20340
11005|13.82|29.04|20341
11005|13.82|29.35|20342
11005|13.82|29.29|20343
11005|13.82|28.91|20344
11005|13.82|29.21|20345
11005|13.82|29.60|20346
11021|13.52|56.78|30600
11008|13.81|32.60|40439
11008|13.81|32.78|40440
11008|13.81|32.39|40441
11008|13.81|32.97|40442
11008|19.66|35.24|10455
11008|19.66|35.21|10456
11008|19.66|32.53|10457
11008|19.66|31.05|10458
11022|19.29|60.73|20609
11001|19.79|36.49|30021
11001|20.21|37.11|30022
11001|20.63|37.55|30023
11001|21.05|38.02|30024
11001|21.47|38.32|30025
11001|21.89|38.85|30026
11001|22.31|39.23|30027
11001|22.73|39.60|30028
11001|23.15|40.07|30029
11001|23.57|40.46|30030
11006|19.52|38.86|40378
11006|19.52|39.75|40379
11006|19.52|39.17|40380
11006|19.52|39.20|40381
11006|19.52|36.34|40382
11006|19.52|39.61|40383
11001|25.17|48.41|10071
11001|25.17|48.13|10072
11001|25.17|47.69|10073
11001|25.17|47.54|10074
11001|25.17|47.65|10075
11001|25.17|47.36|10076
11001|25.57|47.34|10077
11001|25.37|46.84|10078
11001|25.17|45.25|10079
11001|25.97|46.62|10080
11014|25.30|71.04|20528
11021|25.08|53.98|30596
11018|25.49|67.41|40572
11001|31.72|48.20|10061
11001|31.72|48.69|10062
11001|31.72|47.69|10063
11001|31.72|47.40|10064
11001|31.72|48.19|10065
11001|30.67|49.80|10066
11001|30.97|48.37|10067
11001|30.97|48.80|10068
11001|30.67|49.38|10069
11001|30.97|48.57|10070
11021|31.02|70.36|20597
11012|30.98|58.66|30509
11020|30.58|49.06|40587
11008|36.40|55.37|10439
11008|36.40|55.21|10440
11008|36.40|55.02|10441
11008|36.40|55.60|10442
11001|36.99|53.49|20061
11001|36.99|54.19|20062
11001|36.99|52.96|20063
11001|36.99|52.88|20064
11001|36.99|53.51|20065
11001|35.94|55.05|20066
11001|36.24|53.89|20067
11001|36.24|54.07|20068
11001|35.94|54.78|20069
11001|36.24|54.25|20070
11016|36.29|66.49|30549
11002|35.93|51.81|40141
11002|35.93|52.03|40142
11002|35.93|51.58|40143
11002|35.93|52.19|40144
11002|35.93|51.56|40145
11002|35.93|51.44|40146
11002|35.93|51.65|40147
11002|35.93|51.27|40148
11002|35.93|51.38|40149
11002|35.93|50.93|40150
11024|42.21|84.51|10632
11002|42.13|62.18|20101
11002|42.13|61.08|20102
11002|42.13|61.45|20103
11002|42.13|61.74|20104
11002|42.13|61.04|20105
11002|42.13|62.05|20106
11002|42.13|58.78|20107
11002|42.13|61.74|20108
11002|42.13|60.28|20109
11002|42.13|60.96|20110
11008|42.32|61.60|30431
11008|42.32|61.55|30432
11008|42.32|62.99|30433
11008|42.32|61.49|30434
14020|41.89|66.85|40736
14022|47.47|89.86|10763
11007|47.82|67.91|20406
11007|47.82|68.03|20407
11007|47.82|67.43|20408
11007|47.82|67.22|20409
11007|47.82|67.26|20410
11016|47.96|83.14|30553
11004|47.54|68.95|40297
11004|47.54|68.96|40298
11004|47.54|69.72|40299
11004|47.54|69.83|40300
11004|47.54|69.44|40301
11004|47.54|68.63|40302
11004|47.54|67.95|40303
11004|47.54|70.70|40304
11014|52.70|91.68|10527
11021|52.90|82.12|20596
11012|52.71|90.83|30513
11018|53.02|79.50|40567
11014|58.19|80.11|10531
11020|58.09|77.21|20584
11014|58.33|87.01|30533
11015|58.44|98.39|40540
#group_44103_21
96.67
14011|2.57|42.97|10679
11009|2.46|26.35|20465
11009|2.46|32.38|20466
11009|2.46|24.52|20467
11015|2.55|35.12|30539
11004|2.20|26.11|40249
11004|2.20|24.89|40250
11004|2.20|26.48|40251
11004|2.20|25.65|40252
11004|2.20|25.95|40253
11004|2.20|25.88|40254
11004|2.20|25.77|40255
11004|2.20|26.69|40256
11011|7.31|50.14|10500
11004|7.33|28.82|20297
11004|7.33|28.84|20298
11004|7.33|29.54|20299
11004|7.33|29.61|20300
11004|7.33|29.29|20301
11004|7.33|28.44|20302
11004|7.33|27.75|20303
11004|7.33|30.20|20304
11022|7.66|37.86|30605
11011|7.67|51.22|40502
11010|12.20|41.82|10482
11010|12.20|36.47|10483
11009|12.54|34.40|20471
11009|12.54|33.69|20472
11009|12.54|34.91|20473
11014|12.31|36.74|30525
11022|12.44|44.62|40612
11026|18.36|58.13|10646
11024|18.13|54.52|20625
11022|18.32|50.39|30612
11013|18.24|51.30|40518
11022|23.97|54.72|10607
11003|24.00|45.89|20197
11003|24.00|46.16|20198
11003|24.00|45.51|20199
11003|24.00|46.22|20200
11003|24.00|46.02|20201
11003|24.00|44.92|20202
11003|24.00|45.33|20203
11003|24.00|45.00|20204
11003|24.00|44.82|20205
11022|24.40|65.50|30606
11002|24.09|44.04|40101
11002|24.09|43.06|40102
11002|24.09|43.44|40103
11002|24.09|43.78|40104
11002|24.09|42.90|40105
11002|24.09|44.05|40106
11002|24.09|40.74|40107
11002|24.09|43.65|40108
11002|24.09|42.28|40109
11002|24.09|42.75|40110
11006|30.05|49.38|10378
11006|30.05|49.94|10379
11006|30.05|49.68|10380
11006|30.05|49.51|10381
11006|30.05|46.98|10382
11006|30.05|49.74|10383
11025|29.89|86.40|20642
11019|30.05|71.37|30580
11010|29.67|61.29|40480
11010|29.67|61.23|40481
11023|35.54|62.15|10618
14016|35.86|73.90|20707
11024|35.98|68.51|30627
11023|35.87|59.83|40616
11009|41.40|72.27|10468
11009|41.40|69.05|10469
11009|41.40|73.16|10470
11005|41.42|61.35|20305
11005|41.42|61.16|20306
11005|41.42|61.35|20307
11005|41.42|61.47|20308
11005|41.42|61.82|20309
11005|41.42|61.17|20310
11005|41.42|60.49|20311
11002|41.46|61.53|30101
11002|41.46|60.45|30102
11002|41.46|60.89|30103
11002|41.46|61.18|30104
11002|41.46|60.31|30105
11002|41.46|61.51|30106
11002|41.46|58.11|30107
11002|41.46|61.10|30108
11002|41.46|59.65|30109
11002|41.46|60.22|30110
11021|41.64|76.68|40598
11002|47.57|76.09|10081
11002|47.82|75.92|10082
11002|47.87|76.17|10083
11002|48.07|75.88|10084
11002|47.57|77.48|10085
11002|48.57|76.95|10086
11002|49.17|77.23|10087
11002|49.17|77.74|10088
11002|49.17|77.26|10089
11002|49.17|76.24|10090
11016|47.59|82.73|20553
11008|47.60|66.88|30431
11008|47.60|66.83|30432
11008|47.60|68.27|30433
11008|47.60|66.77|30434
11009|47.44|78.32|40468
11009|47.44|74.94|40469
11009|47.44|78.87|40470
11002|52.48|72.49|10101
11002|52.48|71.45|10102
11002|52.48|71.78|10103
11002|52.48|72.15|10104
11002|52.48|71.37|10105
11002|52.48|72.40|10106
11002|52.48|69.13|10107
11002|52.48|72.14|10108
11002|52.48|70.67|10109
11002|52.48|71.31|10110
11011|52.88|96.67|20500
11007|52.56|72.43|30411
11007|52.56|72.40|30412
11007|52.56|71.66|30413
11007|52.56|72.97|30414
11007|52.56|69.33|30415
11006|52.57|71.35|40372
11006|52.57|71.48|40373
11006|52.57|71.81|40374
11006|52.57|72.05|40375
11006|52.57|70.98|40376
11006|52.57|71.13|40377
#group_44103_22
112.05
11026|2.44|64.65|10647
11010|2.49|40.80|20488
11010|2.49|35.06|20489
11019|2.47|41.53|30578
11007|2.55|18.84|40426
11007|2.55|18.89|40427
11007|2.55|19.01|40428
11007|2.55|19.44|40429
11007|2.55|19.02|40430
11021|8.13|37.12|10595
11020|8.07|26.38|20587
11026|8.42|71.11|30648
11015|8.11|34.47|40537
11025|13.78|86.92|10635
11002|13.98|34.03|20101
11002|13.98|32.93|20102
11002|13.98|33.30|20103
11002|13.98|33.59|20104
11002|13.98|32.89|20105
11002|13.98|33.90|20106
11002|13.98|30.63|20107
11002|13.98|33.59|20108
11002|13.98|32.13|20109
11002|13.98|32.81|20110
11001|13.67|37.04|30071
11001|13.67|36.41|30072
11001|13.67|36.48|30073
11001|13.67|35.79|30074
11001|13.67|36.39|30075
11001|13.67|36.02|30076
11001|14.07|35.76|30077
11001|13.87|34.79|30078
11001|13.67|33.73|30079
11001|14.47|34.97|30080
11015|13.71|46.06|40539
11008|19.36|38.03|10447
11008|19.36|39.81|10448
11008|19.36|39.14|10449
11008|19.36|39.50|10450
11023|19.36|43.02|20623
11007|19.43|39.56|30406
11007|19.43|39.68|30407
11007|19.43|39.09|30408
11007|19.43|38.86|30409
11007|19.43|38.92|30410
11020|19.27|37.14|40585
11013|25.00|52.21|10514
11002|25.95|40.25|20091
11002|25.95|40.10|20092
11002|25.95|39.53|20093
11002|25.95|40.06|20094
11002|25.95|40.09|20095
11002|25.35|41.24|20096
11002|25.35|41.12|20097
11002|25.35|41.04|20098
11002|25.75|41.04|20099
11002|25.35|40.67|20100
11012|25.05|60.17|30506
11020|24.94|38.45|40592
11014|31.18|58.78|10524
11004|31.11|49.31|20265
11004|31.11|48.96|20266
11004|31.11|49.54|20267
11004|31.11|49.99|20268
11004|31.11|50.44|20269
11004|31.11|50.20|20270
11004|31.11|49.86|20271
11004|31.11|49.46|20272
11012|31.11|69.23|30513
11012|31.14|58.65|40509
11016|36.79|62.21|10545
11015|36.57|66.24|20538
11026|36.76|99.45|30648
11005|36.68|54.67|40312
11005|36.68|55.01|40313
11005|36.68|55.19|40314
11005|36.68|59.09|40315
11005|36.68|57.02|40316
11005|36.68|54.45|40317
11005|36.68|53.92|40318
11010|41.85|80.09|10488
11010|41.85|74.18|10489
11022|41.80|72.45|20607
11016|41.51|68.93|30544
11020|41.61|61.26|40584
11021|47.34|76.33|10595
11017|46.97|95.07|20561
11025|47.15|110.73|30643
11018|47.29|91.75|40564
11020|52.85|74.43|10589
11004|52.89|72.46|20289
11004|52.89|74.02|20290
11004|52.89|70.85|20291
11004|52.89|69.05|20292
11004|52.89|72.02|20293
11004|52.89|72.21|20294
11004|52.89|70.30|20295
11004|52.89|72.16|20296
11004|52.79|70.46|30257
11004|53.39|70.94|30258
11004|53.99|71.61|30259
11004|54.59|72.28|30260
11004|55.19|72.80|30261
11004|55.79|73.41|30262
11004|56.39|74.00|30263
11004|56.99|74.56|30264
11024|52.57|85.10|40627
11023|58.46|80.71|10620
11022|58.80|97.02|20608
11016|58.87|86.29|30544
11026|58.78|112.05|40651
#group_44103_23
88.28
11001|3.50|19.98|10061
11001|3.50|20.47|10062
11001|3.50|19.47|10063
11001|3.50|19.18|10064
11001|3.50|19.97|10065
11001|2.45|21.58|10066
11001|2.75|20.15|10067
11001|2.75|20.58|10068
11001|2.45|21.16|10069
11001|2.75|20.35|10070
11001|2.38|19.65|20001
11001|3.18|20.03|20002
11001|3.28|19.89|20003
11001|3.08|21.02|20004
11001|2.98|20.51|20005
11001|2.88|19.94|20006
11001|3.18|19.28|20007
11001|2.98|20.90|20008
11001|2.38|20.46|20009
11001|2.98|19.89|20010
11004|2.24|22.61|30241
11004|2.24|22.80|30242
11004|2.24|22.12|30243
11004|2.24|22.29|30244
11004|2.24|22.86|30245
11004|2.24|23.27|30246
11004|2.24|23.81|30247
11004|2.24|24.77|30248
11015|2.37|28.73|40537
11007|7.74|24.09|10426
11007|7.74|24.09|10427
11007|7.74|24.24|10428
11007|7.74|24.60|10429
11007|7.74|24.22|10430
11002|7.82|21.80|20151
11002|7.82|20.67|20152
11002|7.82|22.48|20153
11002|7.82|23.15|20154
11002|7.82|21.07|20155
11002|7.82|21.78|20156
11002|7.82|21.74|20157
11002|7.82|21.47|20158
11002|7.82|22.65|20159
11002|7.82|20.46|20160
11012|7.86|58.45|30507
14013|7.60|35.34|40686
11010|13.22|51.46|10488
11010|13.22|45.55|10489
11022|13.19|51.41|20608
11013|12.83|40.17|30516
11013|13.16|46.22|40518
11022|18.47|56.65|10608
11013|18.76|49.23|20515
11020|18.43|38.80|30584
11022|18.35|59.21|40613
11008|23.98|38.59|10443
11008|23.98|37.54|10444
11008|23.98|39.41|10445
11008|23.98|38.38|10446
11017|23.90|69.56|20558
11020|24.04|38.33|30592
11018|23.74|62.20|40569
14013|29.02|70.43|10687
11021|29.59|68.93|20597
11015|29.60|59.65|30543
11014|29.09|51.27|40531
11009|34.15|65.56|10477
11009|34.15|65.33|10478
11009|34.15|64.80|10479
11018|34.59|69.14|20566
11018|34.15|75.33|30572
11011|34.34|61.20|40501
11022|40.20|80.78|10606
11005|40.38|58.65|20312
11005|40.38|59.02|20313
11005|40.38|58.95|20314
11005|40.38|63.95|20315
11005|40.38|61.28|20316
11005|40.38|59.02|20317
11005|40.38|58.58|20318
11019|40.12|73.59|30574
11003|42.36|58.48|40224
11003|42.36|60.82|40225
11003|42.76|60.25|40226
11003|43.36|60.10|40227
11003|43.46|59.09|40228
11003|44.36|59.33|40229
11003|40.36|60.53|40230
11003|43.16|58.57|40231
11003|42.36|58.61|40232
11005|45.82|61.09|10340
11005|45.82|61.19|10341
11005|45.82|61.43|10342
11005|45.82|61.28|10343
11005|45.82|61.04|10344
11005|45.82|61.28|10345
11005|45.82|61.57|10346
11016|45.98|86.24|20552
11024|46.01|88.28|30632
11018|46.07|79.75|40570
11002|51.81|70.61|10111
11002|51.81|70.24|10112
11002|51.81|70.07|10113
11002|51.81|71.00|10114
11002|51.81|71.23|10115
11002|51.81|70.20|10116
11002|51.21|71.77|10117
11002|51.21|70.74|10118
11002|51.21|71.85|10119
11002|51.21|71.28|10120
11008|51.02|70.26|20431
11008|51.02|70.37|20432
11008|51.02|71.80|20433
11008|51.02|70.35|20434
11005|51.05|69.65|30333
11005|51.05|68.88|30334
11005|51.05|69.87|30335
11005|51.05|69.12|30336
11005|51.05|70.47|30337
11005|51.05|70.89|30338
11005|51.05|69.67|30339
11023|51.20|73.64|40620
11011|56.67|84.92|10495
11012|56.69|84.43|20509
11007|56.40|80.45|30401
11007|56.40|82.66|30402
11007|56.40|81.87|30403
11007|56.40|81.96|30404
11007|56.40|81.03|30405
11015|56.79|86.34|40543
#group_44103_24
136.96
11006|2.52|21.30|10372
11006|2.52|21.46|10373
11006|2.52|21.83|10374
11006|2.52|21.91|10375
11006|2.52|20.85|10376
11006|2.52|21.17|10377
11009|2.42|33.44|20477
11009|2.42|33.59|20478
11009|2.42|33.12|20479
11025|2.17|53.68|30640
11020|2.34|20.82|40587
11003|7.91|32.23|10206
11003|7.91|32.55|10207
11003|7.91|32.19|10208
11003|7.91|32.19|10209
11003|7.91|32.10|10210
11003|9.41|32.14|10211
11003|9.41|32.34|10212
11003|9.41|32.65|10213
11003|9.41|31.91|10214
11020|7.97|26.90|20593
11024|7.77|39.16|30626
11022|8.27|49.80|40609
11014|13.89|42.48|10526
11026|13.83|67.15|20651
11023|13.94|40.42|30618
11002|13.80|29.68|40141
11002|13.80|29.90|40142
11002|13.80|29.45|40143
11002|13.80|30.06|40144
11002|13.80|29.43|40145
11002|13.80|29.31|40146
11002|13.80|29.52|40147
11002|13.80|29.14|40148
11002|13.80|29.25|40149
11002|13.80|28.80|40150
11011|19.75|44.86|10497
11015|19.90|49.85|20543
11011|19.66|56.38|30496
11013|20.05|47.68|40516
11019|25.93|56.02|10577
11026|26.11|80.51|20649
11009|26.03|56.95|30468
11009|26.03|53.70|30469
11009|26.03|57.71|30470
11004|25.66|43.26|40257
11004|26.26|43.90|40258
11004|26.86|44.55|40259
11004|27.46|45.11|40260
11004|28.06|45.67|40261
11004|28.66|46.31|40262
11004|29.26|46.87|40263
11004|29.86|47.48|40264
11016|31.51|60.97|10548
11020|31.08|53.45|20589
11016|31.28|64.25|30546
11013|31.43|77.16|40522
11020|37.39|56.56|10593
11008|37.21|56.83|20451
11008|37.21|55.85|20452
11008|37.21|55.32|20453
11008|37.21|55.99|20454
11015|37.33|76.70|30540
11003|37.05|61.31|40206
11003|37.05|61.48|40207
11003|37.05|61.20|40208
11003|37.05|61.33|40209
11003|37.05|61.19|40210
11003|38.55|61.04|40211
11003|38.55|61.21|40212
11003|38.55|61.35|40213
11003|38.55|61.07|40214
11025|42.27|78.18|10636
11021|42.22|80.84|20603
11025|42.23|116.13|30635
11009|42.22|73.10|40468
11009|42.22|69.72|40469
11009|42.22|73.65|40470
11022|47.15|79.47|10612
11018|47.43|86.35|20569
14020|47.46|89.67|30741
11011|47.16|80.20|40498
11022|52.84|91.37|10610
11016|52.41|82.97|20545
11026|52.81|123.43|30652
11023|52.44|76.40|40616
11026|57.72|136.96|10645
11012|58.08|108.74|20507
11025|57.93|91.26|30634
11018|58.03|92.91|40571
#group_44103_25
86.01
11005|2.45|21.18|10333
11005|2.45|20.40|10334
11005|2.45|21.25|10335
11005|2.45|20.60|10336
11005|2.45|21.97|10337
11005|2.45|22.20|10338
11005|2.45|21.29|10339
11017|2.46|38.44|20559
11017|2.31|50.41|30561
11008|2.37|18.11|40455
11008|2.37|17.79|40456
11008|2.37|15.11|40457
11008|2.37|13.87|40458
11026|7.26|47.03|10646
14023|7.23|29.39|20765
11026|7.39|48.81|30644
11018|7.60|52.06|40564
11002|13.23|41.75|10081
11002|13.48|41.58|10082
11002|13.53|41.83|10083
11002|13.73|41.54|10084
11002|13.23|43.14|10085
11002|14.23|42.61|10086
11002|14.83|42.89|10087
11002|14.83|43.40|10088
11002|14.83|42.92|10089
11002|14.83|41.90|10090
11026|13.32|75.53|20647
11024|13.44|60.39|30628
11005|13.17|26.93|40319
11005|13.82|27.61|40320
11005|14.47|28.24|40321
11005|15.12|28.80|40322
11005|15.77|29.48|40323
11005|16.42|30.13|40324
11005|17.07|30.80|40325
11015|18.89|59.09|10542
11003|19.05|34.73|20188
11003|19.05|34.31|20189
11003|19.05|34.71|20190
11003|19.05|35.36|20191
11003|19.05|34.49|20192
11003|19.05|35.38|20193
11003|19.05|34.54|20194
11003|19.05|34.34|20195
11003|19.05|35.17|20196
14024|19.11|55.53|30914
11001|18.89|36.19|40001
11001|19.69|36.50|40002
11001|19.79|36.42|40003
11001|19.59|37.56|40004
11001|19.49|36.98|40005
11001|19.39|36.48|40006
11001|19.69|35.84|40007
11001|19.49|37.38|40008
11001|18.89|36.82|40009
11001|19.49|36.43|40010
11024|24.42|62.96|10629
14022|24.55|56.44|20755
11015|24.25|63.62|30540
11020|24.22|44.29|40586
11023|29.99|55.31|10621
11024|29.78|76.72|20628
11012|30.18|68.30|30513
11016|30.37|60.84|40549
11008|35.79|54.76|10439
11008|35.79|54.60|10440
11008|35.79|54.41|10441
11008|35.79|54.99|10442
11023|35.64|66.54|20619
11020|35.59|57.03|30589
14009|35.85|66.15|40672
11016|40.89|78.44|10547
11003|42.98|59.10|20224
11003|42.98|61.52|20225
11003|43.38|60.92|20226
11003|43.98|60.57|20227
11003|44.08|59.80|20228
11003|44.98|60.01|20229
11003|40.98|60.79|20230
11003|43.78|59.22|20231
11003|42.98|59.15|20232
11009|40.66|59.43|30462
11009|41.86|60.86|30463
11009|43.06|61.93|30464
11014|40.83|64.72|40525
11013|46.52|86.01|10519
11010|46.83|78.80|20480
11010|46.83|78.60|20481
11022|46.67|85.15|30610
11015|46.33|78.68|40539
11004|52.78|74.24|10297
11004|52.78|74.20|10298
11004|52.78|74.94|10299
11004|52.78|74.96|10300
11004|52.78|74.52|10301
11004|52.78|73.74|10302
11004|52.78|73.29|10303
11004|52.78|75.56|10304
11007|52.78|72.72|20411
11007|52.78|72.61|20412
11007|52.78|71.93|20413
11007|52.78|73.26|20414
11007|52.78|69.52|20415
11008|52.47|67.12|30443
11008|52.47|66.05|30444
11008|52.47|67.87|30445
11008|52.47|66.93|30446
11007|52.43|72.45|40406
11007|52.43|72.66|40407
11007|52.43|72.06|40408
11007|52.43|71.87|40409
11007|52.43|71.92|40410
#group_44103_26
95.34
11016|2.22|27.64|10545
11015|2.06|41.70|20542
11022|2.26|34.33|30612
11022|2.12|40.67|40610
11013|8.47|40.42|10523
14020|8.07|52.26|20742
11020|8.26|28.73|30590
11001|9.34|25.85|40061
11001|9.34|26.53|40062
11001|9.34|25.37|40063
11001|9.34|24.86|40064
11001|9.34|25.97|40065
11001|8.29|27.41|40066
11001|8.59|26.04|40067
11001|8.59|26.58|40068
11001|8.29|27.05|40069
11001|8.59|26.17|40070
11006|14.33|33.11|10372
11006|14.33|33.27|10373
11006|14.33|33.64|10374
11006|14.33|33.72|10375
11006|14.33|32.66|10376
11006|14.33|32.98|10377
11024|13.79|51.14|20624
14011|14.08|45.99|30683
11003|14.15|35.97|40197
11003|14.15|36.35|40198
11003|14.15|35.77|40199
11003|14.15|36.35|40200
11003|14.15|36.19|40201
11003|14.15|35.22|40202
11003|14.15|35.50|40203
11003|14.15|35.26|40204
11003|14.15|35.18|40205
11013|19.82|51.25|10517
11016|20.25|50.81|20545
11003|22.09|38.33|30224
11003|22.09|40.73|30225
11003|22.49|40.00|30226
11003|23.09|39.72|30227
11003|23.19|38.96|30228
11003|24.09|39.05|30229
11003|20.09|40.47|30230
11003|22.89|38.32|30231
11003|22.09|38.41|30232
11013|20.12|50.92|40515
11010|25.62|50.16|10490
11010|25.62|56.26|10491
11005|25.72|45.88|20326
11005|25.72|44.63|20327
11005|25.72|46.42|20328
11005|25.72|46.74|20329
11005|25.72|49.68|20330
11005|25.72|47.18|20331
11005|25.72|44.82|20332
11008|25.93|45.21|30431
11008|25.93|45.16|30432
11008|25.93|46.60|30433
11008|25.93|45.10|30434
11005|25.96|39.72|40319
11005|26.61|40.40|40320
11005|27.26|41.03|40321
11005|27.91|41.59|40322
11005|28.56|42.27|40323
11005|29.21|42.92|40324
11005|29.86|43.59|40325
11020|30.88|51.31|10590
11025|30.75|87.00|20638
11022|31.29|60.28|30604
11002|30.77|46.03|40131
11002|30.77|46.36|40132
11002|30.77|44.68|40133
11002|30.77|45.76|40134
11002|30.77|44.11|40135
11002|30.77|43.70|40136
11002|30.77|45.05|40137
11002|30.77|45.58|40138
11002|30.77|44.16|40139
11002|30.77|43.64|40140
11003|36.31|59.66|10179
11003|36.31|60.11|10180
11003|36.31|58.67|10181
11003|36.31|60.62|10182
11003|36.31|59.50|10183
11003|36.31|58.72|10184
11003|36.31|62.84|10185
11003|36.31|59.37|10186
11003|36.31|60.06|10187
11014|36.32|64.94|20526
11022|36.50|66.70|30605
11003|36.54|60.19|40179
11003|36.54|60.65|40180
11003|36.54|58.81|40181
11003|36.54|61.05|40182
11003|36.54|59.69|40183
11003|36.54|58.63|40184
11003|36.54|62.62|40185
11003|36.54|59.56|40186
11003|36.54|60.28|40187
14016|41.85|76.52|10713
11004|41.63|59.30|20257
11004|42.23|59.84|20258
11004|42.83|60.48|20259
11004|43.43|61.04|20260
11004|44.03|61.64|20261
11004|44.63|62.29|20262
11004|45.23|62.86|20263
11004|45.83|63.49|20264
11012|41.64|92.23|30507
11020|41.81|59.68|40585
11004|47.77|67.24|10289
11004|47.77|68.45|10290
11004|47.77|65.73|10291
11004|47.77|64.00|10292
11004|47.77|66.95|10293
11004|47.77|67.06|10294
11004|47.77|65.20|10295
11004|47.77|67.05|10296
14020|47.67|83.42|20738
11018|47.95|82.48|30566
11016|48.16|78.63|40549
11019|53.68|95.07|10580
11026|53.47|93.34|20646
11012|53.17|80.85|30509
11019|53.64|94.59|40580
11016|58.84|92.69|10551
11023|58.66|83.53|20617
11024|59.05|95.34|30625
11009|58.71|81.42|40459
11009|58.71|83.54|40460
11009|58.71|84.41|40461
#group_44103_27
118.66
11002|2.97|21.77|10111
11002|2.97|21.40|10112
11002|2.97|21.23|10113
11002|2.97|22.16|10114
11002|2.97|22.39|10115
11002|2.97|21.36|10116
11002|2.37|22.93|10117
11002|2.37|21.90|10118
11002|2.37|23.01|10119
11002|2.37|22.44|10120
11013|2.06|33.97|20523
11015|2.20|28.49|30537
11006|2.43|23.08|40384
11006|3.13|23.90|40385
11006|3.83|24.56|40386
11006|4.53|25.25|40387
11006|5.23|25.90|40388
11006|5.93|26.64|40389
11003|7.58|29.30|10197
11003|7.58|29.69|10198
11003|7.58|29.05|10199
11003|7.58|29.79|10200
11003|7.58|29.58|10201
11003|7.58|28.58|10202
11003|7.58|28.90|10203
11003|7.58|28.59|10204
11003|7.58|28.38|10205
11010|7.91|41.07|20492
11010|7.91|40.84|20493
11016|8.05|41.02|30546
11013|7.57|40.63|40518
11023|13.32|37.33|10615
11010|13.69|34.73|20486
11010|13.69|41.22|20487
11022|13.47|54.92|30609
11002|14.04|32.95|40111
11002|14.04|32.42|40112
11002|14.04|32.31|40113
11002|14.04|33.21|40114
11002|14.04|33.08|40115
11002|14.04|32.44|40116
11002|13.44|34.45|40117
11002|13.44|32.92|40118
11002|13.44|34.26|40119
11002|13.44|32.92|40120
11004|18.65|33.79|10281
11004|18.65|33.87|10282
11004|18.65|34.63|10283
11004|18.65|35.30|10284
11004|18.65|35.40|10285
11004|18.65|34.22|10286
11004|18.65|34.96|10287
11004|18.65|34.46|10288
11020|18.32|36.63|20587
11017|18.59|64.46|30558
11020|18.41|31.92|40592
11022|24.08|64.36|10613
11014|24.29|52.43|20533
11002|25.19|44.12|30111
11002|25.19|43.72|30112
11002|25.19|43.44|30113
11002|25.19|43.99|30114
11002|25.19|44.26|30115
11002|25.19|43.61|30116
11002|24.59|45.58|30117
11002|24.59|44.06|30118
11002|24.59|46.08|30119
11002|24.59|44.60|30120
11004|24.11|43.61|40289
11004|24.11|45.05|40290
11004|24.11|42.04|40291
11004|24.11|40.37|40292
11004|24.11|43.21|40293
11004|24.11|43.40|40294
11004|24.11|41.54|40295
11004|24.11|43.34|40296
11014|29.60|57.20|10524
11009|29.59|53.48|20465
11009|29.59|59.51|20466
11009|29.59|51.65|20467
11012|29.31|56.99|30509
11005|29.33|47.32|40312
11005|29.33|47.66|40313
11005|29.33|47.84|40314
11005|29.33|51.74|40315
11005|29.33|49.67|40316
11005|29.33|47.10|40317
11005|29.33|46.57|40318
11006|34.88|54.21|10378
11006|34.88|54.77|10379
11006|34.88|54.51|10380
11006|34.88|54.34|10381
11006|34.88|51.81|10382
11006|34.88|54.57|10383
11003|36.67|52.79|20224
11003|36.67|55.21|20225
11003|37.07|54.61|20226
11003|37.67|54.26|20227
11003|37.77|53.49|20228
11003|38.67|53.70|20229
11003|34.67|54.48|20230
11003|37.47|52.91|20231
11003|36.67|52.84|20232
11012|35.01|60.71|30511
11021|35.18|77.22|40597
11026|40.40|110.72|10652
11012|40.87|72.38|20504
14015|40.67|69.72|30695
11022|40.71|72.89|40612
11013|46.15|73.36|10514
11008|46.49|61.16|20443
11008|46.49|60.53|20444
11008|46.49|61.97|20445
11008|46.49|60.91|20446
11011|45.98|80.39|30499
11013|46.26|78.27|40523
11009|52.17|68.16|10474
11009|52.17|66.58|10475
11009|52.17|70.11|10476
11025|51.84|102.90|20640
11003|51.91|77.88|30215
11003|51.91|78.12|30216
11003|51.91|78.75|30217
11003|51.91|78.02|30218
11003|51.91|78.20|30219
11003|51.91|78.49|30220
11003|51.91|78.48|30221
11003|51.91|80.21|30222
11003|51.91|80.32|30223
11025|52.30|118.66|40637
11019|57.78|91.08|10574
11025|57.68|108.74|20640
11020|57.79|77.84|30586
11022|57.29|98.82|40609
#group_44103_28
107.67
11016|2.05|37.15|10553
11017|2.32|38.30|20559
11005|2.37|23.70|30347
11005|2.37|24.95|30348
11005|2.37|23.78|30349
11005|2.37|23.09|30350
11005|2.37|24.68|30351
11005|2.37|25.34|30352
11005|2.37|24.76|30353
11022|2.12|42.98|40613
11026|7.72|49.14|10644
11020|7.81|30.18|20589
14022|7.87|46.37|30758
11018|7.87|41.55|40570
11021|13.35|45.66|10601
11005|13.01|32.94|20305
11005|13.01|32.75|20306
11005|13.01|32.94|20307
11005|13.01|33.06|20308
11005|13.01|33.41|20309
11005|13.01|32.76|20310
11005|13.01|32.08|20311
11022|13.34|51.49|30608
11003|15.25|31.37|40224
11003|15.25|33.71|40225
11003|15.65|33.14|40226
11003|16.25|32.99|40227
11003|16.35|31.98|40228
11003|17.25|32.22|40229
11003|13.25|33.42|40230
11003|16.05|31.46|40231
11003|15.25|31.50|40232
11020|18.16|36.48|10587
11001|18.09|33.67|20051
11001|18.09|31.67|20052
11001|18.09|30.47|20053
11001|18.09|31.68|20054
11001|18.09|31.64|20055
11001|18.09|31.02|20056
11001|18.09|30.94|20057
11001|18.09|30.28|20058
11001|18.09|32.24|20059
11001|18.09|32.35|20060
14022|18.25|54.16|30761
11014|18.28|63.85|40528
11022|24.39|62.92|10610
11012|24.07|56.46|20505
11011|24.33|67.59|30502
11012|23.91|60.28|40512
11004|29.56|48.01|10265
11004|29.56|47.11|10266
11004|29.56|47.96|10267
11004|29.56|48.45|10268
11004|29.56|49.13|10269
11004|29.56|48.94|10270
11004|29.56|48.29|10271
11004|29.56|47.34|10272
11021|29.70|66.70|20602
11016|29.59|62.56|30546
14021|29.61|87.18|40749
11022|35.25|73.43|10608
11009|35.38|66.40|20477
11009|35.38|66.55|20478
11009|35.38|66.08|20479
11022|35.25|73.73|30610
11007|34.96|54.81|40411
11007|34.96|54.85|40412
11007|34.96|53.96|40413
11007|34.96|55.50|40414
11007|34.96|51.73|40415
11023|41.32|65.33|10615
11022|41.08|70.07|20604
11014|41.27|73.59|30532
11006|41.32|60.66|40378
11006|41.32|61.55|40379
11006|41.32|60.97|40380
11006|41.32|61.00|40381
11006|41.32|58.14|40382
11006|41.32|61.41|40383
11010|46.03|66.97|10486
11010|46.03|73.44|10487
11017|46.07|77.78|20554
11023|46.45|72.93|30618
11010|46.16|79.39|40492
11010|46.16|78.81|40493
11013|51.48|79.02|10516
11002|51.37|71.42|20101
11002|51.37|70.32|20102
11002|51.37|70.69|20103
11002|51.37|70.98|20104
11002|51.37|70.28|20105
11002|51.37|71.29|20106
11002|51.37|68.02|20107
11002|51.37|70.98|20108
11002|51.37|69.52|20109
11002|51.37|70.20|20110
14017|51.70|82.42|30716
11008|51.17|69.83|40447
11008|51.17|71.63|40448
11008|51.17|71.18|40449
11008|51.17|71.06|40450
11016|57.28|86.74|10548
11012|57.01|107.67|20507
11010|57.29|81.98|30490
11010|57.29|87.73|30491
11024|57.12|103.46|40628
#group_44103_29
106.84
11002|2.26|21.30|10121
11002|2.61|21.77|10122
11002|2.96|22.07|10123
11002|3.31|22.54|10124
11002|3.66|23.10|10125
11002|4.01|23.24|10126
11002|4.36|23.57|10127
11002|4.71|24.15|10128
11002|5.06|24.86|10129
11002|5.41|24.94|10130
11005|2.51|23.82|20347
11005|2.51|25.10|20348
11005|2.51|23.79|20349
11005|2.51|23.20|20350
11005|2.51|24.76|20351
11005|2.51|25.71|20352
11005|2.51|24.88|20353
11023|2.01|24.17|30614
14013|2.38|44.47|40687
11002|8.31|27.11|10111
11002|8.31|26.74|10112
11002|8.31|26.57|10113
11002|8.31|27.50|10114
11002|8.31|27.73|10115
11002|8.31|26.70|10116
11002|7.71|28.27|10117
11002|7.71|27.24|10118
11002|7.71|28.35|10119
11002|7.71|27.78|10120
11002|7.86|21.84|20151
11002|7.86|20.71|20152
11002|7.86|22.52|20153
11002|7.86|23.19|20154
11002|7.86|21.11|20155
11002|7.86|21.82|20156
11002|7.86|21.78|20157
11002|7.86|21.51|20158
11002|7.86|22.69|20159
11002|7.86|20.50|20160
11016|7.67|46.84|30547
11012|7.75|40.25|40504
11014|12.63|45.00|10532
11011|12.83|43.40|20494
11008|12.61|31.32|30439
11008|12.61|31.38|30440
11008|12.61|31.16|30441
11008|12.61|32.20|30442
11015|12.74|45.09|40539
11011|18.99|52.67|10498
11009|18.71|40.57|20471
11009|18.71|39.86|20472
11009|18.71|41.08|20473
11003|18.60|42.88|30206
11003|18.60|43.03|30207
11003|18.60|42.73|30208
11003|18.60|43.00|30209
11003|18.60|42.54|30210
11003|20.10|42.59|30211
11003|20.10|42.79|30212
11003|20.10|43.02|30213
11003|20.10|42.80|30214
11016|18.54|57.62|40552
11005|24.22|45.49|10347
11005|24.22|46.87|10348
11005|24.22|45.48|10349
11005|24.22|44.91|10350
11005|24.22|46.51|10351
11005|24.22|47.61|10352
11005|24.22|46.60|10353
11002|24.24|39.90|20141
11002|24.24|40.51|20142
11002|24.24|39.85|20143
11002|24.24|40.50|20144
11002|24.24|39.88|20145
11002|24.24|40.34|20146
11002|24.24|39.95|20147
11002|24.24|39.57|20148
11002|24.24|39.90|20149
11002|24.24|39.39|20150
11019|23.75|82.48|30575
11005|23.95|39.18|40340
11005|23.95|39.45|40341
11005|23.95|39.49|40342
11005|23.95|39.45|40343
11005|23.95|39.33|40344
11005|23.95|39.48|40345
11005|23.95|39.72|40346
11010|30.07|54.61|10490
11010|30.07|60.71|10491
11022|29.76|70.31|20606
11009|30.00|60.92|30468
11009|30.00|57.67|30469
11009|30.00|61.68|30470
11021|29.87|66.95|40602
11020|35.94|57.52|10589
11012|36.03|71.18|20506
11004|35.56|56.88|30297
11004|35.56|57.05|30298
11004|35.56|57.68|30299
11004|35.56|57.80|30300
11004|35.56|57.19|30301
11004|35.56|56.62|30302
11004|35.56|55.95|30303
11004|35.56|58.66|30304
11004|35.96|51.10|40273
11004|35.96|51.40|40274
11004|35.96|51.81|40275
11004|35.96|51.58|40276
11004|35.96|51.68|40277
11004|35.96|52.15|40278
11004|35.96|51.89|40279
11004|35.96|52.20|40280
11009|41.15|72.56|10477
11009|41.15|72.33|10478
11009|41.15|71.80|10479
11015|40.91|70.75|20535
11010|40.98|70.60|30482
11010|40.98|65.60|30483
11005|40.67|58.66|40312
11005|40.67|59.00|40313
11005|40.67|59.18|40314
11005|40.67|63.08|40315
11005|40.67|61.01|40316
11005|40.67|58.44|40317
11005|40.67|57.91|40318
11012|46.22|81.41|10506
11010|46.39|84.70|20488
11010|46.39|78.96|20489
11001|46.19|62.89|30021
11001|46.61|63.51|30022
11001|47.03|63.95|30023
11001|47.45|64.42|30024
11001|47.87|64.72|30025
11001|48.29|65.25|30026
11001|48.71|65.63|30027
11001|49.13|66.00|30028
11001|49.55|66.47|30029
11001|49.97|66.86|30030
11011|46.13|79.17|40498
11010|52.36|81.98|10482
11010|52.36|76.63|10483
14017|52.31|85.30|20719
11016|52.12|86.42|30551
11022|52.15|84.33|40612
11023|57.57|82.89|10621
11012|57.34|89.73|20505
11010|57.68|82.37|30490
11010|57.68|88.12|30491
11026|57.35|106.84|40653
#group_44103_3
114.31
11017|2.35|48.22|10558
14020|2.29|30.99|20737
11021|2.29|32.07|30594
14020|2.33|36.89|40743
11022|8.03|40.35|10612
11016|7.84|35.41|20544
11013|7.65|53.22|30522
11017|8.01|32.32|40557
11022|12.90|43.63|10605
11012|12.80|40.54|20509
11018|12.96|54.14|30572
11009|13.03|34.87|40471
11009|13.03|34.20|40472
11009|13.03|35.05|40473
11020|18.15|37.90|10584
11013|18.15|50.75|20518
11020|17.92|32.01|30591
11026|18.27|67.76|40653
11017|23.53|57.52|10556
11009|23.99|55.01|20477
11009|23.99|55.16|20478
11009|23.99|54.69|20479
11020|23.63|43.53|30593
11011|23.49|50.35|40501
11011|29.56|57.81|10495
11008|29.44|49.06|20451
11008|29.44|48.08|20452
11008|29.44|47.55|20453
11008|29.44|48.22|20454
11013|29.53|67.03|30520
11020|29.73|49.38|40584
11006|35.40|61.24|10354
11006|35.40|60.52|10355
11006|35.40|61.08|10356
11006|35.40|60.25|10357
11006|35.40|61.60|10358
11006|35.40|61.16|10359
11001|35.04|51.83|20021
11001|35.46|52.39|20022
11001|35.88|52.75|20023
11001|36.30|53.17|20024
11001|36.72|53.64|20025
11001|37.14|54.07|20026
11001|37.56|54.45|20027
11001|37.98|54.86|20028
11001|38.40|55.39|20029
11001|38.82|55.64|20030
11008|35.44|64.70|30435
11008|35.44|64.68|30436
11008|35.44|56.43|30437
11008|35.44|59.96|30438
11011|35.14|69.27|40499
11003|40.61|62.33|10197
11003|40.61|62.72|10198
11003|40.61|62.08|10199
11003|40.61|62.82|10200
11003|40.61|62.61|10201
11003|40.61|61.61|10202
11003|40.61|61.93|10203
11003|40.61|61.62|10204
11003|40.61|61.41|10205
11002|40.37|55.93|20131
11002|40.37|50.85|20132
11002|40.37|54.37|20133
11002|40.37|55.14|20134
11002|40.37|53.92|20135
11002|40.37|53.27|20136
11002|40.37|54.39|20137
11002|40.37|54.86|20138
11002|40.37|53.93|20139
11002|40.37|52.99|20140
11011|40.39|85.14|30500
11016|40.57|70.70|40545
11013|45.82|69.09|10521
11020|45.64|64.76|20584
14019|45.47|73.08|30727
11012|45.44|71.03|40511
11012|51.69|86.88|10506
11021|51.86|86.85|20598
11007|51.81|78.62|30416
11007|51.81|75.52|30417
11007|51.81|82.29|30418
11007|51.81|80.21|30419
11007|51.81|79.26|30420
11003|52.30|70.89|40161
11003|52.30|69.95|40162
11003|52.30|71.52|40163
11003|53.10|71.47|40164
11003|52.70|72.43|40165
11003|51.70|69.95|40166
11003|51.70|69.82|40167
11003|51.70|71.99|40168
11003|51.70|71.90|40169
11012|57.37|93.24|10512
11004|57.37|81.28|20249
11004|57.37|80.06|20250
11004|57.37|81.65|20251
11004|57.37|80.82|20252
11004|57.37|81.12|20253
11004|57.37|81.05|20254
11004|57.37|80.94|20255
11004|57.37|81.86|20256
11025|57.80|114.31|30642
11008|57.56|77.05|40451
11008|57.56|76.19|40452
11008|57.56|75.65|40453
11008|57.56|76.27|40454
#group_44103_30
105.38
11026|2.26|50.06|10650
11010|2.20|31.86|20482
11010|2.20|26.64|20483
14020|2.52|38.39|30738
11005|2.41|23.78|40347
11005|2.41|25.08|40348
11005|2.41|23.74|40349
11005|2.41|23.15|40350
11005|2.41|24.72|40351
11005|2.41|25.78|40352
11005|2.41|24.40|40353
11025|7.37|57.89|10641
11026|7.76|69.97|20647
11010|7.37|34.74|30484
11010|7.37|33.90|30485
14020|7.53|32.49|40736
11012|13.36|46.04|10505
11021|13.30|50.30|20602
11003|13.33|36.93|30179
11003|13.33|37.35|30180
11003|13.33|35.66|30181
11003|13.33|37.77|30182
11003|13.33|36.48|30183
11003|13.33|35.41|30184
11003|13.33|39.47|30185
11003|13.33|36.31|30186
11003|13.33|37.04|30187
11020|13.68|35.19|40589
11020|18.29|38.72|10590
11012|18.44|53.52|20508
14015|18.84|59.12|30700
11023|18.66|52.26|40622
11023|24.32|48.33|10615
11025|24.43|98.34|20635
14019|24.71|61.73|30732
14013|24.30|51.03|40684
11001|29.83|51.01|10041
11001|29.83|50.92|10042
11001|29.83|50.67|10043
11001|29.83|51.15|10044
11001|29.83|51.60|10045
11001|29.83|51.34|10046
11001|29.83|50.77|10047
11001|29.83|51.12|10048
11001|29.83|50.36|10049
11001|29.83|51.80|10050
11009|29.78|51.64|20471
11009|29.78|50.93|20472
11009|29.78|52.15|20473
11011|29.34|57.37|30495
11025|29.85|86.36|40642
14016|35.79|63.02|10704
11018|35.39|70.40|20571
11025|35.50|86.02|30641
11024|35.43|67.96|40627
11015|40.80|67.06|10537
11012|41.17|72.68|20504
11016|40.97|76.15|30553
11013|41.01|74.07|40518
11021|46.61|86.32|10599
11008|46.16|60.83|20443
11008|46.16|60.20|20444
11008|46.16|61.64|20445
11008|46.16|60.58|20446
14009|46.25|72.83|30665
11013|46.56|77.80|40517
11020|51.99|75.75|10588
11008|51.82|71.44|20451
11008|51.82|70.46|20452
11008|51.82|69.93|20453
11008|51.82|70.60|20454
11002|52.71|66.73|30091
11002|52.71|66.77|30092
11002|52.71|66.31|30093
11002|52.71|66.82|30094
11002|52.71|66.78|30095
11002|52.11|68.00|30096
11002|52.11|67.74|30097
11002|52.11|67.76|30098
11002|52.51|67.79|30099
11002|52.11|67.38|30100
11025|51.76|87.65|40636
11017|57.31|105.38|10561
11010|57.37|84.63|20484
11010|57.37|83.95|20485
11004|57.22|81.13|30249
11004|57.22|79.91|30250
11004|57.22|81.50|30251
11004|57.22|80.67|30252
11004|57.22|80.97|30253
11004|57.22|80.90|30254
11004|57.22|80.79|30255
11004|57.22|81.71|30256
11015|57.16|82.68|40536
#group_44103_4
99.71
11026|2.35|81.59|10645
11019|2.49|36.64|20581
11013|2.32|29.55|30514
11024|2.36|56.48|40633
11021|8.09|45.02|10602
14009|7.89|50.14|20667
11026|7.66|57.21|30653
14023|7.62|38.99|40769
11011|13.87|38.98|10497
11021|13.69|43.02|20594
11016|13.58|41.00|30544
11017|13.89|48.10|40556
11026|18.94|73.28|10649
11003|19.80|38.64|20161
11003|19.80|37.68|20162
11003|19.80|39.16|20163
11003|20.60|38.87|20164
11003|20.20|39.91|20165
11003|19.20|37.45|20166
11003|19.20|37.33|20167
11003|19.20|39.29|20168
11003|19.20|39.29|20169
11024|18.88|51.41|30627
14017|19.10|65.67|40722
11025|24.69|80.94|10638
11009|25.01|48.90|20465
11009|25.01|54.93|20466
11009|25.01|47.07|20467
11020|24.62|42.42|30587
11008|24.98|40.72|40455
11008|24.98|40.40|40456
11008|24.98|37.72|40457
11008|24.98|36.48|40458
11004|30.50|45.62|10273
11004|30.50|45.88|10274
11004|30.50|46.38|10275
11004|30.50|46.08|10276
11004|30.50|46.22|10277
11004|30.50|46.75|10278
11004|30.50|46.42|10279
11004|30.50|46.72|10280
11021|30.88|59.87|20595
11003|30.50|46.15|30188
11003|30.50|45.71|30189
11003|30.50|46.19|30190
11003|30.50|46.63|30191
11003|30.50|45.91|30192
11003|30.50|46.99|30193
11003|30.50|46.08|30194
11003|30.50|45.80|30195
11003|30.50|46.66|30196
11026|30.75|84.02|40651
11006|36.05|55.38|10378
11006|36.05|55.94|10379
11006|36.05|55.68|10380
11006|36.05|55.51|10381
11006|36.05|52.98|10382
11006|36.05|55.74|10383
11007|35.91|52.20|20426
11007|35.91|52.24|20427
11007|35.91|52.58|20428
11007|35.91|52.77|20429
11007|35.91|52.39|20430
11009|35.50|59.55|30465
11009|35.50|63.99|30466
11009|35.50|57.26|30467
11026|35.60|77.02|40644
11017|41.65|89.72|10561
14013|41.36|72.38|20690
11006|41.61|60.88|30378
11006|41.61|61.75|30379
11006|41.61|61.36|30380
11006|41.61|60.11|30381
11006|41.61|58.49|30382
11006|41.61|61.61|30383
11009|41.80|64.51|40459
11009|41.80|66.63|40460
11009|41.80|67.50|40461
11026|47.16|96.91|10653
11023|47.16|72.35|20621
14017|46.87|93.66|30722
11009|47.24|78.36|40477
11009|47.24|78.39|40478
11009|47.24|78.13|40479
11004|52.84|73.98|10241
11004|52.84|73.74|10242
11004|52.84|73.05|10243
11004|52.84|73.26|10244
11004|52.84|74.30|10245
11004|52.84|74.84|10246
11004|52.84|75.71|10247
11004|52.84|75.81|10248
11013|53.01|90.64|20520
11023|52.77|76.58|30616
11013|52.76|80.39|40516
11009|58.50|74.49|10474
11009|58.50|72.91|10475
11009|58.50|76.44|10476
11026|58.29|99.71|20644
11015|58.66|91.23|30539
11020|58.22|78.29|40586
#group_44103_5
107.12
14017|2.28|43.48|10720
11014|2.05|34.33|20530
11003|2.34|26.62|30206
11003|2.34|26.77|30207
11003|2.34|26.47|30208
11003|2.34|26.74|30209
11003|2.34|26.28|30210
11003|3.84|26.33|30211
11003|3.84|26.53|30212
11003|3.84|26.76|30213
11003|3.84|26.54|30214
11017|2.42|50.53|40561
11016|7.95|38.84|10549
11002|7.87|27.92|20101
11002|7.87|26.82|20102
11002|7.87|27.19|20103
11002|7.87|27.48|20104
11002|7.87|26.78|20105
11002|7.87|27.79|20106
11002|7.87|24.52|20107
11002|7.87|27.48|20108
11002|7.87|26.02|20109
11002|7.87|26.70|20110
11020|7.74|22.03|30592
11014|7.68|35.23|40524
11012|13.70|48.73|10508
11013|13.63|46.23|20518
11005|13.63|34.96|30347
11005|13.63|36.21|30348
11005|13.63|35.04|30349
11005|13.63|34.35|30350
11005|13.63|35.94|30351
11005|13.63|36.60|30352
11005|13.63|36.02|30353
11012|13.48|49.85|40512
11012|18.34|68.86|10507
11008|18.79|37.90|20439
11008|18.79|37.59|20440
11008|18.79|37.46|20441
11008|18.79|38.40|20442
11008|18.37|47.63|30435
11008|18.37|47.61|30436
11008|18.37|39.36|30437
11008|18.37|42.89|30438
11026|18.61|60.03|40644
11021|23.85|52.92|10594
11001|24.18|47.60|20071
11001|24.18|47.07|20072
11001|24.18|46.70|20073
11001|24.18|46.33|20074
11001|24.18|46.58|20075
11001|24.18|46.35|20076
11001|24.58|46.18|20077
11001|24.38|45.58|20078
11001|24.18|44.22|20079
11001|24.98|45.60|20080
11011|24.02|50.77|30501
11015|23.89|63.84|40540
11007|29.74|46.09|10426
11007|29.74|46.09|10427
11007|29.74|46.24|10428
11007|29.74|46.60|10429
11007|29.74|46.22|10430
11012|29.82|80.48|20507
11018|29.82|64.70|30571
11012|30.17|62.67|40504
11002|36.12|50.30|10151
11002|36.12|48.53|10152
11002|36.12|50.88|10153
11002|36.12|51.38|10154
11002|36.12|49.05|10155
11002|36.12|50.02|10156
11002|36.12|50.08|10157
11002|36.12|49.64|10158
11002|36.12|50.97|10159
11002|36.12|48.66|10160
11013|35.59|67.50|20523
11025|36.04|71.99|30636
11010|35.61|56.81|40486
11010|35.61|63.04|40487
11012|41.26|79.21|10513
11014|41.24|83.71|20529
11011|41.23|84.49|30502
11011|40.87|77.64|40496
11024|46.41|88.71|10632
11011|46.72|90.51|20500
11004|46.79|64.77|30265
11004|46.79|64.44|30266
11004|46.79|65.02|30267
11004|46.79|65.44|30268
11004|46.79|66.36|30269
11004|46.79|66.01|30270
11004|46.79|65.53|30271
11004|46.79|64.62|30272
11021|46.35|81.39|40598
11005|52.68|66.48|10319
11005|53.33|67.08|10320
11005|53.98|67.77|10321
11005|54.63|68.45|10322
11005|55.28|69.03|10323
11005|55.93|69.66|10324
11005|56.58|70.31|10325
11026|52.72|107.12|20649
11020|52.33|70.13|30587
11005|52.54|73.91|40347
11005|52.54|75.21|40348
11005|52.54|73.87|40349
11005|52.54|73.28|40350
11005|52.54|74.85|40351
11005|52.54|75.91|40352
11005|52.54|74.53|40353
11009|57.91|79.88|10471
11009|57.91|79.14|10472
11009|57.91|80.27|10473
11013|58.29|98.47|20519
11008|57.80|73.34|30455
11008|57.80|73.12|30456
11008|57.80|70.67|30457
11008|57.80|69.31|30458
11022|58.06|98.92|40613
#group_44103_6
103.45
11023|2.03|28.64|10618
11022|2.41|40.63|20608
11008|2.50|21.21|30439
11008|2.50|21.27|30440
11008|2.50|21.05|30441
11008|2.50|22.09|30442
11009|2.06|21.00|40462
11009|3.26|22.12|40463
11009|4.46|23.41|40464
11014|7.39|29.31|10531
14023|7.17|29.33|20765
11025|7.09|63.34|30638
11002|7.41|27.36|40101
11002|7.41|26.38|40102
11002|7.41|26.76|40103
11002|7.41|27.10|40104
11002|7.41|26.22|40105
11002|7.41|27.37|40106
11002|7.41|24.06|40107
11002|7.41|26.97|40108
11002|7.41|25.60|40109
11002|7.41|26.07|40110
11019|12.38|54.23|10582
11006|12.68|32.99|20360
11006|12.68|32.65|20361
11006|12.68|33.45|20362
11006|12.68|32.54|20363
11006|12.68|31.85|20364
11006|12.68|31.65|20365
11023|12.33|34.49|30614
11013|12.72|43.96|40517
11001|18.67|34.98|10031
11001|18.67|35.05|10032
11001|18.67|34.92|10033
11001|18.67|34.76|10034
11001|18.67|35.36|10035
11001|18.67|34.60|10036
11001|18.67|34.04|10037
11001|18.67|34.62|10038
11001|18.67|35.04|10039
11001|18.67|34.45|10040
11024|18.54|65.48|20628
11025|18.51|69.03|30641
11022|18.26|55.94|40608
11012|24.11|51.73|10509
11020|24.00|38.49|20591
11020|24.28|41.82|30585
11023|23.97|47.93|40616
11002|29.53|49.54|10101
11002|29.53|48.50|10102
11002|29.53|48.83|10103
11002|29.53|49.20|10104
11002|29.53|48.42|10105
11002|29.53|49.45|10106
11002|29.53|46.18|10107
11002|29.53|49.19|10108
11002|29.53|47.72|10109
11002|29.53|48.36|10110
11015|29.69|69.47|20540
11002|29.51|49.58|30101
11002|29.51|48.50|30102
11002|29.51|48.94|30103
11002|29.51|49.23|30104
11002|29.51|48.36|30105
11002|29.51|49.56|30106
11002|29.51|46.16|30107
11002|29.51|49.15|30108
11002|29.51|47.70|30109
11002|29.51|48.27|30110
11012|29.63|64.62|40506
11025|35.08|85.60|10641
11018|34.94|69.23|20570
11022|35.27|76.72|30609
11021|35.29|75.06|40599
11014|40.20|62.12|10531
11006|40.25|60.63|20390
11006|40.25|60.04|20391
11006|40.25|61.10|20392
11006|40.25|60.65|20393
11006|40.25|59.78|20394
11006|40.25|60.07|20395
11016|40.47|67.89|30544
11020|40.46|58.33|40585
11002|45.98|61.39|10131
11002|45.98|61.63|10132
11002|45.98|59.99|10133
11002|45.98|61.27|10134
11002|45.98|59.49|10135
11002|45.98|59.20|10136
11002|45.98|59.95|10137
11002|45.98|60.93|10138
11002|45.98|59.77|10139
11002|45.98|58.89|10140
11009|45.84|67.70|20471
11009|45.84|66.99|20472
11009|45.84|68.21|20473
11014|46.11|75.00|30526
11006|45.69|64.36|40366
11006|45.69|63.80|40367
11006|45.69|64.00|40368
11006|45.69|64.21|40369
11006|45.69|63.97|40370
11006|45.69|63.75|40371
11022|51.37|91.95|10606
11020|51.64|75.15|20588
11014|51.56|75.99|30525
11012|51.72|77.31|40511
11017|57.58|103.45|10558
11024|57.17|89.70|20627
11013|57.55|90.22|30518
11018|57.30|99.22|40572
#group_44103_7
111.08
11010|2.44|34.41|10480
11010|2.44|34.21|10481
11012|2.07|37.15|20508
11006|2.36|28.56|30354
11006|2.36|27.64|30355
11006|2.36|28.04|30356
11006|2.36|27.15|30357
11006|2.36|28.37|30358
11006|2.36|27.89|30359
11012|2.45|29.96|40509
11013|8.00|35.54|10516
11015|8.06|37.90|20535
11016|8.08|38.28|30549
11014|7.69|31.58|40525
14017|13.95|55.15|10720
11026|13.85|61.65|20650
11003|14.20|32.89|30161
11003|14.20|32.10|30162
11003|14.20|33.38|30163
11003|15.00|33.35|30164
11003|14.60|34.45|30165
11003|13.60|31.86|30166
11003|13.60|31.93|30167
11003|13.60|33.80|30168
11003|13.60|33.58|30169
11010|13.98|43.68|40482
11010|13.98|38.67|40483
11015|18.58|49.00|10543
11004|19.00|34.08|20281
11004|19.00|34.22|20282
11004|19.00|34.99|20283
11004|19.00|35.54|20284
11004|19.00|35.58|20285
11004|19.00|34.62|20286
11004|19.00|34.91|20287
11004|19.00|35.12|20288
11016|18.50|45.92|30544
11016|18.64|46.01|40544
11023|24.49|49.41|10617
11001|24.77|42.75|20011
11001|24.67|42.82|20012
11001|24.77|42.45|20013
11001|24.77|43.14|20014
11001|24.77|42.51|20015
11001|24.77|43.05|20016
11001|25.27|41.82|20017
11001|25.57|42.08|20018
11001|25.27|42.11|20019
11001|25.27|42.03|20020
11008|24.93|39.58|30443
11008|24.93|38.51|30444
11008|24.93|40.33|30445
11008|24.93|39.39|30446
11022|24.51|56.69|40612
11018|29.77|73.94|10564
11009|29.55|51.41|20471
11009|29.55|50.70|20472
11009|29.55|51.92|20473
11026|29.66|82.93|30651
11023|29.74|53.59|40623
11016|34.96|67.85|10546
11006|35.13|53.58|20366
11006|35.13|53.35|20367
11006|35.13|53.54|20368
11006|35.13|53.74|20369
11006|35.13|53.57|20370
11006|35.13|53.22|20371
11023|35.13|59.31|30615
11023|35.44|57.88|40620
11014|40.95|86.41|10528
11016|41.08|71.64|20545
11018|41.01|75.54|30566
11025|41.42|77.31|40636
11014|46.70|68.62|10531
11014|46.82|68.66|20531
11008|46.71|75.97|30435
11008|46.71|75.95|30436
11008|46.71|67.70|30437
11008|46.71|71.23|30438
11009|46.81|62.84|40474
11009|46.81|61.29|40475
11009|46.81|64.50|40476
11015|52.75|85.19|10539
11014|52.52|80.17|20524
11023|52.69|74.90|30620
11026|52.34|100.14|40650
11004|57.94|79.21|10233
11004|57.94|78.71|10234
11004|57.94|79.01|10235
11004|57.94|78.80|10236
11004|57.94|79.06|10237
11004|57.94|78.94|10238
11004|57.94|79.22|10239
11004|57.94|79.33|10240
11026|57.76|111.08|20651
11013|57.60|89.48|30523
11015|58.00|87.09|40538
#group_44103_8
107.98
11021|2.13|40.47|10603
11008|2.21|21.83|20451
11008|2.21|20.85|20452
11008|2.21|20.32|20453
11008|2.21|20.99|20454
11008|2.48|17.13|30443
11008|2.48|16.06|30444
11008|2.48|17.88|30445
11008|2.48|16.94|30446
11021|2.01|37.05|40598
11016|7.47|41.32|10551
11016|7.27|46.72|20547
11003|9.23|25.47|30224
11003|9.23|27.87|30225
11003|9.63|27.14|30226
11003|10.23|26.86|30227
11003|10.33|26.10|30228
11003|11.23|26.19|30229
11003|7.23|27.61|30230
11003|10.03|25.46|30231
11003|9.23|25.55|30232
11016|7.20|37.33|40545
11007|13.44|33.45|10411
11007|13.44|33.22|10412
11007|13.44|32.50|10413
11007|13.44|33.79|10414
11007|13.44|30.13|10415
11001|13.61|29.95|20031
11001|13.61|30.02|20032
11001|13.61|29.84|20033
11001|13.61|29.71|20034
11001|13.61|30.39|20035
11001|13.61|29.59|20036
11001|13.61|28.98|20037
11001|13.61|29.64|20038
11001|13.61|30.04|20039
11001|13.61|29.60|20040
11003|13.63|29.28|30188
11003|13.63|28.84|30189
11003|13.63|29.32|30190
11003|13.63|29.76|30191
11003|13.63|29.04|30192
11003|13.63|30.12|30193
11003|13.63|29.21|30194
11003|13.63|28.93|30195
11003|13.63|29.79|30196
11019|13.54|43.68|40577
11010|18.82|48.44|10482
11010|18.82|43.09|10483
11026|18.34|71.66|20651
11022|18.52|59.62|30606
11013|18.70|50.71|40523
11003|24.15|47.53|10170
11003|24.15|46.56|10171
11003|24.15|45.66|10172
11003|24.95|46.24|10173
11003|24.95|48.89|10174
11003|24.95|50.01|10175
11003|24.95|51.38|10176
11003|24.15|50.16|10177
11003|25.25|49.90|10178
11022|24.04|56.29|20612
11025|24.12|60.07|30636
11008|24.60|43.26|40447
11008|24.60|45.06|40448
11008|24.60|44.61|40449
11008|24.60|44.49|40450
11002|30.06|45.94|10141
11002|30.06|46.30|10142
11002|30.06|45.72|10143
11002|30.06|46.33|10144
11002|30.06|45.66|10145
11002|30.06|46.08|10146
11002|30.06|45.73|10147
11002|30.06|45.39|10148
11002|30.06|45.55|10149
11002|30.06|45.24|10150
11018|30.25|70.94|20572
11005|29.93|49.94|30326
11005|29.93|48.65|30327
11005|29.93|50.53|30328
11005|29.93|51.03|30329
11005|29.93|52.95|30330
11005|29.93|51.75|30331
11005|29.93|49.46|30332
11015|30.00|59.09|40538
11022|35.16|75.44|10613
11008|35.03|64.29|20435
11008|35.03|63.40|20436
11008|35.03|56.00|20437
11008|35.03|59.97|20438
11012|35.24|71.00|30510
11026|35.16|105.72|40652
11023|40.40|67.01|10618
11025|40.38|73.63|20634
14016|40.07|73.05|30706
11002|40.37|55.63|40131
11002|40.37|55.96|40132
11002|40.37|54.28|40133
11002|40.37|55.36|40134
11002|40.37|53.71|40135
11002|40.37|53.30|40136
11002|40.37|54.65|40137
11002|40.37|55.18|40138
11002|40.37|53.76|40139
11002|40.37|53.24|40140
11025|45.49|96.53|10640
11025|45.66|96.18|20641
11006|45.54|64.81|30378
11006|45.54|65.68|30379
11006|45.54|65.29|30380
11006|45.54|64.04|30381
11006|45.54|62.42|30382
11006|45.54|65.54|30383
11013|45.51|68.79|40521
11017|51.29|101.84|10562
11015|51.81|91.45|20542
11009|51.73|74.36|30459
11009|51.73|76.57|30460
11009|51.73|77.45|30461
11008|51.57|70.36|40439
11008|51.57|70.54|40440
11008|51.57|70.15|40441
11008|51.57|70.73|40442
11025|57.41|103.79|10639
11012|57.32|107.98|20507
11022|57.20|98.30|30606
14007|57.45|80.64|40657
#group_44103_9
98.83
11021|2.39|42.20|10597
11022|2.43|43.87|20609
11002|2.13|22.20|30101
11002|2.13|21.12|30102
11002|2.13|21.56|30103
11002|2.13|21.85|30104
11002|2.13|20.98|30105
11002|2.13|22.18|30106
11002|2.13|18.78|30107
11002|2.13|21.77|30108
11002|2.13|20.32|30109
11002|2.13|20.89|30110
11015|2.36|31.33|40535
11018|8.12|43.13|10571
11012|8.39|43.47|20508
11019|7.92|41.39|30574
11014|8.35|40.37|40530
11013|14.02|45.97|10523
11025|13.96|80.32|20637
11008|13.99|32.70|30439
11008|13.99|32.76|30440
11008|13.99|32.54|30441
11008|13.99|33.58|30442
11022|14.21|51.89|40608
11015|19.58|48.98|10538
11017|19.64|73.26|20563
11013|19.92|65.49|30522
11010|19.82|47.24|40484
11010|19.82|46.01|40485
11009|25.10|43.97|10462
11009|26.30|45.28|10463
11009|27.50|46.39|10464
11010|25.29|63.60|20488
11010|25.29|57.86|20489
11019|24.99|66.31|30580
11018|25.07|66.99|40572
11013|31.29|70.78|10519
11013|31.16|54.31|20521
11007|31.02|50.89|30411
11007|31.02|50.86|30412
11007|31.02|50.12|30413
11007|31.02|51.43|30414
11007|31.02|47.79|30415
11016|30.83|60.67|40548
11020|36.63|57.86|10592
11010|36.79|69.95|20492
11010|36.79|69.72|20493
14007|36.79|60.04|30657
11002|37.50|51.59|40091
11002|37.50|51.57|40092
11002|37.50|51.08|40093
11002|37.50|51.56|40094
11002|37.50|51.58|40095
11002|36.90|52.89|40096
11002|36.90|52.59|40097
11002|36.90|52.74|40098
11002|37.30|52.68|40099
11002|36.90|52.28|40100
11020|41.69|60.01|10587
11023|42.04|68.36|20618
11016|41.83|78.10|30550
11026|41.58|89.38|40650
11025|46.97|93.35|10639
11011|47.10|90.77|20502
11004|46.90|66.43|30289
11004|46.90|67.72|30290
11004|46.90|64.78|30291
11004|46.90|63.07|30292
11004|46.90|66.08|30293
11004|46.90|66.22|30294
11004|46.90|64.28|30295
11004|46.90|66.11|30296
11014|46.58|74.13|40524
11022|52.87|83.62|10607
11026|52.46|92.33|20646
11009|52.48|83.82|30477
11009|52.48|83.88|30478
11009|52.48|83.60|30479
11024|52.49|98.83|40628
11015|58.43|84.69|10537
11018|58.83|85.17|20567
11004|58.61|73.72|30273
11004|58.61|74.01|30274
11004|58.61|74.44|30275
11004|58.61|74.19|30276
11004|58.61|74.31|30277
11004|58.61|74.86|30278
11004|58.61|74.56|30279
11004|58.61|74.87|30280
11015|58.37|87.92|40543
