#group_44003_1
86.71
11002|6.20|25.00|10111
11002|6.20|24.63|10112
11002|6.20|24.46|10113
11002|6.20|25.39|10114
11002|6.20|25.62|10115
11002|6.20|24.59|10116
11002|5.60|26.16|10117
11002|5.60|25.13|10118
11002|5.60|26.24|10119
11002|5.60|25.67|10120
11003|4.85|20.53|20188
11003|4.85|20.11|20189
11003|4.85|20.51|20190
11003|4.85|21.16|20191
11003|4.85|20.29|20192
11003|4.85|21.18|20193
11003|4.85|20.34|20194
11003|4.85|20.14|20195
11003|4.85|20.97|20196
11014|5.54|37.86|30532
11002|6.04|19.98|40151
11002|6.04|19.01|40152
11002|6.04|20.71|40153
11002|6.04|21.40|40154
11002|6.04|19.41|40155
11002|6.04|19.89|40156
11002|6.04|20.11|40157
11002|6.04|19.52|40158
11002|6.04|20.96|40159
11002|6.04|18.67|40160
11014|11.72|44.09|10532
11002|11.88|26.18|20091
11002|11.88|26.03|20092
11002|11.88|25.46|20093
11002|11.88|25.99|20094
11002|11.88|26.02|20095
11002|11.28|27.17|20096
11002|11.28|27.05|20097
11002|11.28|26.97|20098
11002|11.68|26.97|20099
11002|11.28|26.60|20100
11009|12.08|43.00|30468
11009|12.08|39.75|30469
11009|12.08|43.76|30470
11019|12.30|54.51|40582
11003|18.50|40.22|10197
11003|18.50|40.61|10198
11003|18.50|39.97|10199
11003|18.50|40.71|10200
11003|18.50|40.50|10201
11003|18.50|39.50|10202
11003|18.50|39.82|10203
11003|18.50|39.51|10204
11003|18.50|39.30|10205
11002|19.15|34.71|20131
11002|19.15|29.63|20132
11002|19.15|33.15|20133
11002|19.15|33.92|20134
11002|19.15|32.70|20135
11002|19.15|32.05|20136
11002|19.15|33.17|20137
11002|19.15|33.64|20138
11002|19.15|32.71|20139
11002|19.15|31.77|20140
11003|19.99|45.96|30215
11003|19.99|46.20|30216
11003|19.99|46.83|30217
11003|19.99|46.10|30218
11003|19.99|46.28|30219
11003|19.99|46.57|30220
11003|19.99|46.56|30221
11003|19.99|48.29|30222
11003|19.99|48.40|30223
11008|19.19|38.68|40451
11008|19.19|37.82|40452
11008|19.19|37.28|40453
11008|19.19|37.90|40454
11087|26.05|44.54|11032
11014|24.65|67.12|20529
11009|25.12|43.89|30462
11009|26.32|45.32|30463
11009|27.52|46.39|30464
11003|25.12|48.44|40170
11003|25.12|47.59|40171
11003|25.12|46.61|40172
11003|25.92|46.70|40173
11003|25.92|49.25|40174
11003|25.92|50.30|40175
11003|25.92|52.34|40176
11003|25.12|50.66|40177
11003|26.22|50.79|40178
11003|32.62|51.20|10161
11003|32.62|50.44|10162
11003|32.62|51.77|10163
11003|33.42|51.65|10164
11003|33.02|52.80|10165
11003|32.02|50.25|10166
11003|32.02|50.13|10167
11003|32.02|52.41|10168
11003|32.02|52.19|10169
11002|32.50|46.80|20091
11002|32.50|46.65|20092
11002|32.50|46.08|20093
11002|32.50|46.61|20094
11002|32.50|46.64|20095
11002|31.90|47.79|20096
11002|31.90|47.67|20097
11002|31.90|47.59|20098
11002|32.30|47.59|20099
11002|31.90|47.22|20100
11088|32.28|56.39|31092
11003|31.14|54.46|40170
11003|31.14|53.61|40171
11003|31.14|52.63|40172
11003|31.94|52.72|40173
11003|31.94|55.27|40174
11003|31.94|56.32|40175
11003|31.94|58.36|40176
11003|31.14|56.68|40177
11003|32.24|56.81|40178
11088|37.37|60.81|11094
11088|38.14|61.60|21094
11002|36.38|55.27|30121
11002|36.73|55.52|30122
11002|37.08|56.29|30123
11002|37.43|56.60|30124
11002|37.78|56.90|30125
11002|38.13|57.32|30126
11002|38.48|57.60|30127
11002|38.83|57.99|30128
11002|39.18|58.65|30129
11002|39.53|58.98|30130
11088|37.61|62.73|41035
11004|43.80|62.25|10265
11004|43.80|61.35|10266
11004|43.80|62.20|10267
11004|43.80|62.69|10268
11004|43.80|63.37|10269
11004|43.80|63.18|10270
11004|43.80|62.53|10271
11004|43.80|61.58|10272
11087|42.96|59.26|21097
11002|42.76|58.44|30141
11002|42.76|58.97|30142
11002|42.76|58.45|30143
11002|42.76|58.89|30144
11002|42.76|58.38|30145
11002|42.76|58.79|30146
11002|42.76|58.45|30147
11002|42.76|58.10|30148
11002|42.76|58.30|30149
11002|42.76|57.90|30150
11087|42.61|61.34|41032
11014|48.26|75.86|10524
11002|48.94|64.50|20131
11002|48.94|59.42|20132
11002|48.94|62.94|20133
11002|48.94|63.71|20134
11002|48.94|62.49|20135
11002|48.94|61.84|20136
11002|48.94|62.96|20137
11002|48.94|63.43|20138
11002|48.94|62.50|20139
11002|48.94|61.56|20140
11003|48.98|73.26|30206
11003|48.98|73.41|30207
11003|48.98|73.11|30208
11003|48.98|73.38|30209
11003|48.98|72.92|30210
11003|50.48|72.97|30211
11003|50.48|73.17|30212
11003|50.48|73.40|30213
11003|50.48|73.18|30214
11003|50.26|66.38|40224
11003|50.26|68.72|40225
11003|50.66|68.15|40226
11003|51.26|68.00|40227
11003|51.36|66.99|40228
11003|52.26|67.23|40229
11003|48.26|68.43|40230
11003|51.06|66.47|40231
11003|50.26|66.51|40232
11003|55.19|76.91|10197
11003|55.19|77.30|10198
11003|55.19|76.66|10199
11003|55.19|77.40|10200
11003|55.19|77.19|10201
11003|55.19|76.19|10202
11003|55.19|76.51|10203
11003|55.19|76.20|10204
11003|55.19|75.99|10205
11008|56.09|85.35|20435
11008|56.09|84.46|20436
11008|56.09|77.06|20437
11008|56.09|81.03|20438
11008|56.53|71.18|30443
11008|56.53|70.11|30444
11008|56.53|71.93|30445
11008|56.53|70.99|30446
11011|56.25|86.71|40494
#group_44003_10
82.00
11019|6.35|40.58|10581
11004|5.59|26.61|20241
11004|5.59|26.84|20242
11004|5.59|26.19|20243
11004|5.59|26.40|20244
11004|5.59|26.46|20245
11004|5.59|27.22|20246
11004|5.59|28.41|20247
11004|5.59|28.16|20248
11004|6.10|24.08|30265
11004|6.10|23.75|30266
11004|6.10|24.33|30267
11004|6.10|24.75|30268
11004|6.10|25.67|30269
11004|6.10|25.32|30270
11004|6.10|24.84|30271
11004|6.10|23.93|30272
11087|5.87|22.01|41099
11011|10.78|43.07|10503
11009|12.57|36.46|20465
11009|12.57|42.49|20466
11009|12.57|34.63|20467
11014|12.14|57.63|30528
11008|11.08|30.38|40431
11008|11.08|30.46|40432
11008|11.08|31.84|40433
11008|11.08|30.29|40434
11002|18.99|34.87|10141
11002|18.99|35.23|10142
11002|18.99|34.65|10143
11002|18.99|35.26|10144
11002|18.99|34.59|10145
11002|18.99|35.01|10146
11002|18.99|34.66|10147
11002|18.99|34.32|10148
11002|18.99|34.48|10149
11002|18.99|34.17|10150
11009|19.38|42.12|20459
11009|19.38|44.20|20460
11009|19.38|45.40|20461
11008|18.14|37.65|30451
11008|18.14|36.88|30452
11008|18.14|36.24|30453
11008|18.14|36.91|30454
11003|18.30|33.99|40188
11003|18.30|33.53|40189
11003|18.30|33.98|40190
11003|18.30|34.87|40191
11003|18.30|33.66|40192
11003|18.30|34.82|40193
11003|18.30|33.78|40194
11003|18.30|33.63|40195
11003|18.30|34.56|40196
11014|24.43|46.35|10531
11087|24.06|42.79|21033
11014|24.54|48.97|30525
11011|24.89|61.66|40496
11002|32.56|61.08|10081
11002|32.81|60.91|10082
11002|32.86|61.16|10083
11002|33.06|60.87|10084
11002|32.56|62.47|10085
11002|33.56|61.94|10086
11002|34.16|62.22|10087
11002|34.16|62.73|10088
11002|34.16|62.25|10089
11002|34.16|61.23|10090
11087|32.13|52.28|21098
11004|33.36|51.34|30265
11004|33.36|51.01|30266
11004|33.36|51.59|30267
11004|33.36|52.01|30268
11004|33.36|52.93|30269
11004|33.36|52.58|30270
11004|33.36|52.10|30271
11004|33.36|51.19|30272
11009|33.36|55.20|40471
11009|33.36|54.53|40472
11009|33.36|55.38|40473
11003|39.10|55.59|10224
11003|39.10|57.46|10225
11003|39.50|57.07|10226
11003|40.10|56.78|10227
11003|40.20|55.79|10228
11003|41.10|56.08|10229
11003|37.10|57.14|10230
11003|39.90|55.32|10231
11003|39.10|55.46|10232
11009|38.04|59.90|20471
11009|38.04|59.19|20472
11009|38.04|60.41|20473
11002|38.30|53.89|30131
11002|38.30|53.57|30132
11002|38.30|52.35|30133
11002|38.30|53.35|30134
11002|38.30|51.65|30135
11002|38.30|51.34|30136
11002|38.30|52.42|30137
11002|38.30|52.73|30138
11002|38.30|51.69|30139
11002|38.30|50.77|30140
11003|38.61|60.43|40197
11003|38.61|60.81|40198
11003|38.61|60.23|40199
11003|38.61|60.81|40200
11003|38.61|60.65|40201
11003|38.61|59.68|40202
11003|38.61|59.96|40203
11003|38.61|59.72|40204
11003|38.61|59.64|40205
11002|45.40|64.44|10121
11002|45.75|64.91|10122
11002|46.10|65.21|10123
11002|46.45|65.68|10124
11002|46.80|66.24|10125
11002|47.15|66.38|10126
11002|47.50|66.71|10127
11002|47.85|67.29|10128
11002|48.20|68.00|10129
11002|48.55|68.08|10130
11019|45.59|75.71|20577
11002|44.34|60.02|30141
11002|44.34|60.55|30142
11002|44.34|60.03|30143
11002|44.34|60.47|30144
11002|44.34|59.96|30145
11002|44.34|60.37|30146
11002|44.34|60.03|30147
11002|44.34|59.68|30148
11002|44.34|59.88|30149
11002|44.34|59.48|30150
11009|45.02|76.14|40477
11009|45.02|76.17|40478
11009|45.02|75.91|40479
11009|50.59|82.00|10477
11009|50.59|81.77|10478
11009|50.59|81.24|10479
11008|51.28|66.84|20455
11008|51.28|66.46|20456
11008|51.28|64.11|20457
11008|51.28|62.76|20458
11087|51.44|67.58|31099
11014|50.49|78.27|40533
#group_44003_11
96.14
11003|7.27|23.76|10224
11003|7.27|25.63|10225
11003|7.67|25.24|10226
11003|8.27|24.95|10227
11003|8.37|23.96|10228
11003|9.27|24.25|10229
11003|5.27|25.31|10230
11003|8.07|23.49|10231
11003|7.27|23.63|10232
11004|6.29|23.96|20257
11004|6.89|24.50|20258
11004|7.49|25.14|20259
11004|8.09|25.70|20260
11004|8.69|26.30|20261
11004|9.29|26.95|20262
11004|9.89|27.52|20263
11004|10.49|28.15|20264
11002|5.50|24.39|30121
11002|5.85|24.64|30122
11002|6.20|25.41|30123
11002|6.55|25.72|30124
11002|6.90|26.02|30125
11002|7.25|26.44|30126
11002|7.60|26.72|30127
11002|7.95|27.11|30128
11002|8.30|27.77|30129
11002|8.65|28.10|30130
11002|5.33|24.26|40121
11002|5.68|24.57|40122
11002|6.03|25.24|40123
11002|6.38|25.56|40124
11002|6.73|25.91|40125
11002|7.08|26.30|40126
11002|7.43|26.62|40127
11002|7.78|27.00|40128
11002|8.13|27.65|40129
11002|8.48|27.92|40130
11088|12.66|36.10|11094
11092|13.19|55.37|21090
11009|12.06|33.93|30471
11009|12.06|33.18|30472
11009|12.06|34.19|30473
11019|12.07|51.11|40578
11002|19.06|38.10|10121
11002|19.41|38.57|10122
11002|19.76|38.87|10123
11002|20.11|39.34|10124
11002|20.46|39.90|10125
11002|20.81|40.04|10126
11002|21.16|40.37|10127
11002|21.51|40.95|10128
11002|21.86|41.66|10129
11002|22.21|41.74|10130
11014|18.67|61.14|20529
11002|18.66|34.34|30141
11002|18.66|34.87|30142
11002|18.66|34.35|30143
11002|18.66|34.79|30144
11002|18.66|34.28|30145
11002|18.66|34.69|30146
11002|18.66|34.35|30147
11002|18.66|34.00|30148
11002|18.66|34.20|30149
11002|18.66|33.80|30150
11014|18.40|47.15|40526
11003|27.87|44.36|10224
11003|27.87|46.23|10225
11003|28.27|45.84|10226
11003|28.87|45.55|10227
11003|28.97|44.56|10228
11003|29.87|44.85|10229
11003|25.87|45.91|10230
11003|28.67|44.09|10231
11003|27.87|44.23|10232
11002|25.65|41.21|20131
11002|25.65|36.13|20132
11002|25.65|39.65|20133
11002|25.65|40.42|20134
11002|25.65|39.20|20135
11002|25.65|38.55|20136
11002|25.65|39.67|20137
11002|25.65|40.14|20138
11002|25.65|39.21|20139
11002|25.65|38.27|20140
11088|24.37|49.48|31035
11087|24.61|43.34|41032
11019|32.24|67.53|10576
11092|32.23|55.62|21091
11004|31.88|53.20|30297
11004|31.88|53.37|30298
11004|31.88|54.00|30299
11004|31.88|54.12|30300
11004|31.88|53.51|30301
11004|31.88|52.94|30302
11004|31.88|52.27|30303
11004|31.88|54.98|30304
11002|33.38|49.26|40141
11002|33.38|49.48|40142
11002|33.38|49.03|40143
11002|33.38|49.64|40144
11002|33.38|49.01|40145
11002|33.38|48.89|40146
11002|33.38|49.10|40147
11002|33.38|48.72|40148
11002|33.38|48.83|40149
11002|33.38|48.38|40150
11004|38.74|60.20|10297
11004|38.74|60.16|10298
11004|38.74|60.90|10299
11004|38.74|60.92|10300
11004|38.74|60.48|10301
11004|38.74|59.70|10302
11004|38.74|59.25|10303
11004|38.74|61.52|10304
11092|37.41|60.14|21089
11019|38.41|72.62|30581
11008|37.59|56.89|40431
11008|37.59|56.97|40432
11008|37.59|58.35|40433
11008|37.59|56.80|40434
11014|44.43|76.80|10532
11092|44.59|67.98|21091
11008|43.56|63.07|30451
11008|43.56|62.30|30452
11008|43.56|61.66|30453
11008|43.56|62.33|30454
11003|42.90|58.59|40188
11003|42.90|58.13|40189
11003|42.90|58.58|40190
11003|42.90|59.47|40191
11003|42.90|58.26|40192
11003|42.90|59.42|40193
11003|42.90|58.38|40194
11003|42.90|58.23|40195
11003|42.90|59.16|40196
11009|48.92|64.91|10474
11009|48.92|63.33|10475
11009|48.92|66.86|10476
11087|50.17|66.31|21099
11088|50.09|74.20|31092
11019|49.10|79.24|40577
11014|57.16|96.14|10527
11009|56.85|87.84|20468
11009|56.85|84.54|20469
11009|56.85|88.60|20470
11002|56.66|70.68|30091
11002|56.66|70.72|30092
11002|56.66|70.26|30093
11002|56.66|70.77|30094
11002|56.66|70.73|30095
11002|56.06|71.95|30096
11002|56.06|71.69|30097
11002|56.06|71.71|30098
11002|56.46|71.74|30099
11002|56.06|71.33|30100
11002|57.29|72.55|40131
11002|57.29|72.88|40132
11002|57.29|71.20|40133
11002|57.29|72.28|40134
11002|57.29|70.63|40135
11002|57.29|70.22|40136
11002|57.29|71.57|40137
11002|57.29|72.10|40138
11002|57.29|70.68|40139
11002|57.29|70.16|40140
#group_44003_12
115.57
11092|4.62|42.36|11001
11003|6.86|22.98|20224
11003|6.86|25.40|20225
11003|7.26|24.80|20226
11003|7.86|24.45|20227
11003|7.96|23.68|20228
11003|8.86|23.89|20229
11003|4.86|24.67|20230
11003|7.66|23.10|20231
11003|6.86|23.03|20232
11003|6.48|25.17|30161
11003|6.48|24.38|30162
11003|6.48|25.66|30163
11003|7.28|25.63|30164
11003|6.88|26.73|30165
11003|5.88|24.14|30166
11003|5.88|24.21|30167
11003|5.88|26.08|30168
11003|5.88|25.86|30169
11019|6.09|36.23|40577
11092|11.29|53.47|11090
11011|12.92|38.19|20497
11003|13.09|36.40|30170
11003|13.09|35.44|30171
11003|13.09|34.55|30172
11003|13.89|34.55|30173
11003|13.89|36.93|30174
11003|13.89|38.24|30175
11003|13.89|40.18|30176
11003|13.09|38.73|30177
11003|14.19|38.76|30178
11002|13.13|41.08|40081
11002|13.38|41.69|40082
11002|13.43|41.36|40083
11002|13.63|41.39|40084
11002|13.13|42.92|40085
11002|14.13|42.47|40086
11002|14.73|43.13|40087
11002|14.73|42.90|40088
11002|14.73|42.66|40089
11002|14.73|41.73|40090
11003|18.11|41.46|10179
11003|18.11|41.91|10180
11003|18.11|40.47|10181
11003|18.11|42.42|10182
11003|18.11|41.30|10183
11003|18.11|40.52|10184
11003|18.11|44.64|10185
11003|18.11|41.17|10186
11003|18.11|41.86|10187
11004|18.62|39.64|20241
11004|18.62|39.87|20242
11004|18.62|39.22|20243
11004|18.62|39.43|20244
11004|18.62|39.49|20245
11004|18.62|40.25|20246
11004|18.62|41.44|20247
11004|18.62|41.19|20248
11011|17.98|44.73|30501
11011|18.92|53.05|40499
11092|24.59|101.84|11088
11003|23.93|47.29|20179
11003|23.93|47.64|20180
11003|23.93|46.27|20181
11003|23.93|48.15|20182
11003|23.93|47.02|20183
11003|23.93|45.97|20184
11003|23.93|50.06|20185
11003|23.93|46.98|20186
11003|23.93|47.56|20187
11087|24.01|40.32|31097
11088|24.18|44.54|41093
11011|31.11|59.36|10495
11002|31.46|51.51|20101
11002|31.46|50.41|20102
11002|31.46|50.78|20103
11002|31.46|51.07|20104
11002|31.46|50.37|20105
11002|31.46|51.38|20106
11002|31.46|48.11|20107
11002|31.46|51.07|20108
11002|31.46|49.61|20109
11002|31.46|50.29|20110
11004|32.58|47.76|30281
11004|32.58|48.07|30282
11004|32.58|48.45|30283
11004|32.58|49.28|30284
11004|32.58|49.42|30285
11004|32.58|48.18|30286
11004|32.58|48.64|30287
11004|32.58|48.37|30288
11092|31.53|69.12|41001
11009|37.41|53.40|10474
11009|37.41|51.82|10475
11009|37.41|55.35|10476
11092|37.90|115.57|21088
11004|38.56|56.23|30257
11004|39.16|56.71|30258
11004|39.76|57.38|30259
11004|40.36|58.05|30260
11004|40.96|58.57|30261
11004|41.56|59.18|30262
11004|42.16|59.77|30263
11004|42.76|60.33|30264
11088|37.65|58.01|41095
11014|43.41|71.61|10533
11002|43.23|71.25|20081
11002|43.48|71.58|20082
11002|43.53|71.60|20083
11002|43.73|71.58|20084
11002|43.23|73.28|20085
11002|44.23|72.87|20086
11002|44.83|73.59|20087
11002|44.83|73.08|20088
11002|44.83|72.94|20089
11002|44.83|72.10|20090
11003|44.87|68.47|30179
11003|44.87|68.89|30180
11003|44.87|67.20|30181
11003|44.87|69.31|30182
11003|44.87|68.02|30183
11003|44.87|66.95|30184
11003|44.87|71.01|30185
11003|44.87|67.85|30186
11003|44.87|68.58|30187
11014|43.25|82.11|40527
11004|50.23|65.35|10273
11004|50.23|65.61|10274
11004|50.23|66.11|10275
11004|50.23|65.81|10276
11004|50.23|65.95|10277
11004|50.23|66.48|10278
11004|50.23|66.15|10279
11004|50.23|66.45|10280
11087|52.09|70.92|21100
11014|50.59|79.27|30533
11003|50.77|75.03|40206
11003|50.77|75.20|40207
11003|50.77|74.92|40208
11003|50.77|75.05|40209
11003|50.77|74.91|40210
11003|52.27|74.76|40211
11003|52.27|74.93|40212
11003|52.27|75.07|40213
11003|52.27|74.79|40214
11087|57.90|76.43|11033
#group_44003_13
97.12
11014|6.07|38.44|10532
11011|6.09|49.88|20500
11011|6.03|36.52|30494
11002|6.37|20.46|40091
11002|6.37|20.44|40092
11002|6.37|19.95|40093
11002|6.37|20.43|40094
11002|6.37|20.45|40095
11002|5.77|21.76|40096
11002|5.77|21.46|40097
11002|5.77|21.61|40098
11002|6.17|21.55|40099
11002|5.77|21.15|40100
11087|11.32|31.15|11034
11019|12.24|45.58|20574
11088|11.45|36.56|31035
11092|11.86|56.66|41003
11011|18.91|52.99|10499
11003|20.26|39.10|20161
11003|20.26|38.14|20162
11003|20.26|39.62|20163
11003|21.06|39.33|20164
11003|20.66|40.37|20165
11003|19.66|37.91|20166
11003|19.66|37.79|20167
11003|19.66|39.75|20168
11003|19.66|39.75|20169
11008|18.95|37.66|30439
11008|18.95|37.72|30440
11008|18.95|37.50|30441
11008|18.95|38.54|30442
11087|19.68|38.36|41033
11008|26.07|54.76|10435
11008|26.07|54.44|10436
11008|26.07|46.99|10437
11008|26.07|50.10|10438
11011|27.03|57.60|20494
11008|26.86|46.37|30451
11008|26.86|45.60|30452
11008|26.86|44.96|30453
11008|26.86|45.63|30454
11014|26.96|55.71|40526
11014|32.25|60.45|10533
11003|31.36|55.65|20206
11003|31.36|55.77|20207
11003|31.36|55.48|20208
11003|31.36|55.62|20209
11003|31.36|55.53|20210
11003|32.86|55.22|20211
11003|32.86|55.15|20212
11003|32.86|55.84|20213
11003|32.86|55.20|20214
11003|32.87|57.15|30206
11003|32.87|57.30|30207
11003|32.87|57.00|30208
11003|32.87|57.27|30209
11003|32.87|56.81|30210
11003|34.37|56.86|30211
11003|34.37|57.06|30212
11003|34.37|57.29|30213
11003|34.37|57.07|30214
11019|32.16|73.11|40580
11002|38.63|52.81|10151
11002|38.63|51.04|10152
11002|38.63|53.39|10153
11002|38.63|53.89|10154
11002|38.63|51.56|10155
11002|38.63|52.53|10156
11002|38.63|52.59|10157
11002|38.63|52.15|10158
11002|38.63|53.48|10159
11002|38.63|51.17|10160
11002|37.38|57.43|20101
11002|37.38|56.33|20102
11002|37.38|56.70|20103
11002|37.38|56.99|20104
11002|37.38|56.29|20105
11002|37.38|57.30|20106
11002|37.38|54.03|20107
11002|37.38|56.99|20108
11002|37.38|55.53|20109
11002|37.38|56.21|20110
11004|39.05|62.96|30249
11004|39.05|61.74|30250
11004|39.05|63.33|30251
11004|39.05|62.50|30252
11004|39.05|62.80|30253
11004|39.05|62.73|30254
11004|39.05|62.62|30255
11004|39.05|63.54|30256
11003|38.22|64.21|40215
11003|38.22|64.42|40216
11003|38.22|65.07|40217
11003|38.22|64.34|40218
11003|38.22|64.57|40219
11003|38.22|64.83|40220
11003|38.22|64.84|40221
11003|38.22|66.56|40222
11003|38.22|66.63|40223
11009|43.60|62.47|10462
11009|44.80|63.78|10463
11009|46.00|64.89|10464
11008|43.12|62.74|20451
11008|43.12|61.76|20452
11008|43.12|61.23|20453
11008|43.12|61.90|20454
11003|46.63|62.87|30224
11003|46.63|65.27|30225
11003|47.03|64.54|30226
11003|47.63|64.26|30227
11003|47.73|63.50|30228
11003|48.63|63.59|30229
11003|44.63|65.01|30230
11003|47.43|62.86|30231
11003|46.63|62.95|30232
11003|44.29|59.98|40188
11003|44.29|59.52|40189
11003|44.29|59.97|40190
11003|44.29|60.86|40191
11003|44.29|59.65|40192
11003|44.29|60.81|40193
11003|44.29|59.77|40194
11003|44.29|59.62|40195
11003|44.29|60.55|40196
11014|51.66|97.12|10528
11002|52.30|71.46|20121
11002|52.65|71.51|20122
11002|53.00|72.12|20123
11002|53.35|72.78|20124
11002|53.70|73.12|20125
11002|54.05|73.19|20126
11002|54.40|73.55|20127
11002|54.75|74.17|20128
11002|55.10|74.87|20129
11002|55.45|74.88|20130
11003|51.59|77.56|30215
11003|51.59|77.80|30216
11003|51.59|78.43|30217
11003|51.59|77.70|30218
11003|51.59|77.88|30219
11003|51.59|78.17|30220
11003|51.59|78.16|30221
11003|51.59|79.89|30222
11003|51.59|80.00|30223
11014|50.99|83.01|40530
#group_44003_14
85.53
11003|6.12|29.50|10170
11003|6.12|28.53|10171
11003|6.12|27.63|10172
11003|6.92|28.21|10173
11003|6.92|30.86|10174
11003|6.92|31.98|10175
11003|6.92|33.35|10176
11003|6.12|32.13|10177
11003|7.22|31.87|10178
11009|4.62|28.51|20465
11009|4.62|34.54|20466
11009|4.62|26.68|20467
11003|5.43|29.03|30179
11003|5.43|29.45|30180
11003|5.43|27.76|30181
11003|5.43|29.87|30182
11003|5.43|28.58|30183
11003|5.43|27.51|30184
11003|5.43|31.57|30185
11003|5.43|28.41|30186
11003|5.43|29.14|30187
11003|8.58|24.70|40224
11003|8.58|27.04|40225
11003|8.98|26.47|40226
11003|9.58|26.32|40227
11003|9.68|25.31|40228
11003|10.58|25.55|40229
11003|6.58|26.75|40230
11003|9.38|24.79|40231
11003|8.58|24.83|40232
11002|11.68|27.56|10141
11002|11.68|27.92|10142
11002|11.68|27.34|10143
11002|11.68|27.95|10144
11002|11.68|27.28|10145
11002|11.68|27.70|10146
11002|11.68|27.35|10147
11002|11.68|27.01|10148
11002|11.68|27.17|10149
11002|11.68|26.86|10150
11002|12.52|26.50|20151
11002|12.52|25.37|20152
11002|12.52|27.18|20153
11002|12.52|27.85|20154
11002|12.52|25.77|20155
11002|12.52|26.48|20156
11002|12.52|26.44|20157
11002|12.52|26.17|20158
11002|12.52|27.35|20159
11002|12.52|25.16|20160
11002|11.51|27.10|30131
11002|11.51|26.78|30132
11002|11.51|25.56|30133
11002|11.51|26.56|30134
11002|11.51|24.86|30135
11002|11.51|24.55|30136
11002|11.51|25.63|30137
11002|11.51|25.94|30138
11002|11.51|24.90|30139
11002|11.51|23.98|30140
11004|13.22|34.30|40241
11004|13.22|34.11|40242
11004|13.22|33.45|40243
11004|13.22|33.68|40244
11004|13.22|33.86|40245
11004|13.22|34.84|40246
11004|13.22|34.77|40247
11004|13.22|35.80|40248
11004|19.44|40.71|10233
11004|19.44|40.21|10234
11004|19.44|40.51|10235
11004|19.44|40.30|10236
11004|19.44|40.56|10237
11004|19.44|40.44|10238
11004|19.44|40.72|10239
11004|19.44|40.83|10240
11019|20.05|55.66|20579
11011|18.91|63.66|30500
11014|20.07|62.31|40529
11009|26.40|49.21|10459
11009|26.40|51.17|10460
11009|26.40|52.14|10461
11004|26.05|41.15|20273
11004|26.05|41.44|20274
11004|26.05|41.89|20275
11004|26.05|41.61|20276
11004|26.05|41.76|20277
11004|26.05|42.28|20278
11004|26.05|41.99|20279
11004|26.05|42.24|20280
11092|25.42|70.21|31003
11087|25.11|41.25|41099
11011|31.10|56.21|10497
11002|31.73|46.03|20091
11002|31.73|45.88|20092
11002|31.73|45.31|20093
11002|31.73|45.84|20094
11002|31.73|45.87|20095
11002|31.13|47.02|20096
11002|31.13|46.90|20097
11002|31.13|46.82|20098
11002|31.53|46.82|20099
11002|31.13|46.45|20100
11009|32.64|54.51|30471
11009|32.64|53.76|30472
11009|32.64|54.77|30473
11008|32.81|48.55|40455
11008|32.81|48.23|40456
11008|32.81|45.55|40457
11008|32.81|44.31|40458
11008|38.39|53.97|10455
11008|38.39|53.94|10456
11008|38.39|51.26|10457
11008|38.39|49.78|10458
11003|38.27|62.56|20206
11003|38.27|62.68|20207
11003|38.27|62.39|20208
11003|38.27|62.53|20209
11003|38.27|62.44|20210
11003|39.77|62.13|20211
11003|39.77|62.06|20212
11003|39.77|62.75|20213
11003|39.77|62.11|20214
11011|38.56|71.06|30503
11002|38.98|52.92|40151
11002|38.98|51.95|40152
11002|38.98|53.65|40153
11002|38.98|54.34|40154
11002|38.98|52.35|40155
11002|38.98|52.83|40156
11002|38.98|53.05|40157
11002|38.98|52.46|40158
11002|38.98|53.90|40159
11002|38.98|51.61|40160
11003|45.71|61.39|10188
11003|45.71|60.89|10189
11003|45.71|61.45|10190
11003|45.71|61.98|10191
11003|45.71|61.14|10192
11003|45.71|62.08|10193
11003|45.71|61.22|10194
11003|45.71|61.04|10195
11003|45.71|61.86|10196
11014|45.68|78.03|20532
11003|44.83|68.14|30170
11003|44.83|67.18|30171
11003|44.83|66.29|30172
11003|45.63|66.29|30173
11003|45.63|68.67|30174
11003|45.63|69.98|30175
11003|45.63|71.92|30176
11003|44.83|70.47|30177
11003|45.93|70.50|30178
11019|45.32|80.93|40579
11011|50.88|79.13|10495
11008|50.98|70.22|20431
11008|50.98|70.33|20432
11008|50.98|71.76|20433
11008|50.98|70.31|20434
11014|51.43|80.11|30533
11009|50.02|68.96|40462
11009|51.22|70.08|40463
11009|52.42|71.37|40464
11003|58.30|81.68|10170
11003|58.30|80.71|10171
11003|58.30|79.81|10172
11003|59.10|80.39|10173
11003|59.10|83.04|10174
11003|59.10|84.16|10175
11003|59.10|85.53|10176
11003|58.30|84.31|10177
11003|59.40|84.05|10178
11004|57.07|80.98|20249
11004|57.07|79.76|20250
11004|57.07|81.35|20251
11004|57.07|80.52|20252
11004|57.07|80.82|20253
11004|57.07|80.75|20254
11004|57.07|80.64|20255
11004|57.07|81.56|20256
11087|58.66|77.15|31032
11008|57.32|71.93|40443
11008|57.32|70.89|40444
11008|57.32|72.68|40445
11008|57.32|71.74|40446
#group_44003_15
89.71
11014|5.60|34.19|10526
11003|7.19|26.03|20161
11003|7.19|25.07|20162
11003|7.19|26.55|20163
11003|7.99|26.26|20164
11003|7.59|27.30|20165
11003|6.59|24.84|20166
11003|6.59|24.72|20167
11003|6.59|26.68|20168
11003|6.59|26.68|20169
11087|6.04|24.73|31033
11003|5.05|28.37|40170
11003|5.05|27.52|40171
11003|5.05|26.54|40172
11003|5.85|26.63|40173
11003|5.85|29.18|40174
11003|5.85|30.23|40175
11003|5.85|32.27|40176
11003|5.05|30.59|40177
11003|6.15|30.72|40178
11004|11.58|31.05|10289
11004|11.58|32.26|10290
11004|11.58|29.54|10291
11004|11.58|27.81|10292
11004|11.58|30.76|10293
11004|11.58|30.87|10294
11004|11.58|29.01|10295
11004|11.58|30.86|10296
11014|12.14|40.28|20533
11092|11.45|89.71|31088
11003|13.42|29.54|40224
11003|13.42|31.88|40225
11003|13.82|31.31|40226
11003|14.42|31.16|40227
11003|14.52|30.15|40228
11003|15.42|30.39|40229
11003|11.42|31.59|40230
11003|14.22|29.63|40231
11003|13.42|29.67|40232
11002|18.95|33.13|10151
11002|18.95|31.36|10152
11002|18.95|33.71|10153
11002|18.95|34.21|10154
11002|18.95|31.88|10155
11002|18.95|32.85|10156
11002|18.95|32.91|10157
11002|18.95|32.47|10158
11002|18.95|33.80|10159
11002|18.95|31.49|10160
11088|18.31|38.68|21095
11087|18.93|37.74|31100
11002|18.39|46.34|40081
11002|18.64|46.95|40082
11002|18.69|46.62|40083
11002|18.89|46.65|40084
11002|18.39|48.18|40085
11002|19.39|47.73|40086
11002|19.99|48.39|40087
11002|19.99|48.16|40088
11002|19.99|47.92|40089
11002|19.99|46.99|40090
11003|25.13|48.51|10170
11003|25.13|47.54|10171
11003|25.13|46.64|10172
11003|25.93|47.22|10173
11003|25.93|49.87|10174
11003|25.93|50.99|10175
11003|25.93|52.36|10176
11003|25.13|51.14|10177
11003|26.23|50.88|10178
11003|25.58|49.87|20206
11003|25.58|49.99|20207
11003|25.58|49.70|20208
11003|25.58|49.84|20209
11003|25.58|49.75|20210
11003|27.08|49.44|20211
11003|27.08|49.37|20212
11003|27.08|50.06|20213
11003|27.08|49.42|20214
11092|25.78|63.42|31001
11003|27.12|45.71|40161
11003|27.12|44.77|40162
11003|27.12|46.34|40163
11003|27.92|46.29|40164
11003|27.52|47.25|40165
11003|26.52|44.77|40166
11003|26.52|44.64|40167
11003|26.52|46.81|40168
11003|26.52|46.72|40169
11003|32.45|58.38|10215
11003|32.45|58.62|10216
11003|32.45|59.28|10217
11003|32.45|58.62|10218
11003|32.45|58.77|10219
11003|32.45|59.09|10220
11003|32.45|59.13|10221
11003|32.45|60.58|10222
11003|32.45|60.72|10223
11088|33.99|58.10|21092
11002|32.37|51.26|30121
11002|32.72|51.51|30122
11002|33.07|52.28|30123
11002|33.42|52.59|30124
11002|33.77|52.89|30125
11002|34.12|53.31|30126
11002|34.47|53.59|30127
11002|34.82|53.98|30128
11002|35.17|54.64|30129
11002|35.52|54.97|30130
11014|33.34|61.12|40533
11009|39.81|70.68|10468
11009|39.81|67.46|10469
11009|39.81|71.57|10470
11002|40.10|68.12|20081
11002|40.35|68.45|20082
11002|40.40|68.47|20083
11002|40.60|68.45|20084
11002|40.10|70.15|20085
11002|41.10|69.74|20086
11002|41.70|70.46|20087
11002|41.70|69.95|20088
11002|41.70|69.81|20089
11002|41.70|68.97|20090
11011|40.07|68.10|30495
11009|39.91|64.11|40465
11009|39.91|68.58|40466
11009|39.91|55.49|40467
11002|45.97|64.77|10111
11002|45.97|64.40|10112
11002|45.97|64.23|10113
11002|45.97|65.16|10114
11002|45.97|65.39|10115
11002|45.97|64.36|10116
11002|45.37|65.93|10117
11002|45.37|64.90|10118
11002|45.37|66.01|10119
11002|45.37|65.44|10120
11014|46.64|74.78|20533
11009|46.16|62.16|30474
11009|46.16|60.67|30475
11009|46.16|63.91|30476
11008|46.78|65.44|40447
11008|46.78|67.24|40448
11008|46.78|66.79|40449
11008|46.78|66.67|40450
11011|52.34|79.17|10501
11011|53.55|84.12|20494
11011|52.58|83.07|30494
11088|53.48|73.84|41095
#group_44003_16
129.24
11014|5.20|29.38|10525
11009|5.54|24.50|20462
11009|6.74|25.64|20463
11009|7.94|26.89|20464
11004|6.49|26.02|30289
11004|6.49|27.31|30290
11004|6.49|24.37|30291
11004|6.49|22.66|30292
11004|6.49|25.67|30293
11004|6.49|25.81|30294
11004|6.49|23.87|30295
11004|6.49|25.70|30296
11088|6.04|26.28|41096
11011|10.57|40.85|10494
11019|10.64|69.37|20575
11008|11.49|30.20|30439
11008|11.49|30.26|30440
11008|11.49|30.04|30441
11008|11.49|31.08|30442
11087|11.29|30.10|41100
11003|16.50|32.18|10188
11003|16.50|31.68|10189
11003|16.50|32.24|10190
11003|16.50|32.77|10191
11003|16.50|31.93|10192
11003|16.50|32.87|10193
11003|16.50|32.01|10194
11003|16.50|31.83|10195
11003|16.50|32.65|10196
11004|17.17|36.74|20289
11004|17.17|38.30|20290
11004|17.17|35.13|20291
11004|17.17|33.33|20292
11004|17.17|36.30|20293
11004|17.17|36.49|20294
11004|17.17|34.58|20295
11004|17.17|36.44|20296
11009|17.04|35.81|30462
11009|18.24|37.24|30463
11009|19.44|38.31|30464
11011|16.70|48.95|40503
11011|24.01|58.09|10499
11009|23.23|54.22|20468
11009|23.23|50.92|20469
11009|23.23|54.98|20470
11002|23.28|37.48|30151
11002|23.28|36.09|30152
11002|23.28|38.14|30153
11002|23.28|38.57|30154
11002|23.28|36.51|30155
11002|23.28|37.28|30156
11002|23.28|37.33|30157
11002|23.28|36.83|30158
11002|23.28|38.52|30159
11002|23.28|35.96|30160
11004|22.53|43.80|40233
11004|22.53|43.30|40234
11004|22.53|43.60|40235
11004|22.53|43.32|40236
11004|22.53|43.63|40237
11004|22.53|43.51|40238
11004|22.53|43.85|40239
11004|22.53|43.89|40240
11014|28.15|55.75|10524
11002|28.26|56.28|20081
11002|28.51|56.61|20082
11002|28.56|56.63|20083
11002|28.76|56.61|20084
11002|28.26|58.31|20085
11002|29.26|57.90|20086
11002|29.86|58.62|20087
11002|29.86|58.11|20088
11002|29.86|57.97|20089
11002|29.86|57.13|20090
11087|28.30|46.79|31032
11003|30.01|46.13|40224
11003|30.01|48.47|40225
11003|30.41|47.90|40226
11003|31.01|47.75|40227
11003|31.11|46.74|40228
11003|32.01|46.98|40229
11003|28.01|48.18|40230
11003|30.81|46.22|40231
11003|30.01|46.26|40232
11009|34.59|65.46|10468
11009|34.59|62.24|10469
11009|34.59|66.35|10470
11087|33.90|50.20|21097
11002|34.77|62.73|30081
11002|35.02|63.04|30082
11002|35.07|63.02|30083
11002|35.27|63.02|30084
11002|34.77|64.62|30085
11002|35.77|64.11|30086
11002|36.37|64.78|30087
11002|36.37|64.62|30088
11002|36.37|64.35|30089
11002|36.37|63.51|30090
11002|33.32|48.58|40131
11002|33.32|48.91|40132
11002|33.32|47.23|40133
11002|33.32|48.31|40134
11002|33.32|46.66|40135
11002|33.32|46.25|40136
11002|33.32|47.60|40137
11002|33.32|48.13|40138
11002|33.32|46.71|40139
11002|33.32|46.19|40140
11008|39.26|58.72|10451
11008|39.26|57.86|10452
11008|39.26|57.31|10453
11008|39.26|58.05|10454
11009|39.83|70.85|20477
11009|39.83|71.00|20478
11009|39.83|70.53|20479
11002|39.51|59.58|30101
11002|39.51|58.50|30102
11002|39.51|58.94|30103
11002|39.51|59.23|30104
11002|39.51|58.36|30105
11002|39.51|59.56|30106
11002|39.51|56.16|30107
11002|39.51|59.15|30108
11002|39.51|57.70|30109
11002|39.51|58.27|30110
11009|39.23|58.17|40462
11009|40.43|59.29|40463
11009|41.63|60.58|40464
11009|46.48|68.45|10471
11009|46.48|67.71|10472
11009|46.48|68.84|10473
11008|47.26|76.52|20435
11008|47.26|75.63|20436
11008|47.26|68.23|20437
11008|47.26|72.20|20438
11092|45.79|90.58|31003
11003|47.14|73.13|40215
11003|47.14|73.34|40216
11003|47.14|73.99|40217
11003|47.14|73.26|40218
11003|47.14|73.49|40219
11003|47.14|73.75|40220
11003|47.14|73.76|40221
11003|47.14|75.48|40222
11003|47.14|75.55|40223
11092|51.99|129.24|11088
11002|53.09|72.25|20121
11002|53.44|72.30|20122
11002|53.79|72.91|20123
11002|54.14|73.57|20124
11002|54.49|73.91|20125
11002|54.84|73.98|20126
11002|55.19|74.34|20127
11002|55.54|74.96|20128
11002|55.89|75.66|20129
11002|56.24|75.67|20130
11003|52.28|75.59|30170
11003|52.28|74.63|30171
11003|52.28|73.74|30172
11003|53.08|73.74|30173
11003|53.08|76.12|30174
11003|53.08|77.43|30175
11003|53.08|79.37|30176
11003|52.28|77.92|30177
11003|53.38|77.95|30178
11004|53.27|77.18|40249
11004|53.27|75.96|40250
11004|53.27|77.55|40251
11004|53.27|76.72|40252
11004|53.27|77.02|40253
11004|53.27|76.95|40254
11004|53.27|76.84|40255
11004|53.27|77.76|40256
11092|58.49|96.23|11001
11087|57.44|75.96|21032
11008|57.74|72.39|30443
11008|57.74|71.32|30444
11008|57.74|73.14|30445
11008|57.74|72.20|30446
11002|59.04|78.99|40101
11002|59.04|78.01|40102
11002|59.04|78.39|40103
11002|59.04|78.73|40104
11002|59.04|77.85|40105
11002|59.04|79.00|40106
11002|59.04|75.69|40107
11002|59.04|78.60|40108
11002|59.04|77.23|40109
11002|59.04|77.70|40110
#group_44003_17
85.92
11019|5.63|41.24|10579
11011|5.18|38.26|20498
11003|5.74|31.71|30215
11003|5.74|31.95|30216
11003|5.74|32.58|30217
11003|5.74|31.85|30218
11003|5.74|32.03|30219
11003|5.74|32.32|30220
11003|5.74|32.31|30221
11003|5.74|34.04|30222
11003|5.74|34.15|30223
11003|6.44|28.26|40197
11003|6.44|28.64|40198
11003|6.44|28.06|40199
11003|6.44|28.64|40200
11003|6.44|28.48|40201
11003|6.44|27.51|40202
11003|6.44|27.79|40203
11003|6.44|27.55|40204
11003|6.44|27.47|40205
11003|13.78|30.27|10224
11003|13.78|32.14|10225
11003|14.18|31.75|10226
11003|14.78|31.46|10227
11003|14.88|30.47|10228
11003|15.78|30.76|10229
11003|11.78|31.82|10230
11003|14.58|30.00|10231
11003|13.78|30.14|10232
11004|12.06|31.63|20289
11004|12.06|33.19|20290
11004|12.06|30.02|20291
11004|12.06|28.22|20292
11004|12.06|31.19|20293
11004|12.06|31.38|20294
11004|12.06|29.47|20295
11004|12.06|31.33|20296
11087|13.46|31.95|31032
11009|13.42|37.62|40465
11009|13.42|42.09|40466
11009|13.42|29.00|40467
11008|20.11|39.57|10451
11008|20.11|38.71|10452
11008|20.11|38.16|10453
11008|20.11|38.90|10454
11004|20.42|41.44|20241
11004|20.42|41.67|20242
11004|20.42|41.02|20243
11004|20.42|41.23|20244
11004|20.42|41.29|20245
11004|20.42|42.05|20246
11004|20.42|43.24|20247
11004|20.42|42.99|20248
11009|19.23|50.15|30468
11009|19.23|46.90|30469
11009|19.23|50.91|30470
11008|18.70|48.26|40435
11008|18.70|47.89|40436
11008|18.70|39.67|40437
11008|18.70|43.71|40438
11002|26.03|54.55|10081
11002|26.28|54.38|10082
11002|26.33|54.63|10083
11002|26.53|54.34|10084
11002|26.03|55.94|10085
11002|27.03|55.41|10086
11002|27.63|55.69|10087
11002|27.63|56.20|10088
11002|27.63|55.72|10089
11002|27.63|54.70|10090
11008|26.49|45.10|20447
11008|26.49|46.86|20448
11008|26.49|46.39|20449
11008|26.49|46.49|20450
11002|26.32|45.21|30121
11002|26.67|45.46|30122
11002|27.02|46.23|30123
11002|27.37|46.54|30124
11002|27.72|46.84|30125
11002|28.07|47.26|30126
11002|28.42|47.54|30127
11002|28.77|47.93|30128
11002|29.12|48.59|30129
11002|29.47|48.92|30130
11003|26.91|50.23|40170
11003|26.91|49.38|40171
11003|26.91|48.40|40172
11003|27.71|48.49|40173
11003|27.71|51.04|40174
11003|27.71|52.09|40175
11003|27.71|54.13|40176
11003|26.91|52.45|40177
11003|28.01|52.58|40178
11003|32.11|56.43|10206
11003|32.11|56.75|10207
11003|32.11|56.39|10208
11003|32.11|56.39|10209
11003|32.11|56.30|10210
11003|33.61|56.34|10211
11003|33.61|56.54|10212
11003|33.61|56.85|10213
11003|33.61|56.11|10214
11011|33.34|65.62|20503
11087|33.12|53.29|31098
11003|34.27|50.39|40224
11003|34.27|52.73|40225
11003|34.67|52.16|40226
11003|35.27|52.01|40227
11003|35.37|51.00|40228
11003|36.27|51.24|40229
11003|32.27|52.44|40230
11003|35.07|50.48|40231
11003|34.27|50.52|40232
11092|38.53|83.88|11003
11003|39.31|63.60|20206
11003|39.31|63.72|20207
11003|39.31|63.43|20208
11003|39.31|63.57|20209
11003|39.31|63.48|20210
11003|40.81|63.17|20211
11003|40.81|63.10|20212
11003|40.81|63.79|20213
11003|40.81|63.15|20214
11004|39.77|61.09|30297
11004|39.77|61.26|30298
11004|39.77|61.89|30299
11004|39.77|62.01|30300
11004|39.77|61.40|30301
11004|39.77|60.83|30302
11004|39.77|60.16|30303
11004|39.77|62.87|30304
11004|39.52|57.12|40257
11004|40.12|57.76|40258
11004|40.72|58.41|40259
11004|41.32|58.97|40260
11004|41.92|59.53|40261
11004|42.52|60.17|40262
11004|43.12|60.73|40263
11004|43.72|61.34|40264
11088|44.58|69.79|11035
11014|44.92|77.27|20532
11008|44.65|60.19|30455
11008|44.65|59.97|30456
11008|44.65|57.52|30457
11008|44.65|56.16|30458
11002|45.60|64.51|40111
11002|45.60|63.98|40112
11002|45.60|63.87|40113
11002|45.60|64.77|40114
11002|45.60|64.64|40115
11002|45.60|64.00|40116
11002|45.00|66.01|40117
11002|45.00|64.48|40118
11002|45.00|65.82|40119
11002|45.00|64.48|40120
11008|52.52|67.13|10443
11008|52.52|66.08|10444
11008|52.52|67.95|10445
11008|52.52|66.92|10446
11003|52.36|78.35|20215
11003|52.36|78.52|20216
11003|52.36|79.16|20217
11003|52.36|78.56|20218
11003|52.36|78.81|20219
11003|52.36|78.93|20220
11003|52.36|79.01|20221
11003|52.36|80.65|20222
11003|52.36|80.74|20223
11088|52.49|72.80|31096
11004|52.19|67.33|40281
11004|52.19|67.63|40282
11004|52.19|67.93|40283
11004|52.19|68.82|40284
11004|52.19|68.95|40285
11004|52.19|67.82|40286
11004|52.19|68.13|40287
11004|52.19|68.02|40288
11008|59.47|74.08|10443
11008|59.47|73.03|10444
11008|59.47|74.90|10445
11008|59.47|73.87|10446
11088|58.42|78.66|21096
11011|59.17|85.92|30501
11087|59.65|79.84|41098
#group_44003_18
89.87
11004|5.09|26.55|10297
11004|5.09|26.51|10298
11004|5.09|27.25|10299
11004|5.09|27.27|10300
11004|5.09|26.83|10301
11004|5.09|26.05|10302
11004|5.09|25.60|10303
11004|5.09|27.87|10304
11002|5.21|20.87|20141
11002|5.21|21.48|20142
11002|5.21|20.82|20143
11002|5.21|21.47|20144
11002|5.21|20.85|20145
11002|5.21|21.31|20146
11002|5.21|20.92|20147
11002|5.21|20.54|20148
11002|5.21|20.87|20149
11002|5.21|20.36|20150
11008|6.10|20.75|30443
11008|6.10|19.68|30444
11008|6.10|21.50|30445
11008|6.10|20.56|30446
11087|6.00|25.88|41034
11002|11.99|27.40|10131
11002|11.99|27.64|10132
11002|11.99|26.00|10133
11002|11.99|27.28|10134
11002|11.99|25.50|10135
11002|11.99|25.21|10136
11002|11.99|25.96|10137
11002|11.99|26.94|10138
11002|11.99|25.78|10139
11002|11.99|24.90|10140
11002|11.22|25.20|20151
11002|11.22|24.07|20152
11002|11.22|25.88|20153
11002|11.22|26.55|20154
11002|11.22|24.47|20155
11002|11.22|25.18|20156
11002|11.22|25.14|20157
11002|11.22|24.87|20158
11002|11.22|26.05|20159
11002|11.22|23.86|20160
11003|11.52|34.83|30170
11003|11.52|33.87|30171
11003|11.52|32.98|30172
11003|12.32|32.98|30173
11003|12.32|35.36|30174
11003|12.32|36.67|30175
11003|12.32|38.61|30176
11003|11.52|37.16|30177
11003|12.62|37.19|30178
11002|10.75|38.70|40081
11002|11.00|39.31|40082
11002|11.05|38.98|40083
11002|11.25|39.01|40084
11002|10.75|40.54|40085
11002|11.75|40.09|40086
11002|12.35|40.75|40087
11002|12.35|40.52|40088
11002|12.35|40.28|40089
11002|12.35|39.35|40090
11014|17.20|41.38|10525
11009|18.16|40.02|20471
11009|18.16|39.31|20472
11009|18.16|40.53|20473
11002|16.52|32.11|30131
11002|16.52|31.79|30132
11002|16.52|30.57|30133
11002|16.52|31.57|30134
11002|16.52|29.87|30135
11002|16.52|29.56|30136
11002|16.52|30.64|30137
11002|16.52|30.95|30138
11002|16.52|29.91|30139
11002|16.52|28.99|30140
11002|17.61|31.70|40091
11002|17.61|31.68|40092
11002|17.61|31.19|40093
11002|17.61|31.67|40094
11002|17.61|31.69|40095
11002|17.01|33.00|40096
11002|17.01|32.70|40097
11002|17.01|32.85|40098
11002|17.41|32.79|40099
11002|17.01|32.39|40100
11011|23.54|57.22|10498
11092|23.83|68.70|21003
11092|23.26|68.05|31003
11092|24.39|61.98|41001
11003|31.61|48.10|10224
11003|31.61|49.97|10225
11003|32.01|49.58|10226
11003|32.61|49.29|10227
11003|32.71|48.30|10228
11003|33.61|48.59|10229
11003|29.61|49.65|10230
11003|32.41|47.83|10231
11003|31.61|47.97|10232
11014|29.22|56.87|20524
11087|29.81|46.12|31097
11019|29.38|63.46|40581
11003|38.32|54.81|10224
11003|38.32|56.68|10225
11003|38.72|56.29|10226
11003|39.32|56.00|10227
11003|39.42|55.01|10228
11003|40.32|55.30|10229
11003|36.32|56.36|10230
11003|39.12|54.54|10231
11003|38.32|54.68|10232
11004|35.94|51.04|20273
11004|35.94|51.33|20274
11004|35.94|51.78|20275
11004|35.94|51.50|20276
11004|35.94|51.65|20277
11004|35.94|52.17|20278
11004|35.94|51.88|20279
11004|35.94|52.13|20280
11004|36.10|57.42|30297
11004|36.10|57.59|30298
11004|36.10|58.22|30299
11004|36.10|58.34|30300
11004|36.10|57.73|30301
11004|36.10|57.16|30302
11004|36.10|56.49|30303
11004|36.10|59.20|30304
11002|36.90|52.16|40131
11002|36.90|52.49|40132
11002|36.90|50.81|40133
11002|36.90|51.89|40134
11002|36.90|50.24|40135
11002|36.90|49.83|40136
11002|36.90|51.18|40137
11002|36.90|51.71|40138
11002|36.90|50.29|40139
11002|36.90|49.77|40140
11014|42.33|70.53|10533
11002|43.15|62.13|20111
11002|43.15|61.72|20112
11002|43.15|61.56|20113
11002|43.15|62.05|20114
11002|43.15|62.26|20115
11002|43.15|61.65|20116
11002|42.55|62.81|20117
11002|42.55|62.11|20118
11002|42.55|63.35|20119
11002|42.55|62.58|20120
11088|42.53|65.95|31094
11009|42.73|58.76|40474
11009|42.73|57.21|40475
11009|42.73|60.42|40476
11019|49.24|84.53|10576
11019|48.64|89.87|20580
11002|49.41|68.34|30111
11002|49.41|67.94|30112
11002|49.41|67.66|30113
11002|49.41|68.21|30114
11002|49.41|68.48|30115
11002|49.41|67.83|30116
11002|48.81|69.80|30117
11002|48.81|68.28|30118
11002|48.81|70.30|30119
11002|48.81|68.82|30120
11003|50.44|69.03|40161
11003|50.44|68.09|40162
11003|50.44|69.66|40163
11003|51.24|69.61|40164
11003|50.84|70.57|40165
11003|49.84|68.09|40166
11003|49.84|67.96|40167
11003|49.84|70.13|40168
11003|49.84|70.04|40169
11014|55.83|80.01|10525
11008|56.41|75.65|20431
11008|56.41|75.76|20432
11008|56.41|77.19|20433
11008|56.41|75.74|20434
11088|56.61|76.91|31093
11003|55.97|77.79|40197
11003|55.97|78.17|40198
11003|55.97|77.59|40199
11003|55.97|78.17|40200
11003|55.97|78.01|40201
11003|55.97|77.04|40202
11003|55.97|77.32|40203
11003|55.97|77.08|40204
11003|55.97|77.00|40205
#group_44003_19
89.20
11003|6.11|27.83|10197
11003|6.11|28.22|10198
11003|6.11|27.58|10199
11003|6.11|28.32|10200
11003|6.11|28.11|10201
11003|6.11|27.11|10202
11003|6.11|27.43|10203
11003|6.11|27.12|10204
11003|6.11|26.91|10205
11014|6.59|38.87|20530
11011|4.80|37.30|30503
11019|5.43|46.38|40580
11087|10.93|29.46|11033
11002|12.34|40.36|20081
11002|12.59|40.69|20082
11002|12.64|40.71|20083
11002|12.84|40.69|20084
11002|12.34|42.39|20085
11002|13.34|41.98|20086
11002|13.94|42.70|20087
11002|13.94|42.19|20088
11002|13.94|42.05|20089
11002|13.94|41.21|20090
11003|10.93|34.24|30170
11003|10.93|33.28|30171
11003|10.93|32.39|30172
11003|11.73|32.39|30173
11003|11.73|34.77|30174
11003|11.73|36.08|30175
11003|11.73|38.02|30176
11003|10.93|36.57|30177
11003|12.03|36.60|30178
11002|11.92|30.83|40111
11002|11.92|30.30|40112
11002|11.92|30.19|40113
11002|11.92|31.09|40114
11002|11.92|30.96|40115
11002|11.92|30.32|40116
11002|11.32|32.33|40117
11002|11.32|30.80|40118
11002|11.32|32.14|40119
11002|11.32|30.80|40120
11019|18.69|48.78|10577
11011|17.73|50.01|20503
11014|17.73|56.46|30527
11003|17.94|41.26|40170
11003|17.94|40.41|40171
11003|17.94|39.43|40172
11003|18.74|39.52|40173
11003|18.74|42.07|40174
11003|18.74|43.12|40175
11003|18.74|45.16|40176
11003|17.94|43.48|40177
11003|19.04|43.61|40178
11003|24.60|40.28|10188
11003|24.60|39.78|10189
11003|24.60|40.34|10190
11003|24.60|40.87|10191
11003|24.60|40.03|10192
11003|24.60|40.97|10193
11003|24.60|40.11|10194
11003|24.60|39.93|10195
11003|24.60|40.75|10196
11009|26.18|45.14|20462
11009|27.38|46.28|20463
11009|28.58|47.53|20464
11008|26.05|44.76|30439
11008|26.05|44.82|30440
11008|26.05|44.60|30441
11008|26.05|45.64|30442
11092|25.28|62.87|41001
11002|32.30|51.34|10121
11002|32.65|51.81|10122
11002|33.00|52.11|10123
11002|33.35|52.58|10124
11002|33.70|53.14|10125
11002|34.05|53.28|10126
11002|34.40|53.61|10127
11002|34.75|54.19|10128
11002|35.10|54.90|10129
11002|35.45|54.98|10130
11008|32.27|51.51|20431
11008|32.27|51.62|20432
11008|32.27|53.05|20433
11008|32.27|51.60|20434
11004|32.84|52.37|30289
11004|32.84|53.66|30290
11004|32.84|50.72|30291
11004|32.84|49.01|30292
11004|32.84|52.02|30293
11004|32.84|52.16|30294
11004|32.84|50.22|30295
11004|32.84|52.05|30296
11088|31.55|55.66|41092
11004|38.80|59.94|10241
11004|38.80|59.70|10242
11004|38.80|59.01|10243
11004|38.80|59.22|10244
11004|38.80|60.26|10245
11004|38.80|60.80|10246
11004|38.80|61.67|10247
11004|38.80|61.77|10248
11088|38.23|58.60|21095
11011|40.12|73.27|30498
11003|39.62|61.44|40197
11003|39.62|61.82|40198
11003|39.62|61.24|40199
11003|39.62|61.82|40200
11003|39.62|61.66|40201
11003|39.62|60.69|40202
11003|39.62|60.97|40203
11003|39.62|60.73|40204
11003|39.62|60.65|40205
11014|46.46|85.44|10527
11004|46.95|68.44|20297
11004|46.95|68.46|20298
11004|46.95|69.16|20299
11004|46.95|69.23|20300
11004|46.95|68.91|20301
11004|46.95|68.06|20302
11004|46.95|67.37|20303
11004|46.95|69.82|20304
11019|47.29|89.20|30582
11092|46.60|88.73|41090
11011|53.93|80.76|10501
11009|53.22|75.96|20459
11009|53.22|78.04|20460
11009|53.22|79.24|20461
11008|54.21|73.72|30451
11008|54.21|72.95|30452
11008|54.21|72.31|30453
11008|54.21|72.98|30454
11087|52.80|68.94|41099
#group_44003_2
86.17
11002|6.34|25.38|10121
11002|6.69|25.85|10122
11002|7.04|26.15|10123
11002|7.39|26.62|10124
11002|7.74|27.18|10125
11002|8.09|27.32|10126
11002|8.44|27.65|10127
11002|8.79|28.23|10128
11002|9.14|28.94|10129
11002|9.49|29.02|10130
11004|4.63|19.73|20273
11004|4.63|20.02|20274
11004|4.63|20.47|20275
11004|4.63|20.19|20276
11004|4.63|20.34|20277
11004|4.63|20.86|20278
11004|4.63|20.57|20279
11004|4.63|20.82|20280
11009|5.31|29.36|30465
11009|5.31|33.80|30466
11009|5.31|27.07|30467
11011|6.24|43.01|40496
11008|10.76|30.22|10451
11008|10.76|29.36|10452
11008|10.76|28.81|10453
11008|10.76|29.55|10454
11088|11.13|41.01|21036
11014|11.44|43.76|30532
11011|12.47|39.33|40501
11002|17.95|37.96|10101
11002|17.95|36.92|10102
11002|17.95|37.25|10103
11002|17.95|37.62|10104
11002|17.95|36.84|10105
11002|17.95|37.87|10106
11002|17.95|34.60|10107
11002|17.95|37.61|10108
11002|17.95|36.14|10109
11002|17.95|36.78|10110
11092|17.16|39.89|21089
11019|17.79|76.52|30575
11009|17.23|39.07|40471
11009|17.23|38.40|40472
11009|17.23|39.25|40473
11003|27.51|44.00|10224
11003|27.51|45.87|10225
11003|27.91|45.48|10226
11003|28.51|45.19|10227
11003|28.61|44.20|10228
11003|29.51|44.49|10229
11003|25.51|45.55|10230
11003|28.31|43.73|10231
11003|27.51|43.87|10232
11004|24.94|40.02|20281
11004|24.94|40.16|20282
11004|24.94|40.93|20283
11004|24.94|41.48|20284
11004|24.94|41.52|20285
11004|24.94|40.56|20286
11004|24.94|40.85|20287
11004|24.94|41.06|20288
11088|26.09|46.39|31093
11087|26.00|42.30|41097
11011|33.35|67.03|10498
11011|33.53|65.81|20503
11008|31.79|47.33|30455
11008|31.79|47.11|30456
11008|31.79|44.66|30457
11008|31.79|43.30|30458
11087|33.15|51.88|41032
11003|41.01|59.59|10161
11003|41.01|58.83|10162
11003|41.01|60.16|10163
11003|41.81|60.04|10164
11003|41.41|61.19|10165
11003|40.41|58.64|10166
11003|40.41|58.52|10167
11003|40.41|60.80|10168
11003|40.41|60.58|10169
11003|40.42|63.78|20179
11003|40.42|64.13|20180
11003|40.42|62.76|20181
11003|40.42|64.64|20182
11003|40.42|63.51|20183
11003|40.42|62.46|20184
11003|40.42|66.55|20185
11003|40.42|63.47|20186
11003|40.42|64.05|20187
11008|39.18|57.89|30439
11008|39.18|57.95|30440
11008|39.18|57.73|30441
11008|39.18|58.77|30442
11019|39.54|81.75|40582
11008|47.50|62.11|10443
11008|47.50|61.06|10444
11008|47.50|62.93|10445
11008|47.50|61.90|10446
11004|47.53|68.80|20233
11004|47.53|68.30|20234
11004|47.53|68.60|20235
11004|47.53|68.28|20236
11004|47.53|68.62|20237
11004|47.53|68.45|20238
11004|47.53|68.81|20239
11004|47.53|68.89|20240
11004|47.53|62.64|30273
11004|47.53|62.93|30274
11004|47.53|63.36|30275
11004|47.53|63.11|30276
11004|47.53|63.23|30277
11004|47.53|63.78|30278
11004|47.53|63.48|30279
11004|47.53|63.79|30280
11003|45.73|61.42|40188
11003|45.73|60.96|40189
11003|45.73|61.41|40190
11003|45.73|62.30|40191
11003|45.73|61.09|40192
11003|45.73|62.25|40193
11003|45.73|61.21|40194
11003|45.73|61.06|40195
11003|45.73|61.99|40196
11092|53.04|76.33|11091
11014|53.89|86.17|20530
11002|53.21|72.10|30121
11002|53.56|72.35|30122
11002|53.91|73.12|30123
11002|54.26|73.43|30124
11002|54.61|73.73|30125
11002|54.96|74.15|30126
11002|55.31|74.43|30127
11002|55.66|74.82|30128
11002|56.01|75.48|30129
11002|56.36|75.81|30130
11011|52.74|84.99|40503
#group_44003_20
81.29
11087|5.18|23.71|11033
11009|4.96|28.85|20465
11009|4.96|34.88|20466
11009|4.96|27.02|20467
11002|6.23|25.16|30111
11002|6.23|24.76|30112
11002|6.23|24.48|30113
11002|6.23|25.03|30114
11002|6.23|25.30|30115
11002|6.23|24.65|30116
11002|5.63|26.62|30117
11002|5.63|25.10|30118
11002|5.63|27.12|30119
11002|5.63|25.64|30120
11088|6.56|30.04|41094
11087|12.56|31.05|11032
11004|13.00|34.02|20241
11004|13.00|34.25|20242
11004|13.00|33.60|20243
11004|13.00|33.81|20244
11004|13.00|33.87|20245
11004|13.00|34.63|20246
11004|13.00|35.82|20247
11004|13.00|35.57|20248
11087|12.51|32.30|31034
11088|13.06|33.42|41093
11009|18.70|37.57|10462
11009|19.90|38.88|10463
11009|21.10|39.99|10464
11003|19.96|38.80|20161
11003|19.96|37.84|20162
11003|19.96|39.32|20163
11003|20.76|39.03|20164
11003|20.36|40.07|20165
11003|19.36|37.61|20166
11003|19.36|37.49|20167
11003|19.36|39.45|20168
11003|19.36|39.45|20169
11087|19.81|38.30|31032
11004|19.10|40.18|40241
11004|19.10|39.99|40242
11004|19.10|39.33|40243
11004|19.10|39.56|40244
11004|19.10|39.74|40245
11004|19.10|40.72|40246
11004|19.10|40.65|40247
11004|19.10|41.68|40248
11011|26.18|58.47|10503
11014|25.72|47.56|20531
11004|24.97|45.34|30241
11004|24.97|45.53|30242
11004|24.97|44.85|30243
11004|24.97|45.02|30244
11004|24.97|45.59|30245
11004|24.97|46.00|30246
11004|24.97|46.54|30247
11004|24.97|47.50|30248
11004|24.79|42.39|40257
11004|25.39|43.03|40258
11004|25.99|43.68|40259
11004|26.59|44.24|40260
11004|27.19|44.80|40261
11004|27.79|45.44|40262
11004|28.39|46.00|40263
11004|28.99|46.61|40264
11087|31.38|47.71|11097
11008|30.82|50.44|20451
11008|30.82|49.46|20452
11008|30.82|48.93|20453
11008|30.82|49.60|20454
11087|32.27|51.08|31100
11009|31.12|62.24|40477
11009|31.12|62.27|40478
11009|31.12|62.01|40479
11002|38.19|52.37|10151
11002|38.19|50.60|10152
11002|38.19|52.95|10153
11002|38.19|53.45|10154
11002|38.19|51.12|10155
11002|38.19|52.09|10156
11002|38.19|52.15|10157
11002|38.19|51.71|10158
11002|38.19|53.04|10159
11002|38.19|50.73|10160
11008|38.21|67.47|20435
11008|38.21|66.58|20436
11008|38.21|59.18|20437
11008|38.21|63.15|20438
11003|37.91|63.88|30215
11003|37.91|64.12|30216
11003|37.91|64.75|30217
11003|37.91|64.02|30218
11003|37.91|64.20|30219
11003|37.91|64.49|30220
11003|37.91|64.48|30221
11003|37.91|66.21|30222
11003|37.91|66.32|30223
11092|39.16|81.29|41090
11002|44.47|72.99|10081
11002|44.72|72.82|10082
11002|44.77|73.07|10083
11002|44.97|72.78|10084
11002|44.47|74.38|10085
11002|45.47|73.85|10086
11002|46.07|74.13|10087
11002|46.07|74.64|10088
11002|46.07|74.16|10089
11002|46.07|73.14|10090
11003|45.05|71.04|20215
11003|45.05|71.21|20216
11003|45.05|71.85|20217
11003|45.05|71.25|20218
11003|45.05|71.50|20219
11003|45.05|71.62|20220
11003|45.05|71.70|20221
11003|45.05|73.34|20222
11003|45.05|73.43|20223
11009|44.50|66.37|30471
11009|44.50|65.62|30472
11009|44.50|66.63|30473
11008|43.97|62.63|40447
11008|43.97|64.43|40448
11008|43.97|63.98|40449
11008|43.97|63.86|40450
11087|51.29|71.49|11098
11008|51.12|69.73|20447
11008|51.12|71.49|20448
11008|51.12|71.02|20449
11008|51.12|71.12|20450
11011|51.46|78.21|30501
11011|52.15|77.54|40497
11002|58.72|72.75|10091
11002|58.72|72.86|10092
11002|58.72|72.40|10093
11002|58.72|72.57|10094
11002|58.72|72.70|10095
11002|58.12|73.98|10096
11002|58.12|73.76|10097
11002|58.12|73.92|10098
11002|58.52|73.80|10099
11002|58.12|73.40|10100
11003|56.97|75.81|20161
11003|56.97|74.85|20162
11003|56.97|76.33|20163
11003|57.77|76.04|20164
11003|57.37|77.08|20165
11003|56.37|74.62|20166
11003|56.37|74.50|20167
11003|56.37|76.46|20168
11003|56.37|76.46|20169
#group_44003_3
98.29
11009|5.81|27.78|10471
11009|5.81|27.04|10472
11009|5.81|28.17|10473
11002|6.60|20.90|20091
11002|6.60|20.75|20092
11002|6.60|20.18|20093
11002|6.60|20.71|20094
11002|6.60|20.74|20095
11002|6.00|21.89|20096
11002|6.00|21.77|20097
11002|6.00|21.69|20098
11002|6.40|21.69|20099
11002|6.00|21.32|20100
11088|5.92|29.34|31094
11088|6.44|26.68|41096
11008|13.00|28.58|10455
11008|13.00|28.55|10456
11008|13.00|25.87|10457
11008|13.00|24.39|10458
11092|12.43|54.61|21090
11002|13.17|28.76|30131
11002|13.17|28.44|30132
11002|13.17|27.22|30133
11002|13.17|28.22|30134
11002|13.17|26.52|30135
11002|13.17|26.21|30136
11002|13.17|27.29|30137
11002|13.17|27.60|30138
11002|13.17|26.56|30139
11002|13.17|25.64|30140
11003|12.47|28.16|40188
11003|12.47|27.70|40189
11003|12.47|28.15|40190
11003|12.47|29.04|40191
11003|12.47|27.83|40192
11003|12.47|28.99|40193
11003|12.47|27.95|40194
11003|12.47|27.80|40195
11003|12.47|28.73|40196
11002|18.60|38.61|10101
11002|18.60|37.57|10102
11002|18.60|37.90|10103
11002|18.60|38.27|10104
11002|18.60|37.49|10105
11002|18.60|38.52|10106
11002|18.60|35.25|10107
11002|18.60|38.26|10108
11002|18.60|36.79|10109
11002|18.60|37.43|10110
11087|20.43|39.16|21033
11004|20.42|41.74|30297
11004|20.42|41.91|30298
11004|20.42|42.54|30299
11004|20.42|42.66|30300
11004|20.42|42.05|30301
11004|20.42|41.48|30302
11004|20.42|40.81|30303
11004|20.42|43.52|30304
11008|19.75|38.54|40439
11008|19.75|38.72|40440
11008|19.75|38.33|40441
11008|19.75|38.91|40442
11019|25.99|84.72|10575
11002|26.72|42.28|20131
11002|26.72|37.20|20132
11002|26.72|40.72|20133
11002|26.72|41.49|20134
11002|26.72|40.27|20135
11002|26.72|39.62|20136
11002|26.72|40.74|20137
11002|26.72|41.21|20138
11002|26.72|40.28|20139
11002|26.72|39.34|20140
11008|25.97|45.25|30431
11008|25.97|45.20|30432
11008|25.97|46.64|30433
11008|25.97|45.14|30434
11008|27.34|46.64|40431
11008|27.34|46.72|40432
11008|27.34|48.10|40433
11008|27.34|46.55|40434
11002|34.57|48.60|10091
11002|34.57|48.71|10092
11002|34.57|48.25|10093
11002|34.57|48.42|10094
11002|34.57|48.55|10095
11002|33.97|49.83|10096
11002|33.97|49.61|10097
11002|33.97|49.77|10098
11002|34.37|49.65|10099
11002|33.97|49.25|10100
11002|32.13|47.79|20141
11002|32.13|48.40|20142
11002|32.13|47.74|20143
11002|32.13|48.39|20144
11002|32.13|47.77|20145
11002|32.13|48.23|20146
11002|32.13|47.84|20147
11002|32.13|47.46|20148
11002|32.13|47.79|20149
11002|32.13|47.28|20150
11004|33.92|53.45|30289
11004|33.92|54.74|30290
11004|33.92|51.80|30291
11004|33.92|50.09|30292
11004|33.92|53.10|30293
11004|33.92|53.24|30294
11004|33.92|51.30|30295
11004|33.92|53.13|30296
11002|33.94|49.82|40141
11002|33.94|50.04|40142
11002|33.94|49.59|40143
11002|33.94|50.20|40144
11002|33.94|49.57|40145
11002|33.94|49.45|40146
11002|33.94|49.66|40147
11002|33.94|49.28|40148
11002|33.94|49.39|40149
11002|33.94|48.94|40150
11004|40.50|59.97|10289
11004|40.50|61.18|10290
11004|40.50|58.46|10291
11004|40.50|56.73|10292
11004|40.50|59.68|10293
11004|40.50|59.79|10294
11004|40.50|57.93|10295
11004|40.50|59.78|10296
11008|39.60|59.22|20451
11008|39.60|58.24|20452
11008|39.60|57.71|20453
11008|39.60|58.38|20454
11011|40.49|68.52|30495
11008|41.05|70.61|40435
11008|41.05|70.24|40436
11008|41.05|62.02|40437
11008|41.05|66.06|40438
11004|47.53|68.99|10297
11004|47.53|68.95|10298
11004|47.53|69.69|10299
11004|47.53|69.71|10300
11004|47.53|69.27|10301
11004|47.53|68.49|10302
11004|47.53|68.04|10303
11004|47.53|70.31|10304
11008|47.74|66.35|20447
11008|47.74|68.11|20448
11008|47.74|67.64|20449
11008|47.74|67.74|20450
11004|47.41|68.73|30297
11004|47.41|68.90|30298
11004|47.41|69.53|30299
11004|47.41|69.65|30300
11004|47.41|69.04|30301
11004|47.41|68.47|30302
11004|47.41|67.80|30303
11004|47.41|70.51|30304
11009|46.64|70.84|40465
11009|46.64|75.31|40466
11009|46.64|62.22|40467
11014|54.52|76.44|10531
11092|53.42|98.29|21003
11009|53.50|75.37|30471
11009|53.50|74.62|30472
11009|53.50|75.63|30473
11008|53.63|72.29|40447
11008|53.63|74.09|40448
11008|53.63|73.64|40449
11008|53.63|73.52|40450
#group_44003_4
87.13
11011|5.43|48.26|10500
11008|5.18|24.80|20451
11008|5.18|23.82|20452
11008|5.18|23.29|20453
11008|5.18|23.96|20454
11088|5.60|25.91|31096
11088|5.02|30.14|41035
11019|12.61|48.22|10579
11092|13.95|56.13|21090
11008|12.25|27.79|30455
11008|12.25|27.57|30456
11008|12.25|25.12|30457
11008|12.25|23.76|30458
11092|12.91|35.55|41089
11014|20.27|52.50|10530
11008|21.21|36.77|20455
11008|21.21|36.39|20456
11008|21.21|34.04|20457
11008|21.21|32.69|20458
11002|20.09|39.02|30111
11002|20.09|38.62|30112
11002|20.09|38.34|30113
11002|20.09|38.89|30114
11002|20.09|39.16|30115
11002|20.09|38.51|30116
11002|19.49|40.48|30117
11002|19.49|38.96|30118
11002|19.49|40.98|30119
11002|19.49|39.50|30120
11092|21.14|65.94|41003
11019|25.02|66.41|10580
11087|26.68|42.82|21099
11011|25.32|68.58|30502
11088|26.55|46.91|41093
11008|33.06|51.73|10447
11008|33.06|53.51|10448
11008|33.06|52.84|10449
11008|33.06|53.20|10450
11008|33.82|52.43|20447
11008|33.82|54.19|20448
11008|33.82|53.72|20449
11008|33.82|53.82|20450
11092|32.20|69.84|31001
11008|33.71|48.32|40443
11008|33.71|47.28|40444
11008|33.71|49.07|40445
11008|33.71|48.13|40446
11087|40.18|60.38|11098
11008|39.14|58.76|20451
11008|39.14|57.78|20452
11008|39.14|57.25|20453
11008|39.14|57.92|20454
11004|39.31|60.58|30233
11004|39.31|60.08|30234
11004|39.31|60.38|30235
11004|39.31|60.06|30236
11004|39.31|60.39|30237
11004|39.31|60.27|30238
11004|39.31|60.60|30239
11004|39.31|60.66|30240
11008|40.42|69.98|40435
11008|40.42|69.61|40436
11008|40.42|61.39|40437
11008|40.42|65.43|40438
11002|45.30|73.82|10081
11002|45.55|73.65|10082
11002|45.60|73.90|10083
11002|45.80|73.61|10084
11002|45.30|75.21|10085
11002|46.30|74.68|10086
11002|46.90|74.96|10087
11002|46.90|75.47|10088
11002|46.90|74.99|10089
11002|46.90|73.97|10090
11004|45.59|65.16|20289
11004|45.59|66.72|20290
11004|45.59|63.55|20291
11004|45.59|61.75|20292
11004|45.59|64.72|20293
11004|45.59|64.91|20294
11004|45.59|63.00|20295
11004|45.59|64.86|20296
11092|45.49|83.13|31001
11009|46.55|77.67|40477
11009|46.55|77.70|40478
11009|46.55|77.44|40479
11011|51.74|85.82|10499
11003|54.61|70.73|20224
11003|54.61|73.15|20225
11003|55.01|72.55|20226
11003|55.61|72.20|20227
11003|55.71|71.43|20228
11003|56.61|71.64|20229
11003|52.61|72.42|20230
11003|55.41|70.85|20231
11003|54.61|70.78|20232
11088|52.70|76.81|31092
11087|53.43|72.11|41033
11004|58.42|77.89|10289
11004|58.42|79.10|10290
11004|58.42|76.38|10291
11004|58.42|74.65|10292
11004|58.42|77.60|10293
11004|58.42|77.71|10294
11004|58.42|75.85|10295
11004|58.42|77.70|10296
11008|58.11|77.73|20451
11008|58.11|76.75|20452
11008|58.11|76.22|20453
11008|58.11|76.89|20454
11009|57.71|79.58|30471
11009|57.71|78.83|30472
11009|57.71|79.84|30473
11009|58.46|82.66|40465
11009|58.46|87.13|40466
11009|58.46|74.04|40467
#group_44003_5
87.59
11014|6.24|38.61|10532
11008|6.00|25.62|20451
11008|6.00|24.64|20452
11008|6.00|24.11|20453
11008|6.00|24.78|20454
11003|5.06|28.66|30179
11003|5.06|29.08|30180
11003|5.06|27.39|30181
11003|5.06|29.50|30182
11003|5.06|28.21|30183
11003|5.06|27.14|30184
11003|5.06|31.20|30185
11003|5.06|28.04|30186
11003|5.06|28.77|30187
11014|4.89|36.91|40530
11019|10.71|44.01|10574
11009|11.80|34.54|20459
11009|11.80|36.62|20460
11009|11.80|37.82|20461
11008|11.74|27.28|30455
11008|11.74|27.06|30456
11008|11.74|24.61|30457
11008|11.74|23.25|30458
11002|11.01|30.96|40101
11002|11.01|29.98|40102
11002|11.01|30.36|40103
11002|11.01|30.70|40104
11002|11.01|29.82|40105
11002|11.01|30.97|40106
11002|11.01|27.66|40107
11002|11.01|30.57|40108
11002|11.01|29.20|40109
11002|11.01|29.67|40110
11002|17.17|31.35|10151
11002|17.17|29.58|10152
11002|17.17|31.93|10153
11002|17.17|32.43|10154
11002|17.17|30.10|10155
11002|17.17|31.07|10156
11002|17.17|31.13|10157
11002|17.17|30.69|10158
11002|17.17|32.02|10159
11002|17.17|29.71|10160
11003|17.88|41.24|20179
11003|17.88|41.59|20180
11003|17.88|40.22|20181
11003|17.88|42.10|20182
11003|17.88|40.97|20183
11003|17.88|39.92|20184
11003|17.88|44.01|20185
11003|17.88|40.93|20186
11003|17.88|41.51|20187
11003|16.98|41.26|30206
11003|16.98|41.41|30207
11003|16.98|41.11|30208
11003|16.98|41.38|30209
11003|16.98|40.92|30210
11003|18.48|40.97|30211
11003|18.48|41.17|30212
11003|18.48|41.40|30213
11003|18.48|41.18|30214
11002|18.04|37.99|40101
11002|18.04|37.01|40102
11002|18.04|37.39|40103
11002|18.04|37.73|40104
11002|18.04|36.85|40105
11002|18.04|38.00|40106
11002|18.04|34.69|40107
11002|18.04|37.60|40108
11002|18.04|36.23|40109
11002|18.04|36.70|40110
11087|25.09|41.24|11099
11002|24.14|52.16|20081
11002|24.39|52.49|20082
11002|24.44|52.51|20083
11002|24.64|52.49|20084
11002|24.14|54.19|20085
11002|25.14|53.78|20086
11002|25.74|54.50|20087
11002|25.74|53.99|20088
11002|25.74|53.85|20089
11002|25.74|53.01|20090
11003|25.17|43.86|30161
11003|25.17|43.07|30162
11003|25.17|44.35|30163
11003|25.97|44.32|30164
11003|25.57|45.42|30165
11003|24.57|42.83|30166
11003|24.57|42.90|30167
11003|24.57|44.77|30168
11003|24.57|44.55|30169
11011|25.22|57.47|40503
11002|31.99|46.17|10151
11002|31.99|44.40|10152
11002|31.99|46.75|10153
11002|31.99|47.25|10154
11002|31.99|44.92|10155
11002|31.99|45.89|10156
11002|31.99|45.95|10157
11002|31.99|45.51|10158
11002|31.99|46.84|10159
11002|31.99|44.53|10160
11008|31.78|50.39|20447
11008|31.78|52.15|20448
11008|31.78|51.68|20449
11008|31.78|51.78|20450
11088|32.10|55.52|31094
11014|31.60|64.11|40532
11092|37.31|75.05|11001
11008|37.15|56.26|20439
11008|37.15|55.95|20440
11008|37.15|55.82|20441
11008|37.15|56.76|20442
11014|37.55|76.28|30527
11087|36.70|53.00|41097
11014|43.50|71.70|10533
11014|45.01|66.85|20531
11004|45.25|63.23|30265
11004|45.25|62.90|30266
11004|45.25|63.48|30267
11004|45.25|63.90|30268
11004|45.25|64.82|30269
11004|45.25|64.47|30270
11004|45.25|63.99|30271
11004|45.25|63.08|30272
11014|43.68|82.54|40527
11008|51.90|80.59|10435
11008|51.90|80.27|10436
11008|51.90|72.82|10437
11008|51.90|75.93|10438
11003|51.25|73.14|20197
11003|51.25|73.41|20198
11003|51.25|72.76|20199
11003|51.25|73.47|20200
11003|51.25|73.27|20201
11003|51.25|72.17|20202
11003|51.25|72.58|20203
11003|51.25|72.25|20204
11003|51.25|72.07|20205
11087|50.01|70.18|31098
11014|51.19|83.70|40532
11087|57.91|77.74|11034
11002|57.23|85.25|20081
11002|57.48|85.58|20082
11002|57.53|85.60|20083
11002|57.73|85.58|20084
11002|57.23|87.28|20085
11002|58.23|86.87|20086
11002|58.83|87.59|20087
11002|58.83|87.08|20088
11002|58.83|86.94|20089
11002|58.83|86.10|20090
11009|56.24|78.11|30471
11009|56.24|77.36|30472
11009|56.24|78.37|30473
11004|56.29|71.43|40273
11004|56.29|71.73|40274
11004|56.29|72.14|40275
11004|56.29|71.91|40276
11004|56.29|72.01|40277
11004|56.29|72.48|40278
11004|56.29|72.22|40279
11004|56.29|72.53|40280
#group_44003_6
97.21
11003|5.09|20.77|10188
11003|5.09|20.27|10189
11003|5.09|20.83|10190
11003|5.09|21.36|10191
11003|5.09|20.52|10192
11003|5.09|21.46|10193
11003|5.09|20.60|10194
11003|5.09|20.42|10195
11003|5.09|21.24|10196
11004|5.28|26.55|20233
11004|5.28|26.05|20234
11004|5.28|26.35|20235
11004|5.28|26.03|20236
11004|5.28|26.37|20237
11004|5.28|26.20|20238
11004|5.28|26.56|20239
11004|5.28|26.64|20240
11004|6.11|25.64|30289
11004|6.11|26.93|30290
11004|6.11|23.99|30291
11004|6.11|22.28|30292
11004|6.11|25.29|30293
11004|6.11|25.43|30294
11004|6.11|23.49|30295
11004|6.11|25.32|30296
11009|5.93|36.81|40468
11009|5.93|33.43|40469
11009|5.93|37.36|40470
11004|11.55|35.46|10249
11004|11.55|34.24|10250
11004|11.55|35.83|10251
11004|11.55|35.00|10252
11004|11.55|35.30|10253
11004|11.55|35.23|10254
11004|11.55|35.12|10255
11004|11.55|36.04|10256
11008|11.57|30.68|20439
11008|11.57|30.37|20440
11008|11.57|30.24|20441
11008|11.57|31.18|20442
11009|11.09|29.86|30462
11009|12.29|31.29|30463
11009|13.49|32.36|30464
11002|10.99|38.94|40081
11002|11.24|39.55|40082
11002|11.29|39.22|40083
11002|11.49|39.25|40084
11002|10.99|40.78|40085
11002|11.99|40.33|40086
11002|12.59|40.99|40087
11002|12.59|40.76|40088
11002|12.59|40.52|40089
11002|12.59|39.59|40090
11087|17.12|36.95|11034
11008|17.75|36.36|20447
11008|17.75|38.12|20448
11008|17.75|37.65|20449
11008|17.75|37.75|20450
11087|16.47|35.16|31033
11003|16.60|40.25|40179
11003|16.60|40.71|40180
11003|16.60|38.87|40181
11003|16.60|41.11|40182
11003|16.60|39.75|40183
11003|16.60|38.69|40184
11003|16.60|42.68|40185
11003|16.60|39.62|40186
11003|16.60|40.34|40187
11088|25.16|55.03|11036
11011|24.63|61.18|20496
11087|24.18|40.32|31099
11087|25.32|41.62|41097
11008|30.44|59.13|10435
11008|30.44|58.81|10436
11008|30.44|51.36|10437
11008|30.44|54.47|10438
11003|32.14|58.13|20215
11003|32.14|58.30|20216
11003|32.14|58.94|20217
11003|32.14|58.34|20218
11003|32.14|58.59|20219
11003|32.14|58.71|20220
11003|32.14|58.79|20221
11003|32.14|60.43|20222
11003|32.14|60.52|20223
11092|31.19|68.83|31001
11003|31.60|55.25|40179
11003|31.60|55.71|40180
11003|31.60|53.87|40181
11003|31.60|56.11|40182
11003|31.60|54.75|40183
11003|31.60|53.69|40184
11003|31.60|57.68|40185
11003|31.60|54.62|40186
11003|31.60|55.34|40187
11002|37.12|52.53|10131
11002|37.12|52.77|10132
11002|37.12|51.13|10133
11002|37.12|52.41|10134
11002|37.12|50.63|10135
11002|37.12|50.34|10136
11002|37.12|51.09|10137
11002|37.12|52.07|10138
11002|37.12|50.91|10139
11002|37.12|50.03|10140
11003|37.16|59.05|20197
11003|37.16|59.32|20198
11003|37.16|58.67|20199
11003|37.16|59.38|20200
11003|37.16|59.18|20201
11003|37.16|58.08|20202
11003|37.16|58.49|20203
11003|37.16|58.16|20204
11003|37.16|57.98|20205
11008|37.75|57.26|30451
11008|37.75|56.49|30452
11008|37.75|55.85|30453
11008|37.75|56.52|30454
11009|37.04|67.92|40468
11009|37.04|64.54|40469
11009|37.04|68.47|40470
11002|44.51|58.69|10151
11002|44.51|56.92|10152
11002|44.51|59.27|10153
11002|44.51|59.77|10154
11002|44.51|57.44|10155
11002|44.51|58.41|10156
11002|44.51|58.47|10157
11002|44.51|58.03|10158
11002|44.51|59.36|10159
11002|44.51|57.05|10160
11002|43.53|71.55|20081
11002|43.78|71.88|20082
11002|43.83|71.90|20083
11002|44.03|71.88|20084
11002|43.53|73.58|20085
11002|44.53|73.17|20086
11002|45.13|73.89|20087
11002|45.13|73.38|20088
11002|45.13|73.24|20089
11002|45.13|72.40|20090
11009|44.03|62.80|30462
11009|45.23|64.23|30463
11009|46.43|65.30|30464
11019|44.57|79.91|40576
11002|50.99|71.00|10101
11002|50.99|69.96|10102
11002|50.99|70.29|10103
11002|50.99|70.66|10104
11002|50.99|69.88|10105
11002|50.99|70.91|10106
11002|50.99|67.64|10107
11002|50.99|70.65|10108
11002|50.99|69.18|10109
11002|50.99|69.82|10110
11002|52.28|66.58|20091
11002|52.28|66.43|20092
11002|52.28|65.86|20093
11002|52.28|66.39|20094
11002|52.28|66.42|20095
11002|51.68|67.57|20096
11002|51.68|67.45|20097
11002|51.68|67.37|20098
11002|52.08|67.37|20099
11002|51.68|67.00|20100
11004|51.20|72.52|30297
11004|51.20|72.69|30298
11004|51.20|73.32|30299
11004|51.20|73.44|30300
11004|51.20|72.83|30301
11004|51.20|72.26|30302
11004|51.20|71.59|30303
11004|51.20|74.30|30304
11003|51.73|77.72|40215
11003|51.73|77.93|40216
11003|51.73|78.58|40217
11003|51.73|77.85|40218
11003|51.73|78.08|40219
11003|51.73|78.34|40220
11003|51.73|78.35|40221
11003|51.73|80.07|40222
11003|51.73|80.14|40223
11002|57.31|73.19|10141
11002|57.31|73.55|10142
11002|57.31|72.97|10143
11002|57.31|73.58|10144
11002|57.31|72.91|10145
11002|57.31|73.33|10146
11002|57.31|72.98|10147
11002|57.31|72.64|10148
11002|57.31|72.80|10149
11002|57.31|72.49|10150
11019|55.98|97.21|20580
11003|56.03|79.34|30170
11003|56.03|78.38|30171
11003|56.03|77.49|30172
11003|56.83|77.49|30173
11003|56.83|79.87|30174
11003|56.83|81.18|30175
11003|56.83|83.12|30176
11003|56.03|81.67|30177
11003|57.13|81.70|30178
11002|56.11|84.06|40081
11002|56.36|84.67|40082
11002|56.41|84.34|40083
11002|56.61|84.37|40084
11002|56.11|85.90|40085
11002|57.11|85.45|40086
11002|57.71|86.11|40087
11002|57.71|85.88|40088
11002|57.71|85.64|40089
11002|57.71|84.71|40090
#group_44003_7
96.07
11011|5.63|37.92|10503
11088|5.44|25.76|21093
11002|4.97|23.86|30121
11002|5.32|24.11|30122
11002|5.67|24.88|30123
11002|6.02|25.19|30124
11002|6.37|25.49|30125
11002|6.72|25.91|30126
11002|7.07|26.19|30127
11002|7.42|26.58|30128
11002|7.77|27.24|30129
11002|8.12|27.57|30130
11008|6.60|21.21|40443
11008|6.60|20.17|40444
11008|6.60|21.96|40445
11008|6.60|21.02|40446
11003|12.11|38.04|10215
11003|12.11|38.28|10216
11003|12.11|38.94|10217
11003|12.11|38.28|10218
11003|12.11|38.43|10219
11003|12.11|38.75|10220
11003|12.11|38.79|10221
11003|12.11|40.24|10222
11003|12.11|40.38|10223
11002|12.42|31.40|20111
11002|12.42|30.99|20112
11002|12.42|30.83|20113
11002|12.42|31.32|20114
11002|12.42|31.53|20115
11002|12.42|30.92|20116
11002|11.82|32.08|20117
11002|11.82|31.38|20118
11002|11.82|32.62|20119
11002|11.82|31.85|20120
11004|11.71|32.98|30233
11004|11.71|32.48|30234
11004|11.71|32.78|30235
11004|11.71|32.46|30236
11004|11.71|32.79|30237
11004|11.71|32.67|30238
11004|11.71|33.00|30239
11004|11.71|33.06|30240
11008|11.42|30.91|40451
11008|11.42|30.05|40452
11008|11.42|29.51|40453
11008|11.42|30.13|40454
11014|19.62|43.80|10525
11009|18.88|34.92|20474
11009|18.88|33.36|20475
11009|18.88|36.51|20476
11011|18.97|45.72|30501
11019|19.30|53.38|40581
11011|24.99|51.82|10501
11003|24.49|47.82|20170
11003|24.49|46.92|20171
11003|24.49|45.99|20172
11003|25.29|46.46|20173
11003|25.29|49.41|20174
11003|25.29|51.13|20175
11003|25.29|51.65|20176
11003|24.49|49.97|20177
11003|25.59|50.23|20178
11087|25.13|45.30|31098
11002|24.63|38.72|40091
11002|24.63|38.70|40092
11002|24.63|38.21|40093
11002|24.63|38.69|40094
11002|24.63|38.71|40095
11002|24.03|40.02|40096
11002|24.03|39.72|40097
11002|24.03|39.87|40098
11002|24.43|39.81|40099
11002|24.03|39.41|40100
11003|29.64|55.57|10215
11003|29.64|55.81|10216
11003|29.64|56.47|10217
11003|29.64|55.81|10218
11003|29.64|55.96|10219
11003|29.64|56.28|10220
11003|29.64|56.32|10221
11003|29.64|57.77|10222
11003|29.64|57.91|10223
11088|30.66|50.90|21096
11008|29.56|48.31|30447
11008|29.56|50.12|30448
11008|29.56|49.61|30449
11008|29.56|49.18|30450
11087|30.72|49.40|41033
11004|36.62|55.07|10265
11004|36.62|54.17|10266
11004|36.62|55.02|10267
11004|36.62|55.51|10268
11004|36.62|56.19|10269
11004|36.62|56.00|10270
11004|36.62|55.35|10271
11004|36.62|54.40|10272
11008|36.46|65.72|20435
11008|36.46|64.83|20436
11008|36.46|57.43|20437
11008|36.46|61.40|20438
11004|36.72|54.39|30257
11004|37.32|54.87|30258
11004|37.92|55.54|30259
11004|38.52|56.21|30260
11004|39.12|56.73|30261
11004|39.72|57.34|30262
11004|40.32|57.93|30263
11004|40.92|58.49|30264
11002|37.71|56.64|40121
11002|38.06|56.95|40122
11002|38.41|57.62|40123
11002|38.76|57.94|40124
11002|39.11|58.29|40125
11002|39.46|58.68|40126
11002|39.81|59.00|40127
11002|40.16|59.38|40128
11002|40.51|60.03|40129
11002|40.86|60.30|40130
11002|43.69|62.73|10121
11002|44.04|63.20|10122
11002|44.39|63.50|10123
11002|44.74|63.97|10124
11002|45.09|64.53|10125
11002|45.44|64.67|10126
11002|45.79|65.00|10127
11002|46.14|65.58|10128
11002|46.49|66.29|10129
11002|46.84|66.37|10130
11011|44.35|80.90|20496
11009|43.51|74.85|30477
11009|43.51|74.91|30478
11009|43.51|74.63|30479
11002|44.75|58.84|40091
11002|44.75|58.82|40092
11002|44.75|58.33|40093
11002|44.75|58.81|40094
11002|44.75|58.83|40095
11002|44.15|60.14|40096
11002|44.15|59.84|40097
11002|44.15|59.99|40098
11002|44.55|59.93|40099
11002|44.15|59.53|40100
11009|49.49|65.48|10474
11009|49.49|63.90|10475
11009|49.49|67.43|10476
11003|50.57|76.56|20215
11003|50.57|76.73|20216
11003|50.57|77.37|20217
11003|50.57|76.77|20218
11003|50.57|77.02|20219
11003|50.57|77.14|20220
11003|50.57|77.22|20221
11003|50.57|78.86|20222
11003|50.57|78.95|20223
11004|49.51|64.69|30281
11004|49.51|65.00|30282
11004|49.51|65.38|30283
11004|49.51|66.21|30284
11004|49.51|66.35|30285
11004|49.51|65.11|30286
11004|49.51|65.57|30287
11004|49.51|65.30|30288
11008|50.15|79.71|40435
11008|50.15|79.34|40436
11008|50.15|71.12|40437
11008|50.15|75.16|40438
11003|57.65|81.00|10179
11003|57.65|81.45|10180
11003|57.65|80.01|10181
11003|57.65|81.96|10182
11003|57.65|80.84|10183
11003|57.65|80.06|10184
11003|57.65|84.18|10185
11003|57.65|80.71|10186
11003|57.65|81.40|10187
11088|58.03|83.25|21035
11092|57.47|95.11|31001
11014|57.21|96.07|40527
#group_44003_8
85.96
11014|5.81|29.99|10525
11002|5.41|19.39|20151
11002|5.41|18.26|20152
11002|5.41|20.07|20153
11002|5.41|20.74|20154
11002|5.41|18.66|20155
11002|5.41|19.37|20156
11002|5.41|19.33|20157
11002|5.41|19.06|20158
11002|5.41|20.24|20159
11002|5.41|18.05|20160
11088|5.29|30.40|31035
11014|6.07|48.31|40529
11088|12.00|37.21|11035
11087|13.37|31.89|21032
11008|12.18|30.93|30447
11008|12.18|32.74|30448
11008|12.18|32.23|30449
11008|12.18|31.80|30450
11092|13.14|36.48|41091
11011|20.31|47.14|10501
11009|19.94|42.68|20459
11009|19.94|44.76|20460
11009|19.94|45.96|20461
11004|19.56|40.88|30297
11004|19.56|41.05|30298
11004|19.56|41.68|30299
11004|19.56|41.80|30300
11004|19.56|41.19|30301
11004|19.56|40.62|30302
11004|19.56|39.95|30303
11004|19.56|42.66|30304
11003|20.90|46.89|40215
11003|20.90|47.10|40216
11003|20.90|47.75|40217
11003|20.90|47.02|40218
11003|20.90|47.25|40219
11003|20.90|47.51|40220
11003|20.90|47.52|40221
11003|20.90|49.24|40222
11003|20.90|49.31|40223
11003|27.01|42.69|10188
11003|27.01|42.19|10189
11003|27.01|42.75|10190
11003|27.01|43.28|10191
11003|27.01|42.44|10192
11003|27.01|43.38|10193
11003|27.01|42.52|10194
11003|27.01|42.34|10195
11003|27.01|43.16|10196
11002|25.78|41.34|20131
11002|25.78|36.26|20132
11002|25.78|39.78|20133
11002|25.78|40.55|20134
11002|25.78|39.33|20135
11002|25.78|38.68|20136
11002|25.78|39.80|20137
11002|25.78|40.27|20138
11002|25.78|39.34|20139
11002|25.78|38.40|20140
11003|26.85|42.50|30188
11003|26.85|42.06|30189
11003|26.85|42.54|30190
11003|26.85|42.98|30191
11003|26.85|42.26|30192
11003|26.85|43.34|30193
11003|26.85|42.43|30194
11003|26.85|42.15|30195
11003|26.85|43.01|30196
11087|26.45|42.59|41099
11011|32.93|65.22|10503
11019|33.28|68.89|20579
11019|31.97|67.19|30576
11008|31.62|50.41|40439
11008|31.62|50.59|40440
11008|31.62|50.20|40441
11008|31.62|50.78|40442
11009|38.03|60.00|10471
11009|38.03|59.26|10472
11009|38.03|60.39|10473
11008|39.00|58.24|20431
11008|39.00|58.35|20432
11008|39.00|59.78|20433
11008|39.00|58.33|20434
11008|39.15|57.86|30439
11008|39.15|57.92|30440
11008|39.15|57.70|30441
11008|39.15|58.74|30442
11009|37.57|56.51|40462
11009|38.77|57.63|40463
11009|39.97|58.92|40464
11011|45.24|73.49|10495
11003|45.20|69.49|20206
11003|45.20|69.61|20207
11003|45.20|69.32|20208
11003|45.20|69.46|20209
11003|45.20|69.37|20210
11003|46.70|69.06|20211
11003|46.70|68.99|20212
11003|46.70|69.68|20213
11003|46.70|69.04|20214
11011|46.65|74.68|30495
11002|45.44|60.70|40131
11002|45.44|61.03|40132
11002|45.44|59.35|40133
11002|45.44|60.43|40134
11002|45.44|58.78|40135
11002|45.44|58.37|40136
11002|45.44|59.72|40137
11002|45.44|60.25|40138
11002|45.44|58.83|40139
11002|45.44|58.31|40140
11002|53.41|67.59|10151
11002|53.41|65.82|10152
11002|53.41|68.17|10153
11002|53.41|68.67|10154
11002|53.41|66.34|10155
11002|53.41|67.31|10156
11002|53.41|67.37|10157
11002|53.41|66.93|10158
11002|53.41|68.26|10159
11002|53.41|65.95|10160
11014|52.18|74.02|20531
11019|52.49|85.96|30574
11002|51.85|71.80|40101
11002|51.85|70.82|40102
11002|51.85|71.20|40103
11002|51.85|71.54|40104
11002|51.85|70.66|40105
11002|51.85|71.81|40106
11002|51.85|68.50|40107
11002|51.85|71.41|40108
11002|51.85|70.04|40109
11002|51.85|70.51|40110
11004|58.82|79.96|10241
11004|58.82|79.72|10242
11004|58.82|79.03|10243
11004|58.82|79.24|10244
11004|58.82|80.28|10245
11004|58.82|80.82|10246
11004|58.82|81.69|10247
11004|58.82|81.79|10248
11003|58.51|80.40|20197
11003|58.51|80.67|20198
11003|58.51|80.02|20199
11003|58.51|80.73|20200
11003|58.51|80.53|20201
11003|58.51|79.43|20202
11003|58.51|79.84|20203
11003|58.51|79.51|20204
11003|58.51|79.33|20205
11009|58.24|80.11|30471
11009|58.24|79.36|30472
11009|58.24|80.37|30473
11087|58.70|75.00|41097
#group_44003_9
87.74
11003|6.55|30.87|10206
11003|6.55|31.19|10207
11003|6.55|30.83|10208
11003|6.55|30.83|10209
11003|6.55|30.74|10210
11003|8.05|30.78|10211
11003|8.05|30.98|10212
11003|8.05|31.29|10213
11003|8.05|30.55|10214
11004|5.98|23.65|20257
11004|6.58|24.19|20258
11004|7.18|24.83|20259
11004|7.78|25.39|20260
11004|8.38|25.99|20261
11004|8.98|26.64|20262
11004|9.58|27.21|20263
11004|10.18|27.84|20264
11011|6.26|31.67|30497
11087|5.65|24.38|41032
11004|12.20|27.34|10281
11004|12.20|27.42|10282
11004|12.20|28.18|10283
11004|12.20|28.85|10284
11004|12.20|28.95|10285
11004|12.20|27.77|10286
11004|12.20|28.51|10287
11004|12.20|28.01|10288
11011|11.32|38.15|20501
11011|10.87|55.62|30500
11003|11.22|34.54|40170
11003|11.22|33.69|40171
11003|11.22|32.71|40172
11003|12.02|32.80|40173
11003|12.02|35.35|40174
11003|12.02|36.40|40175
11003|12.02|38.44|40176
11003|11.22|36.76|40177
11003|12.32|36.89|40178
11009|19.93|50.80|10468
11009|19.93|47.58|10469
11009|19.93|51.69|10470
11009|19.72|38.68|20462
11009|20.92|39.82|20463
11009|22.12|41.07|20464
11008|19.45|34.10|30443
11008|19.45|33.03|30444
11008|19.45|34.85|30445
11008|19.45|33.91|30446
11009|19.25|41.09|40471
11009|19.25|40.42|40472
11009|19.25|41.27|40473
11002|25.62|39.80|10151
11002|25.62|38.03|10152
11002|25.62|40.38|10153
11002|25.62|40.88|10154
11002|25.62|38.55|10155
11002|25.62|39.52|10156
11002|25.62|39.58|10157
11002|25.62|39.14|10158
11002|25.62|40.47|10159
11002|25.62|38.16|10160
11002|26.16|40.46|20091
11002|26.16|40.31|20092
11002|26.16|39.74|20093
11002|26.16|40.27|20094
11002|26.16|40.30|20095
11002|25.56|41.45|20096
11002|25.56|41.33|20097
11002|25.56|41.25|20098
11002|25.96|41.25|20099
11002|25.56|40.88|20100
11011|24.57|52.60|30495
11002|24.13|44.08|40101
11002|24.13|43.10|40102
11002|24.13|43.48|40103
11002|24.13|43.82|40104
11002|24.13|42.94|40105
11002|24.13|44.09|40106
11002|24.13|40.78|40107
11002|24.13|43.69|40108
11002|24.13|42.32|40109
11002|24.13|42.79|40110
11019|31.40|69.91|10583
11002|31.52|47.08|20131
11002|31.52|42.00|20132
11002|31.52|45.52|20133
11002|31.52|46.29|20134
11002|31.52|45.07|20135
11002|31.52|44.42|20136
11002|31.52|45.54|20137
11002|31.52|46.01|20138
11002|31.52|45.08|20139
11002|31.52|44.14|20140
11087|30.91|49.72|31100
11092|31.80|69.39|41001
11092|37.66|75.40|11001
11002|38.29|53.85|20131
11002|38.29|48.77|20132
11002|38.29|52.29|20133
11002|38.29|53.06|20134
11002|38.29|51.84|20135
11002|38.29|51.19|20136
11002|38.29|52.31|20137
11002|38.29|52.78|20138
11002|38.29|51.85|20139
11002|38.29|50.91|20140
11088|37.73|61.15|31094
11008|37.28|66.84|40435
11008|37.28|66.47|40436
11008|37.28|58.25|40437
11008|37.28|62.29|40438
11014|44.49|68.67|10525
11011|45.00|81.55|20496
11011|44.40|72.43|30495
11009|44.23|68.43|40465
11009|44.23|72.90|40466
11009|44.23|59.81|40467
11004|51.67|66.79|10273
11004|51.67|67.05|10274
11004|51.67|67.55|10275
11004|51.67|67.25|10276
11004|51.67|67.39|10277
11004|51.67|67.92|10278
11004|51.67|67.59|10279
11004|51.67|67.89|10280
11004|51.73|71.30|20289
11004|51.73|72.86|20290
11004|51.73|69.69|20291
11004|51.73|67.89|20292
11004|51.73|70.86|20293
11004|51.73|71.05|20294
11004|51.73|69.14|20295
11004|51.73|71.00|20296
11008|52.21|71.72|30451
11008|52.21|70.95|30452
11008|52.21|70.31|30453
11008|52.21|70.98|30454
11008|51.60|70.26|40447
11008|51.60|72.06|40448
11008|51.60|71.61|40449
11008|51.60|71.49|40450
11014|59.41|87.01|10524
11002|59.22|78.20|20111
11002|59.22|77.79|20112
11002|59.22|77.63|20113
11002|59.22|78.12|20114
11002|59.22|78.33|20115
11002|59.22|77.72|20116
11002|58.62|78.88|20117
11002|58.62|78.18|20118
11002|58.62|79.42|20119
11002|58.62|78.65|20120
11014|58.91|86.76|30524
11014|58.99|87.74|40526
