#platter_76217_1
30.00
76217|0.00|30.00|1008561
#platter_76217_10
30.00
76217|0.00|30.00|1008542
#platter_76217_11
30.00
76217|0.00|30.00|1008543
#platter_76217_12
30.00
76217|0.00|30.00|1008544
#platter_76217_13
30.00
76217|0.00|30.00|1008531
#platter_76217_14
30.00
76217|0.00|30.00|1008532
#platter_76217_15
30.00
76217|0.00|30.00|1008533
#platter_76217_16
30.00
76217|0.00|30.00|1008534
#platter_76217_17
30.00
76217|0.00|30.00|1008521
#platter_76217_18
30.00
76217|0.00|30.00|1008522
#platter_76217_19
30.00
76217|0.00|30.00|1008523
#platter_76217_2
30.00
76217|0.00|30.00|1008562
#platter_76217_20
30.00
76217|0.00|30.00|1008524
#platter_76217_21
30.00
76217|0.00|30.00|1008511
#platter_76217_22
30.00
76217|0.00|30.00|1008512
#platter_76217_23
30.00
76217|0.00|30.00|1008513
#platter_76217_24
30.00
76217|0.00|30.00|1008514
#platter_76217_25
30.00
76217|0.00|30.00|1008501
#platter_76217_26
30.00
76217|0.00|30.00|1008502
#platter_76217_27
30.00
76217|0.00|30.00|1008503
#platter_76217_28
30.00
76217|0.00|30.00|1008504
#platter_76217_29
30.00
76217|0.00|30.00|1008491
#platter_76217_3
30.00
76217|0.00|30.00|1008563
#platter_76217_30
30.00
76217|0.00|30.00|1008492
#platter_76217_31
30.00
76217|0.00|30.00|1008493
#platter_76217_32
30.00
76217|0.00|30.00|1008494
#platter_76217_4
30.00
76217|0.00|30.00|1008564
#platter_76217_5
30.00
76217|0.00|30.00|1008551
#platter_76217_6
30.00
76217|0.00|30.00|1008552
#platter_76217_7
30.00
76217|0.00|30.00|1008553
#platter_76217_8
30.00
76217|0.00|30.00|1008554
#platter_76217_9
30.00
76217|0.00|30.00|1008541
#platter_76218_1
30.00
76218|0.00|30.00|1008641
#platter_76218_10
30.00
76218|0.00|30.00|1008622
#platter_76218_11
30.00
76218|0.00|30.00|1008623
#platter_76218_12
30.00
76218|0.00|30.00|1008624
#platter_76218_13
30.00
76218|0.00|30.00|1008611
#platter_76218_14
30.00
76218|0.00|30.00|1008612
#platter_76218_15
30.00
76218|0.00|30.00|1008613
#platter_76218_16
30.00
76218|0.00|30.00|1008614
#platter_76218_17
30.00
76218|0.00|30.00|1008601
#platter_76218_18
30.00
76218|0.00|30.00|1008602
#platter_76218_19
30.00
76218|0.00|30.00|1008603
#platter_76218_2
30.00
76218|0.00|30.00|1008642
#platter_76218_20
30.00
76218|0.00|30.00|1008604
#platter_76218_21
30.00
76218|0.00|30.00|1008591
#platter_76218_22
30.00
76218|0.00|30.00|1008592
#platter_76218_23
30.00
76218|0.00|30.00|1008593
#platter_76218_24
30.00
76218|0.00|30.00|1008594
#platter_76218_25
30.00
76218|0.00|30.00|1008581
#platter_76218_26
30.00
76218|0.00|30.00|1008582
#platter_76218_27
30.00
76218|0.00|30.00|1008583
#platter_76218_28
30.00
76218|0.00|30.00|1008584
#platter_76218_29
30.00
76218|0.00|30.00|1008571
#platter_76218_3
30.00
76218|0.00|30.00|1008643
#platter_76218_30
30.00
76218|0.00|30.00|1008572
#platter_76218_31
30.00
76218|0.00|30.00|1008573
#platter_76218_32
30.00
76218|0.00|30.00|1008574
#platter_76218_4
30.00
76218|0.00|30.00|1008644
#platter_76218_5
30.00
76218|0.00|30.00|1008631
#platter_76218_6
30.00
76218|0.00|30.00|1008632
#platter_76218_7
30.00
76218|0.00|30.00|1008633
#platter_76218_8
30.00
76218|0.00|30.00|1008634
#platter_76218_9
30.00
76218|0.00|30.00|1008621
#platter_76219_1
30.00
76219|0.00|30.00|1008721
#platter_76219_10
30.00
76219|0.00|30.00|1008702
#platter_76219_11
30.00
76219|0.00|30.00|1008703
#platter_76219_12
30.00
76219|0.00|30.00|1008704
#platter_76219_13
30.00
76219|0.00|30.00|1008691
#platter_76219_14
30.00
76219|0.00|30.00|1008692
#platter_76219_15
30.00
76219|0.00|30.00|1008693
#platter_76219_16
30.00
76219|0.00|30.00|1008694
#platter_76219_17
30.00
76219|0.00|30.00|1008681
#platter_76219_18
30.00
76219|0.00|30.00|1008682
#platter_76219_19
30.00
76219|0.00|30.00|1008683
#platter_76219_2
30.00
76219|0.00|30.00|1008722
#platter_76219_20
30.00
76219|0.00|30.00|1008684
#platter_76219_21
30.00
76219|0.00|30.00|1008671
#platter_76219_22
30.00
76219|0.00|30.00|1008672
#platter_76219_23
30.00
76219|0.00|30.00|1008673
#platter_76219_24
30.00
76219|0.00|30.00|1008674
#platter_76219_25
30.00
76219|0.00|30.00|1008661
#platter_76219_26
30.00
76219|0.00|30.00|1008662
#platter_76219_27
30.00
76219|0.00|30.00|1008663
#platter_76219_28
30.00
76219|0.00|30.00|1008664
#platter_76219_29
30.00
76219|0.00|30.00|1008651
#platter_76219_3
30.00
76219|0.00|30.00|1008723
#platter_76219_30
30.00
76219|0.00|30.00|1008652
#platter_76219_31
30.00
76219|0.00|30.00|1008653
#platter_76219_32
30.00
76219|0.00|30.00|1008654
#platter_76219_4
30.00
76219|0.00|30.00|1008724
#platter_76219_5
30.00
76219|0.00|30.00|1008711
#platter_76219_6
30.00
76219|0.00|30.00|1008712
#platter_76219_7
30.00
76219|0.00|30.00|1008713
#platter_76219_8
30.00
76219|0.00|30.00|1008714
#platter_76219_9
30.00
76219|0.00|30.00|1008701
#platter_76220_1
30.00
76220|0.00|30.00|1008801
#platter_76220_10
30.00
76220|0.00|30.00|1008782
#platter_76220_11
30.00
76220|0.00|30.00|1008783
#platter_76220_12
30.00
76220|0.00|30.00|1008784
#platter_76220_13
30.00
76220|0.00|30.00|1008771
#platter_76220_14
30.00
76220|0.00|30.00|1008772
#platter_76220_15
30.00
76220|0.00|30.00|1008773
#platter_76220_16
30.00
76220|0.00|30.00|1008774
#platter_76220_17
30.00
76220|0.00|30.00|1008761
#platter_76220_18
30.00
76220|0.00|30.00|1008762
#platter_76220_19
30.00
76220|0.00|30.00|1008763
#platter_76220_2
30.00
76220|0.00|30.00|1008802
#platter_76220_20
30.00
76220|0.00|30.00|1008764
#platter_76220_21
30.00
76220|0.00|30.00|1008751
#platter_76220_22
30.00
76220|0.00|30.00|1008752
#platter_76220_23
30.00
76220|0.00|30.00|1008753
#platter_76220_24
30.00
76220|0.00|30.00|1008754
#platter_76220_25
30.00
76220|0.00|30.00|1008741
#platter_76220_26
30.00
76220|0.00|30.00|1008742
#platter_76220_27
30.00
76220|0.00|30.00|1008743
#platter_76220_28
30.00
76220|0.00|30.00|1008744
#platter_76220_29
30.00
76220|0.00|30.00|1008731
#platter_76220_3
30.00
76220|0.00|30.00|1008803
#platter_76220_30
30.00
76220|0.00|30.00|1008732
#platter_76220_31
30.00
76220|0.00|30.00|1008733
#platter_76220_32
30.00
76220|0.00|30.00|1008734
#platter_76220_4
30.00
76220|0.00|30.00|1008804
#platter_76220_5
30.00
76220|0.00|30.00|1008791
#platter_76220_6
30.00
76220|0.00|30.00|1008792
#platter_76220_7
30.00
76220|0.00|30.00|1008793
#platter_76220_8
30.00
76220|0.00|30.00|1008794
#platter_76220_9
30.00
76220|0.00|30.00|1008781
#platter_76221_1
30.00
76221|0.00|30.00|1008871
#platter_76221_10
30.00
76221|0.00|30.00|1008852
#platter_76221_11
30.00
76221|0.00|30.00|1008853
#platter_76221_12
30.00
76221|0.00|30.00|1008854
#platter_76221_13
30.00
76221|0.00|30.00|1008841
#platter_76221_14
30.00
76221|0.00|30.00|1008842
#platter_76221_15
30.00
76221|0.00|30.00|1008843
#platter_76221_16
30.00
76221|0.00|30.00|1008844
#platter_76221_17
30.00
76221|0.00|30.00|1008831
#platter_76221_18
30.00
76221|0.00|30.00|1008832
#platter_76221_19
30.00
76221|0.00|30.00|1008833
#platter_76221_2
30.00
76221|0.00|30.00|1008872
#platter_76221_20
30.00
76221|0.00|30.00|1008834
#platter_76221_21
30.00
76221|0.00|30.00|1008821
#platter_76221_22
30.00
76221|0.00|30.00|1008822
#platter_76221_23
30.00
76221|0.00|30.00|1008823
#platter_76221_24
30.00
76221|0.00|30.00|1008824
#platter_76221_25
30.00
76221|0.00|30.00|1008811
#platter_76221_26
30.00
76221|0.00|30.00|1008812
#platter_76221_27
30.00
76221|0.00|30.00|1008813
#platter_76221_28
30.00
76221|0.00|30.00|1008814
#platter_76221_3
30.00
76221|0.00|30.00|1008873
#platter_76221_4
30.00
76221|0.00|30.00|1008874
#platter_76221_5
30.00
76221|0.00|30.00|1008861
#platter_76221_6
30.00
76221|0.00|30.00|1008862
#platter_76221_7
30.00
76221|0.00|30.00|1008863
#platter_76221_8
30.00
76221|0.00|30.00|1008864
#platter_76221_9
30.00
76221|0.00|30.00|1008851
#platter_76222_1
30.00
76222|0.00|30.00|1008941
#platter_76222_10
30.00
76222|0.00|30.00|1008922
#platter_76222_11
30.00
76222|0.00|30.00|1008923
#platter_76222_12
30.00
76222|0.00|30.00|1008924
#platter_76222_13
30.00
76222|0.00|30.00|1008911
#platter_76222_14
30.00
76222|0.00|30.00|1008912
#platter_76222_15
30.00
76222|0.00|30.00|1008913
#platter_76222_16
30.00
76222|0.00|30.00|1008914
#platter_76222_17
30.00
76222|0.00|30.00|1008901
#platter_76222_18
30.00
76222|0.00|30.00|1008902
#platter_76222_19
30.00
76222|0.00|30.00|1008903
#platter_76222_2
30.00
76222|0.00|30.00|1008942
#platter_76222_20
30.00
76222|0.00|30.00|1008904
#platter_76222_21
30.00
76222|0.00|30.00|1008891
#platter_76222_22
30.00
76222|0.00|30.00|1008892
#platter_76222_23
30.00
76222|0.00|30.00|1008893
#platter_76222_24
30.00
76222|0.00|30.00|1008894
#platter_76222_25
30.00
76222|0.00|30.00|1008881
#platter_76222_26
30.00
76222|0.00|30.00|1008882
#platter_76222_27
30.00
76222|0.00|30.00|1008883
#platter_76222_28
30.00
76222|0.00|30.00|1008884
#platter_76222_3
30.00
76222|0.00|30.00|1008943
#platter_76222_4
30.00
76222|0.00|30.00|1008944
#platter_76222_5
30.00
76222|0.00|30.00|1008931
#platter_76222_6
30.00
76222|0.00|30.00|1008932
#platter_76222_7
30.00
76222|0.00|30.00|1008933
#platter_76222_8
30.00
76222|0.00|30.00|1008934
#platter_76222_9
30.00
76222|0.00|30.00|1008921
#platter_76223_1
30.00
76223|0.00|30.00|1009021
#platter_76223_10
30.00
76223|0.00|30.00|1009002
#platter_76223_11
30.00
76223|0.00|30.00|1009003
#platter_76223_12
30.00
76223|0.00|30.00|1009004
#platter_76223_13
30.00
76223|0.00|30.00|1008991
#platter_76223_14
30.00
76223|0.00|30.00|1008992
#platter_76223_15
30.00
76223|0.00|30.00|1008993
#platter_76223_16
30.00
76223|0.00|30.00|1008994
#platter_76223_17
30.00
76223|0.00|30.00|1008981
#platter_76223_18
30.00
76223|0.00|30.00|1008982
#platter_76223_19
30.00
76223|0.00|30.00|1008983
#platter_76223_2
30.00
76223|0.00|30.00|1009022
#platter_76223_20
30.00
76223|0.00|30.00|1008984
#platter_76223_21
30.00
76223|0.00|30.00|1008971
#platter_76223_22
30.00
76223|0.00|30.00|1008972
#platter_76223_23
30.00
76223|0.00|30.00|1008973
#platter_76223_24
30.00
76223|0.00|30.00|1008974
#platter_76223_25
30.00
76223|0.00|30.00|1008961
#platter_76223_26
30.00
76223|0.00|30.00|1008962
#platter_76223_27
30.00
76223|0.00|30.00|1008963
#platter_76223_28
30.00
76223|0.00|30.00|1008964
#platter_76223_29
30.00
76223|0.00|30.00|1008951
#platter_76223_3
30.00
76223|0.00|30.00|1009023
#platter_76223_30
30.00
76223|0.00|30.00|1008952
#platter_76223_31
30.00
76223|0.00|30.00|1008953
#platter_76223_32
30.00
76223|0.00|30.00|1008954
#platter_76223_4
30.00
76223|0.00|30.00|1009024
#platter_76223_5
30.00
76223|0.00|30.00|1009011
#platter_76223_6
30.00
76223|0.00|30.00|1009012
#platter_76223_7
30.00
76223|0.00|30.00|1009013
#platter_76223_8
30.00
76223|0.00|30.00|1009014
#platter_76223_9
30.00
76223|0.00|30.00|1009001
#platter_76224_1
30.00
76224|0.00|30.00|1009091
#platter_76224_10
30.00
76224|0.00|30.00|1009072
#platter_76224_11
30.00
76224|0.00|30.00|1009073
#platter_76224_12
30.00
76224|0.00|30.00|1009074
#platter_76224_13
30.00
76224|0.00|30.00|1009061
#platter_76224_14
30.00
76224|0.00|30.00|1009062
#platter_76224_15
30.00
76224|0.00|30.00|1009063
#platter_76224_16
30.00
76224|0.00|30.00|1009064
#platter_76224_17
30.00
76224|0.00|30.00|1009051
#platter_76224_18
30.00
76224|0.00|30.00|1009052
#platter_76224_19
30.00
76224|0.00|30.00|1009053
#platter_76224_2
30.00
76224|0.00|30.00|1009092
#platter_76224_20
30.00
76224|0.00|30.00|1009054
#platter_76224_21
30.00
76224|0.00|30.00|1009041
#platter_76224_22
30.00
76224|0.00|30.00|1009042
#platter_76224_23
30.00
76224|0.00|30.00|1009043
#platter_76224_24
30.00
76224|0.00|30.00|1009044
#platter_76224_25
30.00
76224|0.00|30.00|1009031
#platter_76224_26
30.00
76224|0.00|30.00|1009032
#platter_76224_27
30.00
76224|0.00|30.00|1009033
#platter_76224_28
30.00
76224|0.00|30.00|1009034
#platter_76224_3
30.00
76224|0.00|30.00|1009093
#platter_76224_4
30.00
76224|0.00|30.00|1009094
#platter_76224_5
30.00
76224|0.00|30.00|1009081
#platter_76224_6
30.00
76224|0.00|30.00|1009082
#platter_76224_7
30.00
76224|0.00|30.00|1009083
#platter_76224_8
30.00
76224|0.00|30.00|1009084
#platter_76224_9
30.00
76224|0.00|30.00|1009071
#platter_76225_1
36.00
76225|0.00|36.00|1009161
#platter_76225_10
36.00
76225|0.00|36.00|1009142
#platter_76225_11
36.00
76225|0.00|36.00|1009143
#platter_76225_12
36.00
76225|0.00|36.00|1009144
#platter_76225_13
36.00
76225|0.00|36.00|1009131
#platter_76225_14
36.00
76225|0.00|36.00|1009132
#platter_76225_15
36.00
76225|0.00|36.00|1009133
#platter_76225_16
36.00
76225|0.00|36.00|1009134
#platter_76225_17
36.00
76225|0.00|36.00|1009121
#platter_76225_18
36.00
76225|0.00|36.00|1009122
#platter_76225_19
36.00
76225|0.00|36.00|1009123
#platter_76225_2
36.00
76225|0.00|36.00|1009162
#platter_76225_20
36.00
76225|0.00|36.00|1009124
#platter_76225_21
36.00
76225|0.00|36.00|1009111
#platter_76225_22
36.00
76225|0.00|36.00|1009112
#platter_76225_23
36.00
76225|0.00|36.00|1009113
#platter_76225_24
36.00
76225|0.00|36.00|1009114
#platter_76225_25
36.00
76225|0.00|36.00|1009101
#platter_76225_26
36.00
76225|0.00|36.00|1009102
#platter_76225_27
36.00
76225|0.00|36.00|1009103
#platter_76225_28
36.00
76225|0.00|36.00|1009104
#platter_76225_3
36.00
76225|0.00|36.00|1009163
#platter_76225_4
36.00
76225|0.00|36.00|1009164
#platter_76225_5
36.00
76225|0.00|36.00|1009151
#platter_76225_6
36.00
76225|0.00|36.00|1009152
#platter_76225_7
36.00
76225|0.00|36.00|1009153
#platter_76225_8
36.00
76225|0.00|36.00|1009154
#platter_76225_9
36.00
76225|0.00|36.00|1009141
#platter_76226_1
42.00
76226|0.00|42.00|1009221
#platter_76226_10
42.00
76226|0.00|42.00|1009202
#platter_76226_11
42.00
76226|0.00|42.00|1009203
#platter_76226_12
42.00
76226|0.00|42.00|1009204
#platter_76226_13
42.00
76226|0.00|42.00|1009191
#platter_76226_14
42.00
76226|0.00|42.00|1009192
#platter_76226_15
42.00
76226|0.00|42.00|1009193
#platter_76226_16
42.00
76226|0.00|42.00|1009194
#platter_76226_17
42.00
76226|0.00|42.00|1009181
#platter_76226_18
42.00
76226|0.00|42.00|1009182
#platter_76226_19
42.00
76226|0.00|42.00|1009183
#platter_76226_2
42.00
76226|0.00|42.00|1009222
#platter_76226_20
42.00
76226|0.00|42.00|1009184
#platter_76226_21
42.00
76226|0.00|42.00|1009171
#platter_76226_22
42.00
76226|0.00|42.00|1009172
#platter_76226_23
42.00
76226|0.00|42.00|1009173
#platter_76226_24
42.00
76226|0.00|42.00|1009174
#platter_76226_3
42.00
76226|0.00|42.00|1009223
#platter_76226_4
42.00
76226|0.00|42.00|1009224
#platter_76226_5
42.00
76226|0.00|42.00|1009211
#platter_76226_6
42.00
76226|0.00|42.00|1009212
#platter_76226_7
42.00
76226|0.00|42.00|1009213
#platter_76226_8
42.00
76226|0.00|42.00|1009214
#platter_76226_9
42.00
76226|0.00|42.00|1009201
#platter_76227_1
42.00
76227|0.00|42.00|1009281
#platter_76227_10
42.00
76227|0.00|42.00|1009262
#platter_76227_11
42.00
76227|0.00|42.00|1009263
#platter_76227_12
42.00
76227|0.00|42.00|1009264
#platter_76227_13
42.00
76227|0.00|42.00|1009251
#platter_76227_14
42.00
76227|0.00|42.00|1009252
#platter_76227_15
42.00
76227|0.00|42.00|1009253
#platter_76227_16
42.00
76227|0.00|42.00|1009254
#platter_76227_17
42.00
76227|0.00|42.00|1009241
#platter_76227_18
42.00
76227|0.00|42.00|1009242
#platter_76227_19
42.00
76227|0.00|42.00|1009243
#platter_76227_2
42.00
76227|0.00|42.00|1009282
#platter_76227_20
42.00
76227|0.00|42.00|1009244
#platter_76227_21
42.00
76227|0.00|42.00|1009231
#platter_76227_22
42.00
76227|0.00|42.00|1009232
#platter_76227_23
42.00
76227|0.00|42.00|1009233
#platter_76227_24
42.00
76227|0.00|42.00|1009234
#platter_76227_3
42.00
76227|0.00|42.00|1009283
#platter_76227_4
42.00
76227|0.00|42.00|1009284
#platter_76227_5
42.00
76227|0.00|42.00|1009271
#platter_76227_6
42.00
76227|0.00|42.00|1009272
#platter_76227_7
42.00
76227|0.00|42.00|1009273
#platter_76227_8
42.00
76227|0.00|42.00|1009274
#platter_76227_9
42.00
76227|0.00|42.00|1009261
