#rainbow_44003_1
19.84
55104|0.00|17.84|510703
55106|1.00|18.84|510703
55104|2.00|19.84|510703
55104|1.00|18.73|510704
55104|1.00|18.95|510705
#rainbow_44003_10
26.22
55102|0.00|20.22|520733
55102|1.00|21.22|520733
55102|2.00|22.22|520733
55102|3.00|23.22|520733
55102|4.00|24.22|520733
55102|5.00|25.22|520733
55102|6.00|26.22|520733
55103|0.00|20.02|520734
55103|1.00|21.02|520734
55103|2.00|22.02|520734
55103|3.00|23.02|520734
55103|4.00|24.02|520734
55103|5.00|25.02|520734
55103|6.00|26.02|520734
#rainbow_44003_11
26.35
55102|0.00|20.35|530733
55102|1.00|21.35|530733
55102|2.00|22.35|530733
55102|3.00|23.35|530733
55102|4.00|24.35|530733
55102|5.00|25.35|530733
55102|6.00|26.35|530733
55103|0.00|20.04|530734
55103|1.00|21.04|530734
55103|2.00|22.04|530734
55103|3.00|23.04|530734
55103|4.00|24.04|530734
55103|5.00|25.04|530734
55103|6.00|26.04|530734
#rainbow_44003_12
26.19
55102|0.00|20.19|540733
55102|1.00|21.19|540733
55102|2.00|22.19|540733
55102|3.00|23.19|540733
55102|4.00|24.19|540733
55102|5.00|25.19|540733
55102|6.00|26.19|540733
55103|0.00|20.00|540734
55103|1.00|21.00|540734
55103|2.00|22.00|540734
55103|3.00|23.00|540734
55103|4.00|24.00|540734
55103|5.00|25.00|540734
55103|6.00|26.00|540734
#rainbow_44003_13
34.76
55103|0.00|30.76|510748
55103|0.40|31.16|510750
55103|0.40|31.07|510752
55103|2.00|32.76|510748
55103|2.00|32.80|510749
55103|2.00|32.52|510751
55103|3.60|34.36|510750
55103|3.60|34.27|510752
55103|4.00|34.76|510748
#rainbow_44003_14
34.72
55103|0.00|30.72|520748
55103|0.40|31.16|520750
55103|0.40|31.11|520752
55103|2.00|32.72|520748
55103|2.00|32.72|520749
55103|2.00|32.72|520751
55103|3.60|34.36|520750
55103|3.60|34.31|520752
55103|4.00|34.72|520748
#rainbow_44003_15
34.76
55103|0.00|30.76|530748
55103|0.40|31.12|530750
55103|0.40|31.15|530752
55103|2.00|32.76|530748
55103|2.00|32.68|530749
55103|2.00|32.76|530751
55103|3.60|34.32|530750
55103|3.60|34.35|530752
55103|4.00|34.76|530748
#rainbow_44003_16
34.76
55103|0.00|30.76|540748
55103|0.40|31.12|540750
55103|0.40|31.23|540752
55103|2.00|32.76|540748
55103|2.00|32.64|540749
55103|2.00|32.76|540751
55103|3.60|34.32|540750
55103|3.60|34.43|540752
55103|4.00|34.76|540748
#rainbow_44003_17
18.41
55103|0.00|15.41|510768
55103|1.00|16.41|510768
55103|2.00|17.41|510768
55103|3.00|18.41|510768
11005|0.50|15.91|510767
11005|1.50|16.91|510767
11005|2.50|17.91|510767
55103|1.00|16.47|510766
55103|2.00|17.47|510766
55103|0.00|15.37|510771
55103|1.00|16.37|510771
55103|2.00|17.37|510771
55103|3.00|18.37|510771
11005|0.50|15.89|510770
11005|1.50|16.89|510770
11005|2.50|17.89|510770
55103|1.00|16.41|510769
55103|2.00|17.41|510769
#rainbow_44003_18
18.41
55103|0.00|15.41|520768
55103|1.00|16.41|520768
55103|2.00|17.41|520768
55103|3.00|18.41|520768
11005|0.50|15.89|520767
11005|1.50|16.89|520767
11005|2.50|17.89|520767
55103|1.00|16.43|520766
55103|2.00|17.43|520766
55103|0.00|15.41|520771
55103|1.00|16.41|520771
55103|2.00|17.41|520771
55103|3.00|18.41|520771
11005|0.50|15.87|520770
11005|1.50|16.87|520770
11005|2.50|17.87|520770
55103|1.00|16.39|520769
55103|2.00|17.39|520769
#rainbow_44003_19
18.39
55103|0.00|15.39|530768
55103|1.00|16.39|530768
55103|2.00|17.39|530768
55103|3.00|18.39|530768
11005|0.50|15.87|530767
11005|1.50|16.87|530767
11005|2.50|17.87|530767
55103|1.00|16.41|530766
55103|2.00|17.41|530766
55103|0.00|15.37|530771
55103|1.00|16.37|530771
55103|2.00|17.37|530771
55103|3.00|18.37|530771
11005|0.50|15.87|530770
11005|1.50|16.87|530770
11005|2.50|17.87|530770
55103|1.00|16.43|530769
55103|2.00|17.43|530769
#rainbow_44003_2
19.71
55104|0.00|17.71|520703
55106|1.00|18.71|520703
55104|2.00|19.71|520703
55104|1.00|18.74|520704
55104|1.00|18.85|520705
#rainbow_44003_20
18.41
55103|0.00|15.41|540768
55103|1.00|16.41|540768
55103|2.00|17.41|540768
55103|3.00|18.41|540768
11005|0.50|15.89|540767
11005|1.50|16.89|540767
11005|2.50|17.89|540767
55103|1.00|16.43|540766
55103|2.00|17.43|540766
55103|0.00|15.41|540771
55103|1.00|16.41|540771
55103|2.00|17.41|540771
55103|3.00|18.41|540771
11005|0.50|15.93|540770
11005|1.50|16.93|540770
11005|2.50|17.93|540770
55103|1.00|16.45|540769
55103|2.00|17.45|540769
#rainbow_44003_21
21.23
55106|1.00|18.64|510727
11007|0.00|17.23|510728
11007|0.00|17.05|510729
11007|2.00|19.08|510730
11007|2.00|19.08|510731
55106|3.00|20.64|510727
11007|4.00|21.23|510728
11007|4.00|21.05|510729
#rainbow_44003_22
21.42
55106|1.00|18.56|520727
11007|0.00|17.42|520728
11007|0.00|17.11|520729
11007|2.00|19.26|520730
11007|2.00|19.07|520731
55106|3.00|20.56|520727
11007|4.00|21.42|520728
11007|4.00|21.11|520729
#rainbow_44003_23
21.05
55106|1.00|18.54|530727
11007|0.00|17.05|530728
11007|0.00|16.92|530729
11007|2.00|19.13|530730
11007|2.00|18.92|530731
55106|3.00|20.54|530727
11007|4.00|21.05|530728
11007|4.00|20.92|530729
#rainbow_44003_24
21.39
55106|1.00|19.17|540727
11007|0.00|17.39|540728
11007|0.00|16.94|540729
11007|2.00|19.17|540730
11007|2.00|19.23|540731
55106|3.00|21.17|540727
11007|4.00|21.39|540728
11007|4.00|20.94|540729
#rainbow_44003_3
19.75
55104|0.00|17.75|530703
55106|1.00|18.75|530703
55104|2.00|19.75|530703
55104|1.00|18.71|530704
55104|1.00|18.77|530705
#rainbow_44003_4
19.64
55104|0.00|17.64|540703
55106|1.00|18.64|540703
55104|2.00|19.64|540703
55104|1.00|18.62|540704
55104|1.00|19.03|540705
#rainbow_44003_5
20.33
55103|0.00|19.20|510736
55103|0.00|17.75|510737
55103|0.00|17.48|510738
55103|0.00|19.33|510739
55103|0.50|19.70|510736
55103|0.50|18.25|510737
55103|0.50|17.98|510738
55103|0.50|19.83|510739
55103|1.00|20.20|510736
55103|1.00|18.75|510737
55103|1.00|18.48|510738
55103|1.00|20.33|510739
#rainbow_44003_6
20.36
55103|0.00|19.21|520736
55103|0.00|17.77|520737
55103|0.00|17.46|520738
55103|0.00|19.36|520739
55103|0.50|19.71|520736
55103|0.50|18.27|520737
55103|0.50|17.96|520738
55103|0.50|19.86|520739
55103|1.00|20.21|520736
55103|1.00|18.77|520737
55103|1.00|18.46|520738
55103|1.00|20.36|520739
#rainbow_44003_7
20.28
55103|0.00|19.24|530736
55103|0.00|17.54|530737
55103|0.00|17.81|530738
55103|0.00|19.28|530739
55103|0.50|19.74|530736
55103|0.50|18.04|530737
55103|0.50|18.31|530738
55103|0.50|19.78|530739
55103|1.00|20.24|530736
55103|1.00|18.54|530737
55103|1.00|18.81|530738
55103|1.00|20.28|530739
#rainbow_44003_8
20.34
55103|0.00|19.21|540736
55103|0.00|17.47|540737
55103|0.00|17.75|540738
55103|0.00|19.34|540739
55103|0.50|19.71|540736
55103|0.50|17.97|540737
55103|0.50|18.25|540738
55103|0.50|19.84|540739
55103|1.00|20.21|540736
55103|1.00|18.47|540737
55103|1.00|18.75|540738
55103|1.00|20.34|540739
#rainbow_44003_9
26.20
55102|0.00|20.20|510733
55102|1.00|21.20|510733
55102|2.00|22.20|510733
55102|3.00|23.20|510733
55102|4.00|24.20|510733
55102|5.00|25.20|510733
55102|6.00|26.20|510733
55103|0.00|20.18|510734
55103|1.00|21.18|510734
55103|2.00|22.18|510734
55103|3.00|23.18|510734
55103|4.00|24.18|510734
55103|5.00|25.18|510734
55103|6.00|26.18|510734
