#rainbow_44499_1
34.76
55103|0.00|30.76|510748
55103|0.40|31.16|510750
55103|0.40|31.07|510752
55103|2.00|32.76|510748
55103|2.00|32.80|510749
55103|2.00|32.52|510751
55103|3.60|34.36|510750
55103|3.60|34.27|510752
55103|4.00|34.76|510748
#rainbow_44499_2
34.72
55103|0.00|30.72|520748
55103|0.40|31.16|520750
55103|0.40|31.11|520752
55103|2.00|32.72|520748
55103|2.00|32.72|520749
55103|2.00|32.72|520751
55103|3.60|34.36|520750
55103|3.60|34.31|520752
55103|4.00|34.72|520748
#rainbow_44499_3
34.76
55103|0.00|30.76|530748
55103|0.40|31.12|530750
55103|0.40|31.15|530752
55103|2.00|32.76|530748
55103|2.00|32.68|530749
55103|2.00|32.76|530751
55103|3.60|34.32|530750
55103|3.60|34.35|530752
55103|4.00|34.76|530748
#rainbow_44499_4
34.76
55103|0.00|30.76|540748
55103|0.40|31.12|540750
55103|0.40|31.23|540752
55103|2.00|32.76|540748
55103|2.00|32.64|540749
55103|2.00|32.76|540751
55103|3.60|34.32|540750
55103|3.60|34.43|540752
55103|4.00|34.76|540748
