#red_27044_1
64.75
27044|0.00|64.75|10943
#red_27044_10
65.63
27044|0.00|65.63|20945
#red_27044_11
65.61
27044|0.00|65.61|30945
#red_27044_12
65.70
27044|0.00|65.70|40945
#red_27044_13
72.51
27044|0.00|72.51|10946
#red_27044_14
72.52
27044|0.00|72.52|20946
#red_27044_15
72.23
27044|0.00|72.23|30946
#red_27044_16
72.11
27044|0.00|72.11|40946
#red_27044_17
70.21
27044|0.00|70.21|10947
#red_27044_18
70.06
27044|0.00|70.06|20947
#red_27044_19
70.47
27044|0.00|70.47|30947
#red_27044_2
64.75
27044|0.00|64.75|20943
#red_27044_20
70.25
27044|0.00|70.25|40947
#red_27044_21
63.25
27044|0.00|63.25|10948
#red_27044_22
63.24
27044|0.00|63.24|20948
#red_27044_23
63.19
27044|0.00|63.19|30948
#red_27044_24
63.29
27044|0.00|63.29|40948
#red_27044_3
64.79
27044|0.00|64.79|30943
#red_27044_4
64.67
27044|0.00|64.67|40943
#red_27044_5
79.56
27044|0.00|79.56|10944
#red_27044_6
79.78
27044|0.00|79.78|20944
#red_27044_7
79.50
27044|0.00|79.50|30944
#red_27044_8
79.20
27044|0.00|79.20|40944
#red_27044_9
65.58
27044|0.00|65.58|10945
#red_27045_1
79.19
27045|0.00|79.19|10949
#red_27045_10
65.61
27045|0.00|65.61|20951
#red_27045_11
65.55
27045|0.00|65.55|30951
#red_27045_12
65.59
27045|0.00|65.59|40951
#red_27045_13
72.45
27045|0.00|72.45|10952
#red_27045_14
72.41
27045|0.00|72.41|20952
#red_27045_15
72.23
27045|0.00|72.23|30952
#red_27045_16
72.27
27045|0.00|72.27|40952
#red_27045_17
70.06
27045|0.00|70.06|10953
#red_27045_18
69.97
27045|0.00|69.97|20953
#red_27045_19
70.33
27045|0.00|70.33|30953
#red_27045_2
79.13
27045|0.00|79.13|20949
#red_27045_20
70.04
27045|0.00|70.04|40953
#red_27045_21
63.18
27045|0.00|63.18|10954
#red_27045_22
63.06
27045|0.00|63.06|20954
#red_27045_23
63.38
27045|0.00|63.38|30954
#red_27045_24
63.19
27045|0.00|63.19|40954
#red_27045_3
79.09
27045|0.00|79.09|30949
#red_27045_4
78.89
27045|0.00|78.89|40949
#red_27045_5
79.28
27045|0.00|79.28|10950
#red_27045_6
79.54
27045|0.00|79.54|20950
#red_27045_7
79.66
27045|0.00|79.66|30950
#red_27045_8
79.27
27045|0.00|79.27|40950
#red_27045_9
65.59
27045|0.00|65.59|10951
#red_27046_1
78.59
27046|0.00|78.59|10955
#red_27046_10
65.63
27046|0.00|65.63|20957
#red_27046_11
65.45
27046|0.00|65.45|30957
#red_27046_12
65.63
27046|0.00|65.63|40957
#red_27046_13
72.35
27046|0.00|72.35|10958
#red_27046_14
72.43
27046|0.00|72.43|20958
#red_27046_15
72.31
27046|0.00|72.31|30958
#red_27046_16
72.32
27046|0.00|72.32|40958
#red_27046_17
70.09
27046|0.00|70.09|10959
#red_27046_18
70.05
27046|0.00|70.05|20959
#red_27046_19
70.29
27046|0.00|70.29|30959
#red_27046_2
79.04
27046|0.00|79.04|20955
#red_27046_20
70.15
27046|0.00|70.15|40959
#red_27046_21
63.10
27046|0.00|63.10|10960
#red_27046_22
63.09
27046|0.00|63.09|20960
#red_27046_23
63.18
27046|0.00|63.18|30960
#red_27046_24
63.27
27046|0.00|63.27|40960
#red_27046_3
79.12
27046|0.00|79.12|30955
#red_27046_4
79.14
27046|0.00|79.14|40955
#red_27046_5
79.28
27046|0.00|79.28|10956
#red_27046_6
79.56
27046|0.00|79.56|20956
#red_27046_7
79.77
27046|0.00|79.77|30956
#red_27046_8
79.35
27046|0.00|79.35|40956
#red_27046_9
65.66
27046|0.00|65.66|10957
#red_27047_1
79.13
27047|0.00|79.13|10961
#red_27047_10
65.55
27047|0.00|65.55|20963
#red_27047_11
65.53
27047|0.00|65.53|30963
#red_27047_12
65.58
27047|0.00|65.58|40963
#red_27047_13
72.22
27047|0.00|72.22|10964
#red_27047_14
72.44
27047|0.00|72.44|20964
#red_27047_15
72.34
27047|0.00|72.34|30964
#red_27047_16
72.37
27047|0.00|72.37|40964
#red_27047_17
70.08
27047|0.00|70.08|10965
#red_27047_18
70.12
27047|0.00|70.12|20965
#red_27047_19
70.36
27047|0.00|70.36|30965
#red_27047_2
79.21
27047|0.00|79.21|20961
#red_27047_20
70.15
27047|0.00|70.15|40965
#red_27047_21
63.20
27047|0.00|63.20|10966
#red_27047_22
63.16
27047|0.00|63.16|20966
#red_27047_23
63.05
27047|0.00|63.05|30966
#red_27047_24
63.20
27047|0.00|63.20|40966
#red_27047_3
79.13
27047|0.00|79.13|30961
#red_27047_4
79.23
27047|0.00|79.23|40961
#red_27047_5
79.44
27047|0.00|79.44|10962
#red_27047_6
79.52
27047|0.00|79.52|20962
#red_27047_7
79.28
27047|0.00|79.28|30962
#red_27047_8
79.11
27047|0.00|79.11|40962
#red_27047_9
65.56
27047|0.00|65.56|10963
#red_27048_1
78.61
27048|0.00|78.61|10967
#red_27048_10
65.63
27048|0.00|65.63|20969
#red_27048_11
65.71
27048|0.00|65.71|30969
#red_27048_12
65.56
27048|0.00|65.56|40969
#red_27048_13
72.52
27048|0.00|72.52|10970
#red_27048_14
72.54
27048|0.00|72.54|20970
#red_27048_15
72.68
27048|0.00|72.68|30970
#red_27048_16
72.66
27048|0.00|72.66|40970
#red_27048_17
70.10
27048|0.00|70.10|10971
#red_27048_18
70.28
27048|0.00|70.28|20971
#red_27048_19
70.44
27048|0.00|70.44|30971
#red_27048_2
79.11
27048|0.00|79.11|20967
#red_27048_20
70.40
27048|0.00|70.40|40971
#red_27048_21
63.18
27048|0.00|63.18|10972
#red_27048_22
63.13
27048|0.00|63.13|20972
#red_27048_23
63.12
27048|0.00|63.12|30972
#red_27048_24
63.24
27048|0.00|63.24|40972
#red_27048_3
79.23
27048|0.00|79.23|30967
#red_27048_4
79.04
27048|0.00|79.04|40967
#red_27048_5
79.30
27048|0.00|79.30|10968
#red_27048_6
79.50
27048|0.00|79.50|20968
#red_27048_7
79.56
27048|0.00|79.56|30968
#red_27048_8
79.44
27048|0.00|79.44|40968
#red_27048_9
65.64
27048|0.00|65.64|10969
#red_27049_1
79.03
27049|0.00|79.03|10973
#red_27049_10
65.10
27049|0.00|65.10|20975
#red_27049_11
65.03
27049|0.00|65.03|30975
#red_27049_12
65.06
27049|0.00|65.06|40975
#red_27049_13
73.05
27049|0.00|73.05|10976
#red_27049_14
73.09
27049|0.00|73.09|20976
#red_27049_15
72.90
27049|0.00|72.90|30976
#red_27049_16
73.03
27049|0.00|73.03|40976
#red_27049_17
70.52
27049|0.00|70.52|10977
#red_27049_18
70.61
27049|0.00|70.61|20977
#red_27049_19
70.95
27049|0.00|70.95|30977
#red_27049_2
78.62
27049|0.00|78.62|20973
#red_27049_20
70.90
27049|0.00|70.90|40977
#red_27049_21
63.79
27049|0.00|63.79|10978
#red_27049_22
63.79
27049|0.00|63.79|20978
#red_27049_23
63.89
27049|0.00|63.89|30978
#red_27049_24
63.74
27049|0.00|63.74|40978
#red_27049_3
78.64
27049|0.00|78.64|30973
#red_27049_4
78.55
27049|0.00|78.55|40973
#red_27049_5
80.24
27049|0.00|80.24|10974
#red_27049_6
80.27
27049|0.00|80.27|20974
#red_27049_7
80.40
27049|0.00|80.40|30974
#red_27049_8
80.04
27049|0.00|80.04|40974
#red_27049_9
65.09
27049|0.00|65.09|10975
