#share_50101_1
35.22
50101|0.00|35.22|511101
#share_50101_2
33.98
50101|0.00|33.98|512101
#share_50101_3
33.06
50101|0.00|33.06|513101
#share_50101_4
32.54
50101|0.00|32.54|514101
#share_51101_1
35.22
51101|0.00|35.22|511101
#share_51101_2
33.98
51101|0.00|33.98|512101
#share_51101_3
33.06
51101|0.00|33.06|513101
#share_51101_4
32.54
51101|0.00|32.54|514101
#share_52101_1
35.22
52101|0.00|35.22|511101
#share_52101_2
33.98
52101|0.00|33.98|512101
#share_52101_3
33.06
52101|0.00|33.06|513101
#share_52101_4
32.54
52101|0.00|32.54|514101
#share_53101_1
35.22
53101|0.00|35.22|511101
#share_53101_2
33.98
53101|0.00|33.98|512101
#share_53101_3
33.06
53101|0.00|33.06|513101
#share_53101_4
32.54
53101|0.00|32.54|514101
#share_54101_1
35.22
54101|0.00|35.22|511101
#share_54101_2
33.98
54101|0.00|33.98|512101
#share_54101_3
33.06
54101|0.00|33.06|513101
#share_54101_4
32.54
54101|0.00|32.54|514101
#share_58109_1
47.34
58109|0.00|47.34|510772
#share_58109_10
49.27
58109|0.00|49.27|520774
#share_58109_11
51.18
58109|0.00|51.18|530774
#share_58109_12
50.59
58109|0.00|50.59|540774
#share_58109_2
46.94
58109|0.00|46.94|520772
#share_58109_3
47.79
58109|0.00|47.79|530772
#share_58109_4
47.46
58109|0.00|47.46|540772
#share_58109_5
50.89
58109|0.00|50.89|510773
#share_58109_6
50.90
58109|0.00|50.90|520773
#share_58109_7
50.88
58109|0.00|50.88|530773
#share_58109_8
50.92
58109|0.00|50.92|540773
#share_58109_9
47.50
58109|0.00|47.50|510774
#share_58110_1
47.34
58110|0.00|47.34|510772
#share_58110_10
49.27
58110|0.00|49.27|520774
#share_58110_11
51.18
58110|0.00|51.18|530774
#share_58110_12
50.59
58110|0.00|50.59|540774
#share_58110_2
46.94
58110|0.00|46.94|520772
#share_58110_3
47.79
58110|0.00|47.79|530772
#share_58110_4
47.46
58110|0.00|47.46|540772
#share_58110_5
50.89
58110|0.00|50.89|510773
#share_58110_6
50.90
58110|0.00|50.90|520773
#share_58110_7
50.88
58110|0.00|50.88|530773
#share_58110_8
50.92
58110|0.00|50.92|540773
#share_58110_9
47.50
58110|0.00|47.50|510774
#share_58111_1
47.34
58111|0.00|47.34|510772
#share_58111_10
49.27
58111|0.00|49.27|520774
#share_58111_11
51.18
58111|0.00|51.18|530774
#share_58111_12
50.59
58111|0.00|50.59|540774
#share_58111_2
46.94
58111|0.00|46.94|520772
#share_58111_3
47.79
58111|0.00|47.79|530772
#share_58111_4
47.46
58111|0.00|47.46|540772
#share_58111_5
50.89
58111|0.00|50.89|510773
#share_58111_6
50.90
58111|0.00|50.90|520773
#share_58111_7
50.88
58111|0.00|50.88|530773
#share_58111_8
50.92
58111|0.00|50.92|540773
#share_58111_9
47.50
58111|0.00|47.50|510774
#share_58112_1
47.34
58112|0.00|47.34|510772
#share_58112_10
49.27
58112|0.00|49.27|520774
#share_58112_11
51.18
58112|0.00|51.18|530774
#share_58112_12
50.59
58112|0.00|50.59|540774
#share_58112_2
46.94
58112|0.00|46.94|520772
#share_58112_3
47.79
58112|0.00|47.79|530772
#share_58112_4
47.46
58112|0.00|47.46|540772
#share_58112_5
50.89
58112|0.00|50.89|510773
#share_58112_6
50.90
58112|0.00|50.90|520773
#share_58112_7
50.88
58112|0.00|50.88|530773
#share_58112_8
50.92
58112|0.00|50.92|540773
#share_58112_9
47.50
58112|0.00|47.50|510774
#share_58113_1
47.34
58113|0.00|47.34|510772
#share_58113_10
49.27
58113|0.00|49.27|520774
#share_58113_11
51.18
58113|0.00|51.18|530774
#share_58113_12
50.59
58113|0.00|50.59|540774
#share_58113_2
46.94
58113|0.00|46.94|520772
#share_58113_3
47.79
58113|0.00|47.79|530772
#share_58113_4
47.46
58113|0.00|47.46|540772
#share_58113_5
50.89
58113|0.00|50.89|510773
#share_58113_6
50.90
58113|0.00|50.90|520773
#share_58113_7
50.88
58113|0.00|50.88|530773
#share_58113_8
50.92
58113|0.00|50.92|540773
#share_58113_9
47.50
58113|0.00|47.50|510774
