#superboss_71201_1
24.00
71201|0.00|24.00|700935
#superboss_71201_2
20.00
71201|0.00|20.00|700941
#superboss_71201_3
20.00
71201|0.00|20.00|700947
#superboss_71201_4
20.00
71201|0.00|20.00|700953
#superboss_71202_1
24.00
71202|0.00|24.00|700987
#superboss_71202_2
24.00
71202|0.00|24.00|700993
#superboss_71202_3
26.00
71202|0.00|26.00|700999
#superboss_71202_4
28.00
71202|0.00|28.00|701005
#superboss_71203_1
20.00
71203|0.00|20.00|701039
#superboss_71203_2
22.00
71203|0.00|22.00|701045
#superboss_71203_3
25.00
71203|0.00|25.00|701051
#superboss_71203_4
25.00
71203|0.00|25.00|701057
#superboss_73204
30.00
73204|0.00|30.00|600001
#superboss_73205
30.00
73205|0.00|30.00|600001
#superboss_73206
30.00
73206|0.00|30.00|600001
