#superbossborn_71201_1
27.00
71201|0.00|27.00|700931
#superbossborn_71201_2
27.00
71201|0.00|27.00|700932
#superbossborn_71201_3
30.20
71201|0.00|30.20|700933
#superbossborn_71201_4
27.00
71201|0.00|27.00|700934
#superbossborn_71202_1
36.00
71202|0.00|36.00|700983
#superbossborn_71202_2
34.00
71202|0.00|34.00|700984
#superbossborn_71202_3
32.00
71202|0.00|32.00|700985
#superbossborn_71202_4
36.00
71202|0.00|36.00|700986
#superbossborn_71203_1
21.00
71203|0.00|21.00|701035
#superbossborn_71203_2
21.00
71203|0.00|21.00|701036
#superbossborn_71203_3
19.00
71203|0.00|19.00|701037
#superbossborn_71203_4
21.00
71203|0.00|21.00|701038
#superbossborn_74207_1
20.00
74207|0.00|20.00|7010991
74007|6.20|12.00|900147|625.9877|335.4085|284.8807
74007|6.20|12.00|900147|583.5885|378.1536|344.8807
74007|6.20|12.00|900147|525.6008|362.7451|44.88076
74007|6.20|12.00|900147|510.0123|304.5915|104.8808
74007|6.20|12.00|900147|552.4115|261.8464|164.8808
74007|6.20|12.00|900147|610.3992|277.2549|224.8807
74007|6.40|12.20|900147|576.6688|379.3705|351.6929
74007|6.40|12.20|900147|520.6821|357.2271|411.6929
74007|6.40|12.20|900147|512.0133|297.8566|111.6929
74007|6.40|12.20|900147|559.3312|260.6295|171.6929
74007|6.40|12.20|900147|615.3179|282.7729|231.6929
74007|6.40|12.20|900147|623.9867|342.1434|291.6929
74007|6.60|12.40|900147|514.0506|346.2576|424.0475
74007|6.60|12.40|900147|518.1812|286.1928|484.0475
74007|6.60|12.40|900147|572.1306|259.9352|184.0475
74007|6.60|12.40|900147|621.9494|293.7424|244.0475
74007|6.60|12.40|900147|617.8188|353.8072|304.0475
74007|6.60|12.40|900147|563.8694|380.0648|364.0475
74007|6.80|12.60|900147|527.4362|275.7894|497.4633
74007|6.80|12.60|900147|586.1814|262.6042|557.4633
74007|6.80|12.60|900147|626.7451|306.8148|257.4633
74007|6.80|12.60|900147|608.5638|364.2106|317.4633
74007|6.80|12.60|900147|549.8186|377.3958|377.4633
74007|6.80|12.60|900147|509.2549|333.1852|437.4633
74007|7.00|12.80|900147|600.5128|269.5726|572.8116
74007|7.00|12.80|900147|628.1282|323.0724|632.8116
74007|7.00|12.80|900147|595.6155|373.4998|332.8116
74007|7.00|12.80|900147|535.4872|370.4274|392.8116
74007|7.00|12.80|900147|507.8718|316.9276|452.8116
74007|7.00|12.80|900147|540.3845|266.5002|512.8116
74007|7.20|13.00|900147|626.5481|333.1194|282.6301
74007|7.20|13.00|900147|585.8602|377.4966|342.6301
74007|7.20|13.00|900147|527.3121|364.3772|42.6301
74007|7.20|13.00|900147|509.4519|306.8806|102.6301
74007|7.20|13.00|900147|550.1398|262.5034|162.6301
74007|7.20|13.00|900147|608.6879|275.6228|222.6301
74007|7.40|13.20|900147|576.123|379.4476|352.2192
74007|7.40|13.20|900147|520.3421|356.7908|412.2192
74007|7.40|13.20|900147|512.2191|297.3432|112.2192
74007|7.40|13.20|900147|559.877|260.5524|172.2192
74007|7.40|13.20|900147|615.6579|283.2092|232.2192
74007|7.40|13.20|900147|623.7809|342.6568|292.2192
74007|7.60|13.40|900147|512.6028|343.0468|427.4113
74007|7.60|13.40|900147|520.2507|283.3279|487.4113
74007|7.60|13.40|900147|575.6479|260.2811|187.4113
74007|7.60|13.40|900147|623.3972|296.9532|247.4113
74007|7.60|13.40|900147|615.7493|356.6721|307.4113
74007|7.60|13.40|900147|560.3521|379.7189|367.4113
74007|7.80|13.60|900147|530.0405|273.5341|500.7535
74007|7.80|13.60|900147|589.4456|263.7423|560.7535
74007|7.80|13.60|900147|627.405|310.2082|260.7535
74007|7.80|13.60|900147|605.9595|366.4659|320.7535
74007|7.80|13.60|900147|546.5544|376.2577|380.7535
74007|7.80|13.60|900147|508.5949|329.7918|440.7535
74007|8.00|13.80|900147|596.3883|267.1407|568.2382
74007|8.00|13.80|900147|628.1818|318.2682|628.2382
74007|8.00|13.80|900147|599.7934|371.1275|328.2382
74007|8.00|13.80|900147|539.6117|372.8593|388.2382
74007|8.00|13.80|900147|507.8183|321.7318|448.2382
74007|8.00|13.80|900147|536.2066|268.8725|508.2382
74007|8.20|14.00|900147|626.5053|333.3089|282.8156
74007|8.20|14.00|900147|585.674|377.5541|342.8156
74007|8.20|14.00|900147|527.1686|364.2452|42.81566
74007|8.20|14.00|900147|509.4947|306.6911|102.8157
74007|8.20|14.00|900147|550.326|262.4459|162.8157
74007|8.20|14.00|900147|608.8314|275.7548|222.8156
74007|8.40|14.20|900147|575.1775|379.5692|353.1295
74007|8.40|14.20|900147|519.7635|356.029|413.1295
74007|8.40|14.20|900147|512.5861|296.4598|113.1296
74007|8.40|14.20|900147|560.8225|260.4308|173.1295
74007|8.40|14.20|900147|616.2365|283.971|233.1295
74007|8.40|14.20|900147|623.4139|343.5402|293.1295
74007|8.60|14.40|900147|512.3722|342.4844|427.9918
74007|8.60|14.40|900147|520.6246|282.846|487.9918
74007|8.60|14.40|900147|576.2524|260.3616|187.9918
74007|8.60|14.40|900147|623.6278|297.5156|247.9917
74007|8.60|14.40|900147|615.3754|357.154|307.9918
74007|8.60|14.40|900147|559.7476|379.6384|367.9917
74007|8.80|14.60|900147|530.0555|273.5219|500.772
74007|8.80|14.60|900147|589.4637|263.7492|560.772
74007|8.80|14.60|900147|627.4082|310.2274|260.772
74007|8.80|14.60|900147|605.9445|366.4781|320.772
74007|8.80|14.60|900147|546.5363|376.2508|380.772
74007|8.80|14.60|900147|508.5918|329.7726|440.772
74007|9.00|14.80|900147|598.3391|268.2357|570.3746
74007|9.00|14.80|900147|628.2045|320.5128|630.3746
74007|9.00|14.80|900147|597.8654|372.2771|330.3746
74007|9.00|14.80|900147|537.6609|371.7643|390.3746
74007|9.00|14.80|900147|507.7955|319.4872|450.3746
74007|9.00|14.80|900147|538.1346|267.7229|510.3746
74007|9.20|15.00|900147|626.9344|331.2577|280.8144
74007|9.20|15.00|900147|587.673|376.9018|340.8144
74007|9.20|15.00|900147|528.7386|365.6441|40.81444
74007|9.20|15.00|900147|509.0656|308.7423|100.8144
74007|9.20|15.00|900147|548.327|263.0982|160.8144
74007|9.20|15.00|900147|607.2614|274.3559|220.8144
74007|9.40|15.20|900147|576.8076|379.35|351.5588
74007|9.40|15.20|900147|520.7693|357.3376|411.5588
74007|9.40|15.20|900147|511.9617|297.9876|111.5588
74007|9.40|15.20|900147|559.1924|260.65|171.5588
74007|9.40|15.20|900147|615.2307|282.6624|231.5588
74007|9.40|15.20|900147|624.0383|342.0124|291.5588
74007|9.60|15.40|900147|514.0778|346.3133|423.9883
74007|9.60|15.40|900147|518.1463|286.2443|483.9883
74007|9.60|15.40|900147|572.0685|259.931|183.9883
74007|9.60|15.40|900147|621.9222|293.6867|243.9883
74007|9.60|15.40|900147|617.8537|353.7557|303.9883
74007|9.60|15.40|900147|563.9315|380.069|363.9882
#superbossborn_74207_2
20.00
74207|0.00|20.00|7011001
74006|6.20|12.00|900147|627.5757|327.1227|276.8178
74006|6.20|12.00|900147|591.5911|375.3922|336.8178
74006|6.20|12.00|900147|532.0154|368.2695|36.81779
74006|6.20|12.00|900147|508.4243|312.8773|96.81778
74006|6.20|12.00|900147|544.4089|264.6078|156.8178
74006|6.20|12.00|900147|603.9846|271.7305|216.8178
74006|6.40|12.20|900147|585.6306|377.3512|342.9119
74006|6.40|12.20|900147|526.9197|364.0142|402.9119
74006|6.40|12.20|900147|509.2892|306.663|102.9119
74006|6.40|12.20|900147|550.3694|262.6488|162.9118
74006|6.40|12.20|900147|609.0803|275.9858|222.9118
74006|6.40|12.20|900147|626.7109|333.337|282.9118
74006|6.60|12.40|900147|518.8862|354.4649|414.9413
74006|6.60|12.40|900147|513.4586|294.5034|474.9413
74006|6.60|12.40|900147|562.5724|260.0385|174.9413
74006|6.60|12.40|900147|617.1138|285.5351|234.9413
74006|6.60|12.40|900147|622.5414|345.4966|294.9413
74006|6.60|12.40|900147|573.4276|379.9615|354.9413
74006|6.80|12.60|900147|520.1431|283.8099|487.0971
74006|6.80|12.60|900147|575.5569|260.2695|547.0971
74006|6.80|12.60|900147|623.4138|296.4596|247.0971
74006|6.80|12.60|900147|615.8569|356.1901|307.0971
74006|6.80|12.60|900147|560.4431|379.7305|367.0971
74006|6.80|12.60|900147|512.5862|343.5404|427.0971
74006|7.00|12.80|900147|588.9103|263.7616|560.3959
74006|7.00|12.80|900147|627.3826|310.0727|620.3959
74006|7.00|12.80|900147|606.4723|366.3111|320.3958
74006|7.00|12.80|900147|547.0897|376.2384|380.3958
74006|7.00|12.80|900147|508.6174|329.9273|440.3958
74006|7.00|12.80|900147|529.5277|273.6889|500.3958
74006|7.20|13.00|900147|627.9396|322.6929|272.5724
74006|7.20|13.00|900147|595.6269|373.4939|332.5724
74006|7.20|13.00|900147|535.6874|370.8009|32.57243
74006|7.20|13.00|900147|508.0605|317.3071|92.57243
74006|7.20|13.00|900147|540.3731|266.5061|152.5724
74006|7.20|13.00|900147|600.3126|269.1991|212.5724
74006|7.40|13.20|900147|583.5943|377.9381|344.9356
74006|7.40|13.20|900147|525.391|362.5361|404.9356
74006|7.40|13.20|900147|509.7968|304.598|104.9356
74006|7.40|13.20|900147|552.4057|262.0619|164.9356
74006|7.40|13.20|900147|610.609|277.4639|224.9356
74006|7.40|13.20|900147|626.2032|335.402|284.9356
74006|7.60|13.40|900147|517.5519|352.4805|417.2249
74006|7.60|13.40|900147|514.5178|292.3504|477.2249
74006|7.60|13.40|900147|564.966|259.8698|177.2249
74006|7.60|13.40|900147|618.4481|287.5195|237.2249
74006|7.60|13.40|900147|621.4822|347.6496|297.2249
74006|7.60|13.40|900147|571.034|380.1302|357.2249
74006|7.80|13.60|900147|522.0442|281.4246|490.0102
74006|7.80|13.60|900147|578.5827|260.7307|550.0102
74006|7.80|13.60|900147|624.5385|299.3062|250.0102
74006|7.80|13.60|900147|613.9558|358.5754|310.0102
74006|7.80|13.60|900147|557.4173|379.2693|370.0102
74006|7.80|13.60|900147|511.4615|340.6938|430.0102
74006|8.00|13.80|900147|591.6948|264.8769|563.2605
74006|8.00|13.80|900147|627.8045|313.0529|623.2605
74006|8.00|13.80|900147|604.1097|368.176|323.2605
74006|8.00|13.80|900147|544.3052|375.1231|383.2605
74006|8.00|13.80|900147|508.1955|326.9471|443.2605
74006|8.00|13.80|900147|531.8903|271.824|503.2605
74006|8.20|14.00|900147|627.5851|327.0435|276.7415
74006|8.20|14.00|900147|591.6647|375.3608|336.7415
74006|8.20|14.00|900147|532.0796|368.3174|36.74157
74006|8.20|14.00|900147|508.4149|312.9565|96.74156
74006|8.20|14.00|900147|544.3353|264.6392|156.7416
74006|8.20|14.00|900147|603.9204|271.6826|216.7415
74006|8.40|14.20|900147|584.6866|377.633|343.8526
74006|8.40|14.20|900147|526.2026|363.3338|403.8526
74006|8.40|14.20|900147|509.516|305.7009|103.8526
74006|8.40|14.20|900147|551.3134|262.367|163.8526
74006|8.40|14.20|900147|609.7974|276.6662|223.8526
74006|8.40|14.20|900147|626.484|334.2991|283.8525
74006|8.60|14.40|900147|518.141|353.3778|416.2
74006|8.60|14.40|900147|514.0318|293.3115|476.2
74006|8.60|14.40|900147|563.8909|259.9337|176.2
74006|8.60|14.40|900147|617.859|286.6222|236.2
74006|8.60|14.40|900147|621.9682|346.6885|296.2
74006|8.60|14.40|900147|572.1091|380.0663|356.2
74006|8.80|14.60|900147|521.7334|281.7979|489.5464
74006|8.80|14.60|900147|578.1026|260.647|549.5464
74006|8.80|14.60|900147|624.3691|298.8492|249.5464
74006|8.80|14.60|900147|614.2666|358.2021|309.5464
74006|8.80|14.60|900147|557.8974|379.353|369.5464
74006|8.80|14.60|900147|511.6308|341.1508|429.5464
74006|9.00|14.80|900147|591.6749|264.8683|563.2399
74006|9.00|14.80|900147|627.802|313.0314|623.2399
74006|9.00|14.80|900147|604.1271|368.163|323.2399
74006|9.00|14.80|900147|544.3251|375.1317|383.2399
74006|9.00|14.80|900147|508.198|326.9686|443.2399
74006|9.00|14.80|900147|531.8729|271.837|503.2399
74006|9.20|15.00|900147|627.9896|321.1167|271.0664
74006|9.20|15.00|900147|597.0233|372.7493|331.0664
74006|9.20|15.00|900147|537.0337|371.6326|31.06644
74006|9.20|15.00|900147|508.0104|318.8833|91.06644
74006|9.20|15.00|900147|538.9767|267.2507|151.0664
74006|9.20|15.00|900147|598.9663|268.3674|211.0664
74006|9.40|15.20|900147|584.27|377.752|344.2663
74006|9.40|15.20|900147|525.8908|363.0309|404.2663
74006|9.40|15.20|900147|509.6208|305.2789|104.2663
74006|9.40|15.20|900147|551.73|262.248|164.2663
74006|9.40|15.20|900147|610.1092|276.9691|224.2663
74006|9.40|15.20|900147|626.3792|334.7211|284.2663
74006|9.60|15.40|900147|516.6909|351.1026|418.7766
74006|9.60|15.40|900147|515.2861|290.9124|478.7766
74006|9.60|15.40|900147|566.5953|259.8098|178.7766
74006|9.60|15.40|900147|619.3091|288.8974|238.7766
74006|9.60|15.40|900147|620.7139|349.0876|298.7766
74006|9.60|15.40|900147|569.4047|380.1902|358.7766
#superbossborn_74207_3
20.00
74207|0.00|20.00|7011011
74004|6.20|12.00|900147|627.4659|312.012|622.3492
74004|6.20|12.00|900147|604.6826|367.7413|682.3492
74004|6.20|12.00|900147|545.2167|375.7293|382.3492
74004|6.20|12.00|900147|508.5341|327.988|442.3492
74004|6.20|12.00|900147|531.3174|272.2587|502.3492
74004|6.20|12.00|900147|590.7833|264.2707|562.3492
74004|6.40|12.20|900147|594.1755|373.9893|334.1346
74004|6.40|12.20|900147|534.1171|369.7673|394.1346
74004|6.40|12.20|900147|507.9416|315.778|94.13462
74004|6.40|12.20|900147|541.8245|266.0107|154.1346
74004|6.40|12.20|900147|601.8829|270.2327|214.1346
74004|6.40|12.20|900147|628.0585|324.222|274.1346
74004|6.60|12.40|900147|527.8849|364.6181|401.958
74004|6.60|12.40|900147|509.1247|307.4089|461.958
74004|6.60|12.40|900147|549.2398|262.7908|161.958
74004|6.60|12.40|900147|608.1151|275.3819|221.958
74004|6.60|12.40|900147|626.8753|332.5911|281.958
74004|6.60|12.40|900147|586.7602|377.2092|341.958
74004|6.80|12.60|900147|514.0629|293.7173|475.9793
74004|6.80|12.60|900147|563.8974|259.9333|535.9792
74004|6.80|12.60|900147|617.8346|286.2161|235.9793
74004|6.80|12.60|900147|621.9371|346.2827|295.9793
74004|6.80|12.60|900147|572.1026|380.0667|355.9793
74004|6.80|12.60|900147|518.1654|353.7839|415.9792
74004|7.00|12.80|900147|577.163|260.7038|548.7844
74004|7.00|12.80|900147|624.1692|298.3238|608.7844
74004|7.00|12.80|900147|615.0062|357.6199|308.7844
74004|7.00|12.80|900147|558.837|379.2962|368.7844
74004|7.00|12.80|900147|511.8308|341.6762|428.7844
74004|7.00|12.80|900147|520.9938|282.3801|488.7844
74004|7.20|13.00|900147|627.3082|310.9146|621.2906
74004|7.20|13.00|900147|605.5583|367.0554|681.2906
74004|7.20|13.00|900147|546.2502|376.1408|381.2906
74004|7.20|13.00|900147|508.6918|329.0854|441.2906
74004|7.20|13.00|900147|530.4417|272.9446|501.2906
74004|7.20|13.00|900147|589.7498|263.8592|561.2906
74004|7.40|13.20|900147|594.788|373.688|333.4828
74004|7.40|13.20|900147|534.6854|370.1496|393.4828
74004|7.40|13.20|900147|507.8974|316.4615|93.48282
74004|7.40|13.20|900147|541.212|266.312|153.4828
74004|7.40|13.20|900147|601.3146|269.8504|213.4828
74004|7.40|13.20|900147|628.1026|323.5385|273.4828
74004|7.60|13.40|900147|528.8109|365.4336|400.7797
74004|7.60|13.40|900147|508.8782|308.6222|460.7797
74004|7.60|13.40|900147|548.0674|263.1886|160.7797
74004|7.60|13.40|900147|607.1891|274.5664|220.7797
74004|7.60|13.40|900147|627.1218|331.3778|280.7797
74004|7.60|13.40|900147|587.9326|376.8114|340.7797
74004|7.80|13.60|900147|512.9683|296.0938|473.4805
74004|7.80|13.60|900147|561.2826|260.1693|533.4805
74004|7.80|13.60|900147|616.3143|284.0755|233.4806
74004|7.80|13.60|900147|623.0317|343.9063|293.4805
74004|7.80|13.60|900147|574.7174|379.8307|353.4805
74004|7.80|13.60|900147|519.6857|355.9245|413.4805
74004|8.00|13.80|900147|575.2612|260.441|546.9509
74004|8.00|13.80|900147|623.4469|296.5377|606.9509
74004|8.00|13.80|900147|616.1857|356.0967|306.9509
74004|8.00|13.80|900147|560.7388|379.559|366.9509
74004|8.00|13.80|900147|512.5531|343.4623|426.9509
74004|8.00|13.80|900147|519.8143|283.9033|486.9509
74004|8.20|14.00|900147|626.993|309.0533|619.4878
74004|8.20|14.00|900147|607.0201|365.8506|679.4878
74004|8.20|14.00|900147|548.0271|376.7972|379.4878
74004|8.20|14.00|900147|509.007|330.9467|439.4878
74004|8.20|14.00|900147|528.9799|274.1494|499.4878
74004|8.20|14.00|900147|587.9729|263.2028|559.4878
74004|8.40|14.20|900147|595.0787|373.542|333.1721
74004|8.40|14.20|900147|534.9578|370.3295|393.1721
74004|8.40|14.20|900147|507.8791|316.7875|93.17212
74004|8.40|14.20|900147|540.9213|266.458|153.1721
74004|8.40|14.20|900147|601.0422|269.6705|213.1721
74004|8.40|14.20|900147|628.1209|323.2125|273.1721
74004|8.60|14.40|900147|529.0642|365.6509|400.461
74004|8.60|14.40|900147|508.8158|308.9513|460.461
74004|8.60|14.40|900147|547.7516|263.3004|160.461
74004|8.60|14.40|900147|606.9358|274.3491|220.461
74004|8.60|14.40|900147|627.1842|331.0487|280.461
74004|8.60|14.40|900147|588.2484|376.6996|340.4609
74004|8.80|14.60|900147|513.2667|295.4182|474.1858
74004|8.80|14.60|900147|562.0195|260.0911|534.1858
74004|8.80|14.60|900147|616.7528|284.6729|234.1858
74004|8.80|14.60|900147|622.7333|344.5818|294.1858
74004|8.80|14.60|900147|573.9805|379.9089|354.1858
74004|8.80|14.60|900147|519.2472|355.3271|414.1857
74004|9.00|14.80|900147|577.121|260.6973|548.7438
74004|9.00|14.80|900147|624.1538|298.2839|608.7438
74004|9.00|14.80|900147|615.0328|357.5866|308.7438
74004|9.00|14.80|900147|558.879|379.3027|368.7438
74004|9.00|14.80|900147|511.8462|341.7161|428.7438
74004|9.00|14.80|900147|520.9672|282.4134|488.7438
74004|9.20|15.00|900147|626.6531|307.3582|617.8368
74004|9.20|15.00|900147|608.325|364.7073|677.8368
74004|9.20|15.00|900147|549.6718|377.3491|377.8368
74004|9.20|15.00|900147|509.3469|332.6418|437.8368
74004|9.20|15.00|900147|527.675|275.2927|497.8368
74004|9.20|15.00|900147|586.3282|262.6509|557.8368
74004|9.40|15.20|900147|595.6773|373.235|332.5297
74004|9.40|15.20|900147|535.5242|370.6968|392.5297
74004|9.40|15.20|900147|507.8469|317.4617|92.52975
74004|9.40|15.20|900147|540.3227|266.765|152.5297
74004|9.40|15.20|900147|600.4758|269.3032|212.5297
74004|9.40|15.20|900147|628.1531|322.5383|272.5297
74004|9.60|15.40|900147|528.5568|365.2132|401.1009
74004|9.60|15.40|900147|508.9429|308.291|461.1009
74004|9.60|15.40|900147|548.3861|263.0778|161.1009
74004|9.60|15.40|900147|607.4432|274.7868|221.1009
74004|9.60|15.40|900147|627.0571|331.709|281.1009
74004|9.60|15.40|900147|587.6139|376.9222|341.1009
#superbossborn_74215_1
25.00
74215|0.00|25.00|7010961
74007|16.90|12.00|900145|543.6254|265.1741|516.0309
74007|16.90|12.00|900145|622.8259|295.6254|246.0309
74007|16.90|12.00|900145|592.3746|374.8259|336.0309
74007|16.90|12.00|900145|504.0365|348.4371|426.0309
74007|17.20|12.30|900145|627.674|313.7538|624.0245
74007|17.20|12.30|900145|574.2462|379.674|354.0245
74007|17.20|12.30|900145|508.326|326.2462|444.0245
74007|17.20|12.30|900145|560.7128|250.3803|534.0245
74007|17.50|12.60|900145|558.4922|379.2419|369.1176
74007|17.50|12.60|900145|508.7581|310.4923|99.11765
74007|17.50|12.60|900145|577.5078|260.7581|189.1176
74007|17.50|12.60|900145|637.1155|331.0923|279.1176
74007|17.80|12.90|900145|515.6499|290.6833|479.2494
74007|17.80|12.90|900145|597.3167|267.6499|209.2494
74007|17.80|12.90|900145|620.3501|349.3167|299.2494
74007|17.80|12.90|900145|533.7972|381.0751|389.2494
74007|18.10|13.20|900145|609.2664|276.4444|583.454
74007|18.10|13.20|900145|611.5555|361.2664|313.454
74007|18.10|13.20|900145|526.7336|363.5556|403.454
74007|18.10|13.20|900145|517.1852|271.8559|493.454
74007|18.40|13.50|900145|592.6069|374.722|335.7879
74007|18.40|13.50|900145|513.278|344.607|65.78788
74007|18.40|13.50|900145|543.3931|265.278|155.7879
74007|18.40|13.50|900145|631.8423|291.2919|245.7879
74007|18.70|13.80|900145|508.4869|327.6282|442.6958
74007|18.70|13.80|900145|560.3718|260.4869|172.6958
74007|18.70|13.80|900145|627.5131|312.3718|262.6958
74007|18.70|13.80|900145|576.8996|389.4319|352.6958
74007|19.00|14.10|900145|577.0161|260.6813|548.6425
74007|19.00|14.10|900145|627.3187|329.0161|278.6425
74007|19.00|14.10|900145|558.9839|379.3187|368.6425
74007|19.00|14.10|900145|498.7948|309.4812|458.6425
74007|19.30|14.40|900145|621.9908|346.1725|295.8622
74007|19.30|14.40|900145|541.8275|373.9908|25.86218
74007|19.30|14.40|900145|514.0092|293.8275|115.8622
74007|19.30|14.40|900145|598.5345|257.0108|205.8622
#superbossborn_74215_2
25.00
74215|0.00|25.00|7010971
74006|16.90|12.00|900145|552.6595|261.9942|525.1864
74006|16.90|12.00|900145|626.0057|304.6595|255.1864
74006|16.90|12.00|900145|583.3405|378.0058|345.1864
74006|16.90|12.00|900145|500.3266|337.8973|435.1864
74006|17.20|12.30|900145|627.9961|320.6875|270.6565
74006|17.20|12.30|900145|567.3125|379.9961|0.6565077
74006|17.20|12.30|900145|508.0039|319.3125|90.65651
74006|17.20|12.30|900145|568.8021|250.0046|180.6565
74006|17.50|12.60|900145|547.5991|376.4252|379.8778
74006|17.50|12.60|900145|511.5748|299.5991|109.8778
74006|17.50|12.60|900145|588.4009|263.5748|199.8778
74006|17.50|12.60|900145|633.8294|343.801|289.8778
74006|17.80|12.90|900145|518.629|285.9044|484.6289
74006|17.80|12.90|900145|602.0956|270.629|214.6289
74006|17.80|12.90|900145|617.371|354.0956|304.6289
74006|17.80|12.90|900145|528.2219|377.5995|394.6289
74006|18.10|13.20|900145|617.7347|286.4372|595.9871
74006|18.10|13.20|900145|601.5628|369.7347|325.9871
74006|18.10|13.20|900145|518.2653|353.5628|415.9871
74006|18.10|13.20|900145|528.8434|261.9762|505.9871
74006|18.40|13.50|900145|586.8734|376.9543|341.666
74006|18.40|13.50|900145|511.0457|338.8734|71.66594
74006|18.40|13.50|900145|549.1266|263.0457|161.6659
74006|18.40|13.50|900145|634.4467|297.981|251.6659
74006|18.70|13.80|900145|508.0293|321.8757|448.2086
74006|18.70|13.80|900145|566.1243|260.0293|178.2086
74006|18.70|13.80|900145|627.9707|318.1243|268.2086
74006|18.70|13.80|900145|570.1883|389.9658|358.2086
74006|19.00|14.10|900145|584.8831|262.4243|556.3429
74006|19.00|14.10|900145|625.5757|336.8831|286.3429
74006|19.00|14.10|900145|551.1169|377.5757|376.3429
74006|19.00|14.10|900145|500.8284|300.303|466.3429
74006|19.30|14.40|900145|615.7314|356.3553|307.2952
74006|19.30|14.40|900145|531.6447|367.7314|37.29521
74006|19.30|14.40|900145|520.2686|283.6447|127.2952
74006|19.30|14.40|900145|610.4146|264.3133|217.2952
#superbossborn_74215_3
25.00
74215|0.00|25.00|7010981
74004|16.90|12.00|900147|563.1794|260.194|535.3917
74004|16.90|12.00|900147|627.806|315.1794|265.3917
74004|16.90|12.00|900147|572.8206|379.806|355.3917
74004|16.90|12.00|900147|498.2263|325.6241|445.3917
74004|17.20|12.30|900147|626.7032|332.4067|281.9337
74004|17.20|12.30|900147|555.5933|378.7033|11.93366
74004|17.20|12.30|900147|509.2967|307.5933|101.9337
74004|17.20|12.30|900147|582.4745|251.5129|191.9337
74004|17.50|12.60|900147|541.5322|373.8466|386.1761
74004|17.50|12.60|900147|514.1534|293.5321|116.1761
74004|17.50|12.60|900147|594.4678|266.1534|206.1761
74004|17.50|12.60|900147|630.821|350.8792|296.1761
74004|17.80|12.90|900147|526.2173|276.9395|495.8629
74004|17.80|12.90|900147|611.0605|278.2173|225.8628
74004|17.80|12.90|900147|609.7827|363.0605|315.8629
74004|17.80|12.90|900147|517.7628|368.7465|405.8629
74004|18.10|13.20|900147|623.1082|296.2704|606.7032
74004|18.10|13.20|900147|591.7296|375.1081|336.7032
74004|18.10|13.20|900147|512.8918|343.7296|426.7032
74004|18.10|13.20|900147|540.3155|255.7072|516.7032
74004|18.40|13.50|900147|575.3777|379.5447|352.937
74004|18.40|13.50|900147|508.4553|327.3777|82.93694
74004|18.40|13.50|900147|560.6223|260.4553|172.9369
74004|18.40|13.50|900147|637.4688|311.3927|262.937
74004|18.70|13.80|900147|508.6425|311.2426|458.3926
74004|18.70|13.80|900147|576.7573|260.6425|188.3926
74004|18.70|13.80|900147|627.3575|328.7574|278.3926
74004|18.70|13.80|900147|557.7831|389.2504|368.3926
74004|19.00|14.10|900147|596.7662|267.3454|568.6487
74004|19.00|14.10|900147|620.6545|348.7662|298.6487
74004|19.00|14.10|900147|539.2338|372.6546|388.6487
74004|19.00|14.10|900147|506.5697|286.4394|478.6487
74004|19.30|14.40|900147|611.4446|361.3832|313.6079
74004|19.30|14.40|900147|526.6168|363.4446|43.60793
74004|19.30|14.40|900147|524.5554|278.6168|133.6079
74004|19.30|14.40|900147|616.2804|269.3146|223.6079
