#terror_16040_1
27.07
16040|0.00|27.07|10996
#terror_16040_2
27.19
16040|0.00|27.19|20996
#terror_16040_3
27.19
16040|0.00|27.19|30996
#terror_16040_4
27.19
16040|0.00|27.19|40996
#terror_17040_1
27.07
17040|0.00|27.07|10996
#terror_17040_2
27.19
17040|0.00|27.19|20996
#terror_17040_3
27.19
17040|0.00|27.19|30996
#terror_17040_4
27.19
17040|0.00|27.19|40996
#terror_18040_1
27.07
18040|0.00|27.07|10996
#terror_18040_2
27.19
18040|0.00|27.19|20996
#terror_18040_3
27.19
18040|0.00|27.19|30996
#terror_18040_4
27.19
18040|0.00|27.19|40996
#terror_19040_1
27.07
19040|0.00|27.07|10996
#terror_19040_2
27.19
19040|0.00|27.19|20996
#terror_19040_3
27.19
19040|0.00|27.19|30996
#terror_19040_4
27.19
19040|0.00|27.19|40996
#terror_20040_1
27.07
20040|0.00|27.07|10996
#terror_20040_2
27.19
20040|0.00|27.19|20996
#terror_20040_3
27.19
20040|0.00|27.19|30996
#terror_20040_4
27.19
20040|0.00|27.19|40996
#terror_60118_1
26.14
60118|0.00|26.14|10995
#terror_60118_2
26.12
60118|0.00|26.12|20995
#terror_60118_3
26.11
60118|0.00|26.11|30995
#terror_60118_4
26.10
60118|0.00|26.10|40995
#terror_61118_1
26.14
61118|0.00|26.14|10995
#terror_61118_2
26.12
61118|0.00|26.12|20995
#terror_61118_3
26.11
61118|0.00|26.11|30995
#terror_61118_4
26.10
61118|0.00|26.10|40995
#terror_62118_1
26.14
62118|0.00|26.14|10995
#terror_62118_2
26.12
62118|0.00|26.12|20995
#terror_62118_3
26.11
62118|0.00|26.11|30995
#terror_62118_4
26.10
62118|0.00|26.10|40995
#terror_63118_1
26.14
63118|0.00|26.14|10995
#terror_63118_2
26.12
63118|0.00|26.12|20995
#terror_63118_3
26.11
63118|0.00|26.11|30995
#terror_63118_4
26.10
63118|0.00|26.10|40995
#terror_64118_1
26.14
64118|0.00|26.14|10995
#terror_64118_2
26.12
64118|0.00|26.12|20995
#terror_64118_3
26.11
64118|0.00|26.11|30995
#terror_64118_4
26.10
64118|0.00|26.10|40995
#terror_65119_1
27.44
65119|0.00|27.44|10997
#terror_65119_2
27.36
65119|0.00|27.36|20997
#terror_65119_3
27.42
65119|0.00|27.42|30997
#terror_65119_4
27.49
65119|0.00|27.49|40997
#terror_66119_1
27.44
66119|0.00|27.44|10997
#terror_66119_2
27.36
66119|0.00|27.36|20997
#terror_66119_3
27.42
66119|0.00|27.42|30997
#terror_66119_4
27.49
66119|0.00|27.49|40997
#terror_67119_1
27.44
67119|0.00|27.44|10997
#terror_67119_2
27.36
67119|0.00|27.36|20997
#terror_67119_3
27.42
67119|0.00|27.42|30997
#terror_67119_4
27.49
67119|0.00|27.49|40997
#terror_68119_1
27.44
68119|0.00|27.44|10997
#terror_68119_2
27.36
68119|0.00|27.36|20997
#terror_68119_3
27.42
68119|0.00|27.42|30997
#terror_68119_4
27.49
68119|0.00|27.49|40997
#terror_69119_1
27.44
69119|0.00|27.44|10997
#terror_69119_2
27.36
69119|0.00|27.36|20997
#terror_69119_3
27.42
69119|0.00|27.42|30997
#terror_69119_4
27.49
69119|0.00|27.49|40997
