#tide_44412_1
65.00
14013|0.00|20.00|900405
11021|3.00|23.00|900405
14013|6.00|26.00|900405
11021|9.00|29.00|900405
14013|12.00|32.00|900405
11021|15.00|35.00|900405
14013|18.00|38.00|900405
11021|21.00|41.00|900405
14013|24.00|44.00|900405
11021|27.00|47.00|900405
14013|30.00|50.00|900405
11021|33.00|53.00|900405
14013|36.00|56.00|900405
11021|39.00|59.00|900405
14013|42.00|62.00|900405
11021|45.00|65.00|900405
11002|2.00|14.00|900401
11002|2.00|14.00|900402
11002|2.00|14.00|900403
11002|2.00|14.00|900404
11002|2.50|14.50|900401
11002|2.50|14.50|900402
11002|2.50|14.50|900403
11002|2.50|14.50|900404
11002|3.00|15.00|900401
11002|3.00|15.00|900402
11002|3.00|15.00|900403
11002|3.00|15.00|900404
11002|3.50|15.50|900401
11002|3.50|15.50|900402
11002|3.50|15.50|900403
11002|3.50|15.50|900404
11004|4.00|16.00|900401
11004|4.00|16.00|900402
11004|4.00|16.00|900403
11004|4.00|16.00|900404
11004|4.50|16.50|900401
11004|4.50|16.50|900402
11004|4.50|16.50|900403
11004|4.50|16.50|900404
11004|5.00|17.00|900401
11004|5.00|17.00|900402
11004|5.00|17.00|900403
11004|5.00|17.00|900404
11004|5.50|17.50|900401
11004|5.50|17.50|900402
11004|5.50|17.50|900403
11004|5.50|17.50|900404
11002|6.00|18.00|900401
11002|6.00|18.00|900402
11002|6.00|18.00|900403
11002|6.00|18.00|900404
11002|6.50|18.50|900401
11002|6.50|18.50|900402
11002|6.50|18.50|900403
11002|6.50|18.50|900404
11002|7.00|19.00|900401
11002|7.00|19.00|900402
11002|7.00|19.00|900403
11002|7.00|19.00|900404
11002|7.50|19.50|900401
11002|7.50|19.50|900402
11002|7.50|19.50|900403
11002|7.50|19.50|900404
11004|8.00|20.00|900401
11004|8.00|20.00|900402
11004|8.00|20.00|900403
11004|8.00|20.00|900404
11004|8.50|20.50|900401
11004|8.50|20.50|900402
11004|8.50|20.50|900403
11004|8.50|20.50|900404
11004|9.00|21.00|900401
11004|9.00|21.00|900402
11004|9.00|21.00|900403
11004|9.00|21.00|900404
11004|9.50|21.50|900401
11004|9.50|21.50|900402
11004|9.50|21.50|900403
11004|9.50|21.50|900404
11002|10.00|22.00|900401
11002|10.00|22.00|900402
11002|10.00|22.00|900403
11002|10.00|22.00|900404
11002|10.50|22.50|900401
11002|10.50|22.50|900402
11002|10.50|22.50|900403
11002|10.50|22.50|900404
11002|11.00|23.00|900401
11002|11.00|23.00|900402
11002|11.00|23.00|900403
11002|11.00|23.00|900404
11002|11.50|23.50|900401
11002|11.50|23.50|900402
11002|11.50|23.50|900403
11002|11.50|23.50|900404
11004|12.00|24.00|900401
11004|12.00|24.00|900402
11004|12.00|24.00|900403
11004|12.00|24.00|900404
11004|12.50|24.50|900401
11004|12.50|24.50|900402
11004|12.50|24.50|900403
11004|12.50|24.50|900404
11004|13.00|25.00|900401
11004|13.00|25.00|900402
11004|13.00|25.00|900403
11004|13.00|25.00|900404
11004|13.50|25.50|900401
11004|13.50|25.50|900402
11004|13.50|25.50|900403
11004|13.50|25.50|900404
11002|14.00|26.00|900401
11002|14.00|26.00|900402
11002|14.00|26.00|900403
11002|14.00|26.00|900404
11002|14.50|26.50|900401
11002|14.50|26.50|900402
11002|14.50|26.50|900403
11002|14.50|26.50|900404
11002|15.00|27.00|900401
11002|15.00|27.00|900402
11002|15.00|27.00|900403
11002|15.00|27.00|900404
11002|15.50|27.50|900401
11002|15.50|27.50|900402
11002|15.50|27.50|900403
11002|15.50|27.50|900404
11004|16.00|28.00|900401
11004|16.00|28.00|900402
11004|16.00|28.00|900403
11004|16.00|28.00|900404
11004|16.50|28.50|900401
11004|16.50|28.50|900402
11004|16.50|28.50|900403
11004|16.50|28.50|900404
11004|17.00|29.00|900401
11004|17.00|29.00|900402
11004|17.00|29.00|900403
11004|17.00|29.00|900404
11004|17.50|29.50|900401
11004|17.50|29.50|900402
11004|17.50|29.50|900403
11004|17.50|29.50|900404
11002|18.00|30.00|900401
11002|18.00|30.00|900402
11002|18.00|30.00|900403
11002|18.00|30.00|900404
11002|18.50|30.50|900401
11002|18.50|30.50|900402
11002|18.50|30.50|900403
11002|18.50|30.50|900404
11002|19.00|31.00|900401
11002|19.00|31.00|900402
11002|19.00|31.00|900403
11002|19.00|31.00|900404
11002|19.50|31.50|900401
11002|19.50|31.50|900402
11002|19.50|31.50|900403
11002|19.50|31.50|900404
11004|20.00|32.00|900401
11004|20.00|32.00|900402
11004|20.00|32.00|900403
11004|20.00|32.00|900404
11004|20.50|32.50|900401
11004|20.50|32.50|900402
11004|20.50|32.50|900403
11004|20.50|32.50|900404
11004|21.00|33.00|900401
11004|21.00|33.00|900402
11004|21.00|33.00|900403
11004|21.00|33.00|900404
11004|21.50|33.50|900401
11004|21.50|33.50|900402
11004|21.50|33.50|900403
11004|21.50|33.50|900404
11002|22.00|34.00|900401
11002|22.00|34.00|900402
11002|22.00|34.00|900403
11002|22.00|34.00|900404
11002|22.50|34.50|900401
11002|22.50|34.50|900402
11002|22.50|34.50|900403
11002|22.50|34.50|900404
11002|23.00|35.00|900401
11002|23.00|35.00|900402
11002|23.00|35.00|900403
11002|23.00|35.00|900404
11002|23.50|35.50|900401
11002|23.50|35.50|900402
11002|23.50|35.50|900403
11002|23.50|35.50|900404
11004|24.00|36.00|900401
11004|24.00|36.00|900402
11004|24.00|36.00|900403
11004|24.00|36.00|900404
11004|24.50|36.50|900401
11004|24.50|36.50|900402
11004|24.50|36.50|900403
11004|24.50|36.50|900404
11004|25.00|37.00|900401
11004|25.00|37.00|900402
11004|25.00|37.00|900403
11004|25.00|37.00|900404
11004|25.50|37.50|900401
11004|25.50|37.50|900402
11004|25.50|37.50|900403
11004|25.50|37.50|900404
11002|26.00|38.00|900401
11002|26.00|38.00|900402
11002|26.00|38.00|900403
11002|26.00|38.00|900404
11002|26.50|38.50|900401
11002|26.50|38.50|900402
11002|26.50|38.50|900403
11002|26.50|38.50|900404
11002|27.00|39.00|900401
11002|27.00|39.00|900402
11002|27.00|39.00|900403
11002|27.00|39.00|900404
11002|27.50|39.50|900401
11002|27.50|39.50|900402
11002|27.50|39.50|900403
11002|27.50|39.50|900404
11004|28.00|40.00|900401
11004|28.00|40.00|900402
11004|28.00|40.00|900403
11004|28.00|40.00|900404
11004|28.50|40.50|900401
11004|28.50|40.50|900402
11004|28.50|40.50|900403
11004|28.50|40.50|900404
11004|29.00|41.00|900401
11004|29.00|41.00|900402
11004|29.00|41.00|900403
11004|29.00|41.00|900404
11004|29.50|41.50|900401
11004|29.50|41.50|900402
11004|29.50|41.50|900403
11004|29.50|41.50|900404
11002|30.00|42.00|900401
11002|30.00|42.00|900402
11002|30.00|42.00|900403
11002|30.00|42.00|900404
11002|30.50|42.50|900401
11002|30.50|42.50|900402
11002|30.50|42.50|900403
11002|30.50|42.50|900404
11002|31.00|43.00|900401
11002|31.00|43.00|900402
11002|31.00|43.00|900403
11002|31.00|43.00|900404
11002|31.50|43.50|900401
11002|31.50|43.50|900402
11002|31.50|43.50|900403
11002|31.50|43.50|900404
11004|32.00|44.00|900401
11004|32.00|44.00|900402
11004|32.00|44.00|900403
11004|32.00|44.00|900404
11004|32.50|44.50|900401
11004|32.50|44.50|900402
11004|32.50|44.50|900403
11004|32.50|44.50|900404
11004|33.00|45.00|900401
11004|33.00|45.00|900402
11004|33.00|45.00|900403
11004|33.00|45.00|900404
11004|33.50|45.50|900401
11004|33.50|45.50|900402
11004|33.50|45.50|900403
11004|33.50|45.50|900404
11002|34.00|46.00|900401
11002|34.00|46.00|900402
11002|34.00|46.00|900403
11002|34.00|46.00|900404
11002|34.50|46.50|900401
11002|34.50|46.50|900402
11002|34.50|46.50|900403
11002|34.50|46.50|900404
11002|35.00|47.00|900401
11002|35.00|47.00|900402
11002|35.00|47.00|900403
11002|35.00|47.00|900404
11002|35.50|47.50|900401
11002|35.50|47.50|900402
11002|35.50|47.50|900403
11002|35.50|47.50|900404
11004|36.00|48.00|900401
11004|36.00|48.00|900402
11004|36.00|48.00|900403
11004|36.00|48.00|900404
11004|36.50|48.50|900401
11004|36.50|48.50|900402
11004|36.50|48.50|900403
11004|36.50|48.50|900404
11004|37.00|49.00|900401
11004|37.00|49.00|900402
11004|37.00|49.00|900403
11004|37.00|49.00|900404
11004|37.50|49.50|900401
11004|37.50|49.50|900402
11004|37.50|49.50|900403
11004|37.50|49.50|900404
11002|38.00|50.00|900401
11002|38.00|50.00|900402
11002|38.00|50.00|900403
11002|38.00|50.00|900404
11002|38.50|50.50|900401
11002|38.50|50.50|900402
11002|38.50|50.50|900403
11002|38.50|50.50|900404
11002|39.00|51.00|900401
11002|39.00|51.00|900402
11002|39.00|51.00|900403
11002|39.00|51.00|900404
11002|39.50|51.50|900401
11002|39.50|51.50|900402
11002|39.50|51.50|900403
11002|39.50|51.50|900404
11004|40.00|52.00|900401
11004|40.00|52.00|900402
11004|40.00|52.00|900403
11004|40.00|52.00|900404
11004|40.50|52.50|900401
11004|40.50|52.50|900402
11004|40.50|52.50|900403
11004|40.50|52.50|900404
11004|41.00|53.00|900401
11004|41.00|53.00|900402
11004|41.00|53.00|900403
11004|41.00|53.00|900404
11004|41.50|53.50|900401
11004|41.50|53.50|900402
11004|41.50|53.50|900403
11004|41.50|53.50|900404
11002|42.00|54.00|900401
11002|42.00|54.00|900402
11002|42.00|54.00|900403
11002|42.00|54.00|900404
11002|42.50|54.50|900401
11002|42.50|54.50|900402
11002|42.50|54.50|900403
11002|42.50|54.50|900404
11002|43.00|55.00|900401
11002|43.00|55.00|900402
11002|43.00|55.00|900403
11002|43.00|55.00|900404
11002|43.50|55.50|900401
11002|43.50|55.50|900402
11002|43.50|55.50|900403
11002|43.50|55.50|900404
11004|44.00|56.00|900401
11004|44.00|56.00|900402
11004|44.00|56.00|900403
11004|44.00|56.00|900404
11004|44.50|56.50|900401
11004|44.50|56.50|900402
11004|44.50|56.50|900403
11004|44.50|56.50|900404
11004|45.00|57.00|900401
11004|45.00|57.00|900402
11004|45.00|57.00|900403
11004|45.00|57.00|900404
11004|45.50|57.50|900401
11004|45.50|57.50|900402
11004|45.50|57.50|900403
11004|45.50|57.50|900404
11002|46.00|58.00|900401
11002|46.00|58.00|900402
11002|46.00|58.00|900403
11002|46.00|58.00|900404
11002|46.50|58.50|900401
11002|46.50|58.50|900402
11002|46.50|58.50|900403
11002|46.50|58.50|900404
11002|47.00|59.00|900401
11002|47.00|59.00|900402
11002|47.00|59.00|900403
11002|47.00|59.00|900404
11002|47.50|59.50|900401
11002|47.50|59.50|900402
11002|47.50|59.50|900403
11002|47.50|59.50|900404
11004|48.00|60.00|900401
11004|48.00|60.00|900402
11004|48.00|60.00|900403
11004|48.00|60.00|900404
11004|48.50|60.50|900401
11004|48.50|60.50|900402
11004|48.50|60.50|900403
11004|48.50|60.50|900404
11004|49.00|61.00|900401
11004|49.00|61.00|900402
11004|49.00|61.00|900403
11004|49.00|61.00|900404
11004|49.50|61.50|900401
11004|49.50|61.50|900402
11004|49.50|61.50|900403
11004|49.50|61.50|900404
11002|50.00|62.00|900401
11002|50.00|62.00|900402
11002|50.00|62.00|900403
11002|50.00|62.00|900404
11002|50.50|62.50|900401
11002|50.50|62.50|900402
11002|50.50|62.50|900403
11002|50.50|62.50|900404
11002|51.00|63.00|900401
11002|51.00|63.00|900402
11002|51.00|63.00|900403
11002|51.00|63.00|900404
11002|51.50|63.50|900401
11002|51.50|63.50|900402
11002|51.50|63.50|900403
11002|51.50|63.50|900404
11004|52.00|64.00|900401
11004|52.00|64.00|900402
11004|52.00|64.00|900403
11004|52.00|64.00|900404
11004|52.50|64.50|900401
11004|52.50|64.50|900402
11004|52.50|64.50|900403
11004|52.50|64.50|900404
11004|53.00|65.00|900401
11004|53.00|65.00|900402
11004|53.00|65.00|900403
11004|53.00|65.00|900404
#tide_44412_2
65.00
14020|0.00|20.00|900405
11025|4.00|24.00|900405
14020|8.00|28.00|900405
11025|12.00|32.00|900405
14020|16.00|36.00|900405
11025|20.00|40.00|900405
14020|24.00|44.00|900405
11025|28.00|48.00|900405
14020|32.00|52.00|900405
11025|36.00|56.00|900405
14020|40.00|60.00|900405
11025|44.00|64.00|900405
11004|2.00|17.00|900406
11004|2.00|17.00|900407
11004|2.50|17.50|900406
11004|2.50|17.50|900407
11004|3.00|18.00|900406
11004|3.00|18.00|900407
11004|3.50|18.50|900406
11004|3.50|18.50|900407
11004|4.00|19.00|900406
11004|4.00|19.00|900407
11004|4.50|19.50|900406
11004|4.50|19.50|900407
11004|5.00|20.00|900406
11004|5.00|20.00|900407
11004|5.50|20.50|900406
11004|5.50|20.50|900407
11004|6.00|21.00|900406
11004|6.00|21.00|900407
11004|6.50|21.50|900406
11004|6.50|21.50|900407
11004|7.00|22.00|900406
11004|7.00|22.00|900407
11004|7.50|22.50|900406
11004|7.50|22.50|900407
11004|8.00|23.00|900406
11004|8.00|23.00|900407
11004|8.50|23.50|900406
11004|8.50|23.50|900407
11004|9.00|24.00|900406
11004|9.00|24.00|900407
11004|9.50|24.50|900406
11004|9.50|24.50|900407
11004|10.00|25.00|900406
11004|10.00|25.00|900407
11004|10.50|25.50|900406
11004|10.50|25.50|900407
11004|11.00|26.00|900406
11004|11.00|26.00|900407
11004|11.50|26.50|900406
11004|11.50|26.50|900407
11004|12.00|27.00|900406
11004|12.00|27.00|900407
11004|12.50|27.50|900406
11004|12.50|27.50|900407
11004|13.00|28.00|900406
11004|13.00|28.00|900407
11004|13.50|28.50|900406
11004|13.50|28.50|900407
11004|14.00|29.00|900406
11004|14.00|29.00|900407
11004|14.50|29.50|900406
11004|14.50|29.50|900407
11004|15.00|30.00|900406
11004|15.00|30.00|900407
11004|15.50|30.50|900406
11004|15.50|30.50|900407
11004|16.00|31.00|900406
11004|16.00|31.00|900407
11004|16.50|31.50|900406
11004|16.50|31.50|900407
11004|17.00|32.00|900406
11004|17.00|32.00|900407
11004|17.50|32.50|900406
11004|17.50|32.50|900407
11004|18.00|33.00|900406
11004|18.00|33.00|900407
11004|18.50|33.50|900406
11004|18.50|33.50|900407
11004|19.00|34.00|900406
11004|19.00|34.00|900407
11004|19.50|34.50|900406
11004|19.50|34.50|900407
11004|20.00|35.00|900406
11004|20.00|35.00|900407
11004|20.50|35.50|900406
11004|20.50|35.50|900407
11004|21.00|36.00|900406
11004|21.00|36.00|900407
11004|21.50|36.50|900406
11004|21.50|36.50|900407
11004|22.00|37.00|900406
11004|22.00|37.00|900407
11004|22.50|37.50|900406
11004|22.50|37.50|900407
11004|23.00|38.00|900406
11004|23.00|38.00|900407
11004|23.50|38.50|900406
11004|23.50|38.50|900407
11004|24.00|39.00|900406
11004|24.00|39.00|900407
11004|24.50|39.50|900406
11004|24.50|39.50|900407
11004|25.00|40.00|900406
11004|25.00|40.00|900407
11004|25.50|40.50|900406
11004|25.50|40.50|900407
11004|26.00|41.00|900406
11004|26.00|41.00|900407
11004|26.50|41.50|900406
11004|26.50|41.50|900407
11004|27.00|42.00|900406
11004|27.00|42.00|900407
11004|27.50|42.50|900406
11004|27.50|42.50|900407
11004|28.00|43.00|900406
11004|28.00|43.00|900407
11004|28.50|43.50|900406
11004|28.50|43.50|900407
11004|29.00|44.00|900406
11004|29.00|44.00|900407
11004|29.50|44.50|900406
11004|29.50|44.50|900407
11004|30.00|45.00|900406
11004|30.00|45.00|900407
11004|30.50|45.50|900406
11004|30.50|45.50|900407
11004|31.00|46.00|900406
11004|31.00|46.00|900407
11004|31.50|46.50|900406
11004|31.50|46.50|900407
11004|32.00|47.00|900406
11004|32.00|47.00|900407
11004|32.50|47.50|900406
11004|32.50|47.50|900407
11004|33.00|48.00|900406
11004|33.00|48.00|900407
11004|33.50|48.50|900406
11004|33.50|48.50|900407
11004|34.00|49.00|900406
11004|34.00|49.00|900407
11004|34.50|49.50|900406
11004|34.50|49.50|900407
11004|35.00|50.00|900406
11004|35.00|50.00|900407
11004|35.50|50.50|900406
11004|35.50|50.50|900407
11004|36.00|51.00|900406
11004|36.00|51.00|900407
11004|36.50|51.50|900406
11004|36.50|51.50|900407
11004|37.00|52.00|900406
11004|37.00|52.00|900407
11004|37.50|52.50|900406
11004|37.50|52.50|900407
11004|38.00|53.00|900406
11004|38.00|53.00|900407
11004|38.50|53.50|900406
11004|38.50|53.50|900407
11004|39.00|54.00|900406
11004|39.00|54.00|900407
11004|39.50|54.50|900406
11004|39.50|54.50|900407
11004|40.00|55.00|900406
11004|40.00|55.00|900407
11004|40.50|55.50|900406
11004|40.50|55.50|900407
11004|41.00|56.00|900406
11004|41.00|56.00|900407
11004|41.50|56.50|900406
11004|41.50|56.50|900407
11004|42.00|57.00|900406
11004|42.00|57.00|900407
11004|42.50|57.50|900406
11004|42.50|57.50|900407
11004|43.00|58.00|900406
11004|43.00|58.00|900407
11004|43.50|58.50|900406
11004|43.50|58.50|900407
11004|44.00|59.00|900406
11004|44.00|59.00|900407
11004|44.50|59.50|900406
11004|44.50|59.50|900407
11004|45.00|60.00|900406
11004|45.00|60.00|900407
11004|45.50|60.50|900406
11004|45.50|60.50|900407
11004|46.00|61.00|900406
11004|46.00|61.00|900407
11004|46.50|61.50|900406
11004|46.50|61.50|900407
11004|47.00|62.00|900406
11004|47.00|62.00|900407
11004|47.50|62.50|900406
11004|47.50|62.50|900407
11004|48.00|63.00|900406
11004|48.00|63.00|900407
11004|48.50|63.50|900406
11004|48.50|63.50|900407
11004|49.00|64.00|900406
11004|49.00|64.00|900407
11004|49.50|64.50|900406
11004|49.50|64.50|900407
11004|50.00|65.00|900406
11004|50.00|65.00|900407
#tide_44412_3
65.00
77228|0.00|30.00|1011213
16040|25.00|43.00|1010394
60118|35.00|65.00|1010463
11011|0.00|20.00|1003091
11011|0.00|20.00|1003182
11011|0.00|20.00|1003023
11011|0.00|20.00|1003174
11011|0.00|20.00|1003111
11011|0.00|20.00|1003162
11011|0.00|20.00|1003003
11011|0.00|20.00|1003044
11011|0.00|20.00|1003163
11011|2.00|22.00|1003051
11011|2.00|22.00|1003102
11011|2.00|22.00|1003083
11011|2.00|22.00|1003164
11011|2.00|22.00|1003011
11011|2.00|22.00|1003062
11011|2.00|22.00|1003053
11011|2.00|22.00|1003204
11011|2.00|22.00|1003141
11011|4.00|24.00|1003001
11011|4.00|24.00|1003192
11011|4.00|24.00|1003103
11011|4.00|24.00|1003154
11011|4.00|24.00|1003031
11011|4.00|24.00|1003032
11011|4.00|24.00|1003083
11011|4.00|24.00|1003034
11011|4.00|24.00|1003164
11011|6.00|26.00|1003091
11011|6.00|26.00|1003122
11011|6.00|26.00|1003113
11011|6.00|26.00|1003124
11011|6.00|26.00|1003051
11011|6.00|26.00|1003202
11011|6.00|26.00|1003063
11011|6.00|26.00|1003074
11011|6.00|26.00|1003051
11011|8.00|28.00|1003181
11011|8.00|28.00|1003032
11011|8.00|28.00|1003193
11011|8.00|28.00|1003024
11011|8.00|28.00|1003031
11011|8.00|28.00|1003072
11011|8.00|28.00|1003053
11011|8.00|28.00|1003164
11011|8.00|28.00|1003074
11011|10.00|30.00|1003031
11011|10.00|30.00|1003032
11011|10.00|30.00|1003113
11011|10.00|30.00|1003064
11011|10.00|30.00|1002991
11011|10.00|30.00|1003012
11011|10.00|30.00|1003073
11011|10.00|30.00|1003194
11011|10.00|30.00|1003113
11011|12.00|32.00|1003111
11011|12.00|32.00|1003182
11011|12.00|32.00|1003203
11011|12.00|32.00|1003164
11011|12.00|32.00|1003021
11011|12.00|32.00|1002992
11011|12.00|32.00|1003123
11011|12.00|32.00|1003014
11011|12.00|32.00|1003144
11011|14.00|34.00|1003201
11011|14.00|34.00|1003072
11011|14.00|34.00|1003043
11011|14.00|34.00|1003164
11011|14.00|34.00|1003081
11011|14.00|34.00|1003182
11011|14.00|34.00|1003053
11011|14.00|34.00|1003124
11011|14.00|34.00|1003113
11011|16.00|36.00|1003051
11011|16.00|36.00|1003182
11011|16.00|36.00|1003083
11011|16.00|36.00|1003014
11011|16.00|36.00|1003201
11011|16.00|36.00|1003192
11011|16.00|36.00|1003023
11011|16.00|36.00|1003064
11011|16.00|36.00|1003134
11011|18.00|38.00|1003001
11011|18.00|38.00|1003122
11011|18.00|38.00|1003003
11011|18.00|38.00|1003154
11011|18.00|38.00|1003031
11011|18.00|38.00|1003052
11011|18.00|38.00|1003033
11011|18.00|38.00|1003194
11011|18.00|38.00|1003031
11011|20.00|40.00|1003091
11011|20.00|40.00|1003002
11011|20.00|40.00|1003203
11011|20.00|40.00|1003134
11011|20.00|40.00|1003151
11011|20.00|40.00|1003162
11011|20.00|40.00|1003143
11011|20.00|40.00|1003164
11011|20.00|40.00|1003161
11011|22.00|42.00|1003031
11011|22.00|42.00|1003112
11011|22.00|42.00|1003113
11011|22.00|42.00|1003204
11011|22.00|42.00|1003201
11011|22.00|42.00|1003052
11011|22.00|42.00|1003083
11011|22.00|42.00|1003144
11011|22.00|42.00|1003164
11011|24.00|44.00|1002991
11011|24.00|44.00|1003132
11011|24.00|44.00|1003113
11011|24.00|44.00|1003134
11011|24.00|44.00|1002991
11011|24.00|44.00|1003172
11011|24.00|44.00|1003103
11011|24.00|44.00|1003094
11011|24.00|44.00|1003061
11011|26.00|46.00|1003001
11011|26.00|46.00|1003142
11011|26.00|46.00|1003133
11011|26.00|46.00|1003194
11011|26.00|46.00|1003021
11011|26.00|46.00|1003042
11011|26.00|46.00|1003163
11011|26.00|46.00|1003164
11011|26.00|46.00|1003014
11011|28.00|48.00|1003181
11011|28.00|48.00|1003082
11011|28.00|48.00|1003183
11011|28.00|48.00|1003154
11011|28.00|48.00|1003031
11011|28.00|48.00|1003112
11011|28.00|48.00|1003053
11011|28.00|48.00|1003184
11011|28.00|48.00|1003144
11011|30.00|50.00|1003101
11011|30.00|50.00|1003112
11011|30.00|50.00|1003163
11011|30.00|50.00|1003184
11011|30.00|50.00|1003081
11011|30.00|50.00|1003152
11011|30.00|50.00|1003053
11011|30.00|50.00|1003064
11011|30.00|50.00|1003084
11011|32.00|52.00|1003051
11011|32.00|52.00|1003172
11011|32.00|52.00|1003163
11011|32.00|52.00|1003164
11011|32.00|52.00|1003191
11011|32.00|52.00|1003152
11011|32.00|52.00|1003033
11011|32.00|52.00|1003184
11011|32.00|52.00|1003151
11011|34.00|54.00|1003151
11011|34.00|54.00|1003062
11011|34.00|54.00|1003153
11011|34.00|54.00|1003044
11011|34.00|54.00|1003031
11011|34.00|54.00|1003132
11011|34.00|54.00|1003133
11011|34.00|54.00|1003164
11011|34.00|54.00|1003004
11011|36.00|56.00|1003141
11011|36.00|56.00|1003012
11011|36.00|56.00|1003183
11011|36.00|56.00|1002994
11011|36.00|56.00|1003131
11011|36.00|56.00|1003112
11011|36.00|56.00|1003103
11011|36.00|56.00|1003014
11011|36.00|56.00|1002992
11011|38.00|58.00|1003091
11011|38.00|58.00|1003072
11011|38.00|58.00|1003133
11011|38.00|58.00|1003104
11011|38.00|58.00|1003111
11011|38.00|58.00|1003122
11011|38.00|58.00|1003163
11011|38.00|58.00|1003144
11011|38.00|58.00|1003174
11011|40.00|60.00|1003111
11011|40.00|60.00|1003122
11011|40.00|60.00|1003153
11011|40.00|60.00|1003084
11011|40.00|60.00|1003071
11011|40.00|60.00|1003152
11011|40.00|60.00|1003023
11011|40.00|60.00|1003084
11011|40.00|60.00|1003184
11011|42.00|62.00|1003161
11011|42.00|62.00|1003132
11011|42.00|62.00|1002993
11011|42.00|62.00|1003004
11011|42.00|62.00|1003121
11011|42.00|62.00|1003042
11011|42.00|62.00|1003203
11011|42.00|62.00|1003144
11011|42.00|62.00|1003191
11011|44.00|64.00|1003181
11011|44.00|64.00|1003032
11011|44.00|64.00|1003063
11011|44.00|64.00|1003044
11011|44.00|64.00|1003081
11011|44.00|64.00|1003102
11011|44.00|64.00|1003003
11011|44.00|64.00|1003124
11011|44.00|64.00|1002991
#tide_44412_4
65.00
14015|0.00|20.00|900405
11021|3.00|23.00|900405
14015|6.00|26.00|900405
11021|9.00|29.00|900405
14015|12.00|32.00|900405
11021|15.00|35.00|900405
14015|18.00|38.00|900405
11021|21.00|41.00|900405
14015|24.00|44.00|900405
11021|27.00|47.00|900405
14015|30.00|50.00|900405
11021|33.00|53.00|900405
14015|36.00|56.00|900405
11021|39.00|59.00|900405
14015|42.00|62.00|900405
11021|45.00|65.00|900405
11004|3.00|15.00|900408
11004|3.00|15.00|900409
11003|3.00|15.00|900410
11003|3.00|15.00|900411
11004|4.00|16.00|900408
11004|4.00|16.00|900409
11003|4.00|16.00|900410
11003|4.00|16.00|900411
11004|5.00|17.00|900408
11004|5.00|17.00|900409
11003|5.00|17.00|900410
11003|5.00|17.00|900411
11004|6.00|18.00|900408
11004|6.00|18.00|900409
11003|6.00|18.00|900410
11003|6.00|18.00|900411
11004|7.00|19.00|900408
11004|7.00|19.00|900409
11003|7.00|19.00|900410
11003|7.00|19.00|900411
11004|8.00|20.00|900408
11004|8.00|20.00|900409
11003|8.00|20.00|900410
11003|8.00|20.00|900411
11004|9.00|21.00|900408
11004|9.00|21.00|900409
11003|9.00|21.00|900410
11003|9.00|21.00|900411
11004|10.00|22.00|900408
11004|10.00|22.00|900409
11003|10.00|22.00|900410
11003|10.00|22.00|900411
11004|11.00|23.00|900408
11004|11.00|23.00|900409
11003|11.00|23.00|900410
11003|11.00|23.00|900411
11004|12.00|24.00|900408
11004|12.00|24.00|900409
11003|12.00|24.00|900410
11003|12.00|24.00|900411
11004|13.00|25.00|900408
11004|13.00|25.00|900409
11003|13.00|25.00|900410
11003|13.00|25.00|900411
11004|14.00|26.00|900408
11004|14.00|26.00|900409
11003|14.00|26.00|900410
11003|14.00|26.00|900411
11004|15.00|27.00|900408
11004|15.00|27.00|900409
11003|15.00|27.00|900410
11003|15.00|27.00|900411
11004|16.00|28.00|900408
11004|16.00|28.00|900409
11003|16.00|28.00|900410
11003|16.00|28.00|900411
11004|17.00|29.00|900408
11004|17.00|29.00|900409
11003|17.00|29.00|900410
11003|17.00|29.00|900411
11004|18.00|30.00|900408
11004|18.00|30.00|900409
11003|18.00|30.00|900410
11003|18.00|30.00|900411
11004|19.00|31.00|900408
11004|19.00|31.00|900409
11003|19.00|31.00|900410
11003|19.00|31.00|900411
11004|20.00|32.00|900408
11004|20.00|32.00|900409
11003|20.00|32.00|900410
11003|20.00|32.00|900411
11004|21.00|33.00|900408
11004|21.00|33.00|900409
11003|21.00|33.00|900410
11003|21.00|33.00|900411
11004|22.00|34.00|900408
11004|22.00|34.00|900409
11003|22.00|34.00|900410
11003|22.00|34.00|900411
11004|23.00|35.00|900408
11004|23.00|35.00|900409
11003|23.00|35.00|900410
11003|23.00|35.00|900411
11004|24.00|36.00|900408
11004|24.00|36.00|900409
11003|24.00|36.00|900410
11003|24.00|36.00|900411
11004|25.00|37.00|900408
11004|25.00|37.00|900409
11003|25.00|37.00|900410
11003|25.00|37.00|900411
11004|26.00|38.00|900408
11004|26.00|38.00|900409
11003|26.00|38.00|900410
11003|26.00|38.00|900411
11004|27.00|39.00|900408
11004|27.00|39.00|900409
11003|27.00|39.00|900410
11003|27.00|39.00|900411
11004|28.00|40.00|900408
11004|28.00|40.00|900409
11003|28.00|40.00|900410
11003|28.00|40.00|900411
11004|29.00|41.00|900408
11004|29.00|41.00|900409
11003|29.00|41.00|900410
11003|29.00|41.00|900411
11004|30.00|42.00|900408
11004|30.00|42.00|900409
11003|30.00|42.00|900410
11003|30.00|42.00|900411
11004|31.00|43.00|900408
11004|31.00|43.00|900409
11003|31.00|43.00|900410
11003|31.00|43.00|900411
11004|32.00|44.00|900408
11004|32.00|44.00|900409
11003|32.00|44.00|900410
11003|32.00|44.00|900411
11004|33.00|45.00|900408
11004|33.00|45.00|900409
11003|33.00|45.00|900410
11003|33.00|45.00|900411
11004|34.00|46.00|900408
11004|34.00|46.00|900409
11003|34.00|46.00|900410
11003|34.00|46.00|900411
11004|35.00|47.00|900408
11004|35.00|47.00|900409
11003|35.00|47.00|900410
11003|35.00|47.00|900411
11004|36.00|48.00|900408
11004|36.00|48.00|900409
11003|36.00|48.00|900410
11003|36.00|48.00|900411
11004|37.00|49.00|900408
11004|37.00|49.00|900409
11003|37.00|49.00|900410
11003|37.00|49.00|900411
11004|38.00|50.00|900408
11004|38.00|50.00|900409
11003|38.00|50.00|900410
11003|38.00|50.00|900411
11004|39.00|51.00|900408
11004|39.00|51.00|900409
11003|39.00|51.00|900410
11003|39.00|51.00|900411
11004|40.00|52.00|900408
11004|40.00|52.00|900409
11003|40.00|52.00|900410
11003|40.00|52.00|900411
11004|41.00|53.00|900408
11004|41.00|53.00|900409
11003|41.00|53.00|900410
11003|41.00|53.00|900411
11004|42.00|54.00|900408
11004|42.00|54.00|900409
11003|42.00|54.00|900410
11003|42.00|54.00|900411
11004|43.00|55.00|900408
11004|43.00|55.00|900409
11003|43.00|55.00|900410
11003|43.00|55.00|900411
11004|44.00|56.00|900408
11004|44.00|56.00|900409
11003|44.00|56.00|900410
11003|44.00|56.00|900411
11004|45.00|57.00|900408
11004|45.00|57.00|900409
11003|45.00|57.00|900410
11003|45.00|57.00|900411
11004|46.00|58.00|900408
11004|46.00|58.00|900409
11003|46.00|58.00|900410
11003|46.00|58.00|900411
11004|47.00|59.00|900408
11004|47.00|59.00|900409
11003|47.00|59.00|900410
11003|47.00|59.00|900411
11004|48.00|60.00|900408
11004|48.00|60.00|900409
11003|48.00|60.00|900410
11003|48.00|60.00|900411
11004|49.00|61.00|900408
11004|49.00|61.00|900409
11003|49.00|61.00|900410
11003|49.00|61.00|900411
11004|50.00|62.00|900408
11004|50.00|62.00|900409
11003|50.00|62.00|900410
11003|50.00|62.00|900411
11004|51.00|63.00|900408
11004|51.00|63.00|900409
11003|51.00|63.00|900410
11003|51.00|63.00|900411
11004|52.00|64.00|900408
11004|52.00|64.00|900409
11003|52.00|64.00|900410
11003|52.00|64.00|900411
11004|53.00|65.00|900408
11004|53.00|65.00|900409
11003|53.00|65.00|900410
11003|53.00|65.00|900411
#tide_44412_5
65.00
60118|0.00|65.00|900451
60118|0.00|65.00|900452
11004|0.00|42.00|900412
11004|0.00|42.00|900413
11004|0.50|42.50|900412
11004|0.50|42.50|900413
11004|1.00|43.00|900412
11004|1.00|43.00|900413
11004|1.50|43.50|900412
11004|1.50|43.50|900413
11004|2.00|44.00|900412
11004|2.00|44.00|900413
11004|2.50|44.50|900412
11004|2.50|44.50|900413
11004|3.00|45.00|900412
11004|3.00|45.00|900413
11004|3.50|45.50|900412
11004|3.50|45.50|900413
11004|4.00|46.00|900412
11004|4.00|46.00|900413
11004|4.50|46.50|900412
11004|4.50|46.50|900413
11004|5.00|47.00|900412
11004|5.00|47.00|900413
11004|5.50|47.50|900412
11004|5.50|47.50|900413
11004|6.00|48.00|900412
11004|6.00|48.00|900413
11004|6.50|48.50|900412
11004|6.50|48.50|900413
11004|7.00|49.00|900412
11004|7.00|49.00|900413
11004|7.50|49.50|900412
11004|7.50|49.50|900413
11004|8.00|50.00|900412
11004|8.00|50.00|900413
11004|8.50|50.50|900412
11004|8.50|50.50|900413
11004|9.00|51.00|900412
11004|9.00|51.00|900413
11004|9.50|51.50|900412
11004|9.50|51.50|900413
11004|10.00|52.00|900412
11004|10.00|52.00|900413
11004|10.50|52.50|900412
11004|10.50|52.50|900413
11004|11.00|53.00|900412
11004|11.00|53.00|900413
11004|11.50|53.50|900412
11004|11.50|53.50|900413
11004|12.00|54.00|900412
11004|12.00|54.00|900413
11004|12.50|54.50|900412
11004|12.50|54.50|900413
11004|13.00|55.00|900412
11004|13.00|55.00|900413
11004|13.50|55.50|900412
11004|13.50|55.50|900413
11004|14.00|56.00|900412
11004|14.00|56.00|900413
11004|14.50|56.50|900412
11004|14.50|56.50|900413
11004|15.00|57.00|900412
11004|15.00|57.00|900413
11004|15.50|57.50|900412
11004|15.50|57.50|900413
11004|16.00|58.00|900412
11004|16.00|58.00|900413
11004|16.50|58.50|900412
11004|16.50|58.50|900413
11004|17.00|59.00|900412
11004|17.00|59.00|900413
11004|17.50|59.50|900412
11004|17.50|59.50|900413
11004|18.00|60.00|900412
11004|18.00|60.00|900413
11004|18.50|60.50|900412
11004|18.50|60.50|900413
11004|19.00|61.00|900412
11004|19.00|61.00|900413
11004|19.50|61.50|900412
11004|19.50|61.50|900413
11004|20.00|62.00|900412
11004|20.00|62.00|900413
11004|20.50|62.50|900412
11004|20.50|62.50|900413
11004|21.00|63.00|900412
11004|21.00|63.00|900413
11004|21.50|63.50|900412
11004|21.50|63.50|900413
11004|22.00|64.00|900412
11004|22.00|64.00|900413
11004|22.50|64.50|900412
11004|22.50|64.50|900413
11004|23.00|65.00|900412
11004|23.00|65.00|900413
11002|0.00|42.00|900414
11002|0.00|42.00|900415
11002|0.50|42.50|900414
11002|0.50|42.50|900415
11002|1.00|43.00|900414
11002|1.00|43.00|900415
11002|1.50|43.50|900414
11002|1.50|43.50|900415
11002|2.00|44.00|900414
11002|2.00|44.00|900415
11002|2.50|44.50|900414
11002|2.50|44.50|900415
11002|3.00|45.00|900414
11002|3.00|45.00|900415
11002|3.50|45.50|900414
11002|3.50|45.50|900415
11002|4.00|46.00|900414
11002|4.00|46.00|900415
11002|4.50|46.50|900414
11002|4.50|46.50|900415
11002|5.00|47.00|900414
11002|5.00|47.00|900415
11002|5.50|47.50|900414
11002|5.50|47.50|900415
11002|6.00|48.00|900414
11002|6.00|48.00|900415
11002|6.50|48.50|900414
11002|6.50|48.50|900415
11002|7.00|49.00|900414
11002|7.00|49.00|900415
11002|7.50|49.50|900414
11002|7.50|49.50|900415
11002|8.00|50.00|900414
11002|8.00|50.00|900415
11002|8.50|50.50|900414
11002|8.50|50.50|900415
11002|9.00|51.00|900414
11002|9.00|51.00|900415
11002|9.50|51.50|900414
11002|9.50|51.50|900415
11002|10.00|52.00|900414
11002|10.00|52.00|900415
11002|10.50|52.50|900414
11002|10.50|52.50|900415
11002|11.00|53.00|900414
11002|11.00|53.00|900415
11002|11.50|53.50|900414
11002|11.50|53.50|900415
11002|12.00|54.00|900414
11002|12.00|54.00|900415
11002|12.50|54.50|900414
11002|12.50|54.50|900415
11002|13.00|55.00|900414
11002|13.00|55.00|900415
11002|13.50|55.50|900414
11002|13.50|55.50|900415
11002|14.00|56.00|900414
11002|14.00|56.00|900415
11002|14.50|56.50|900414
11002|14.50|56.50|900415
11002|15.00|57.00|900414
11002|15.00|57.00|900415
11002|15.50|57.50|900414
11002|15.50|57.50|900415
11002|16.00|58.00|900414
11002|16.00|58.00|900415
11002|16.50|58.50|900414
11002|16.50|58.50|900415
11002|17.00|59.00|900414
11002|17.00|59.00|900415
11002|17.50|59.50|900414
11002|17.50|59.50|900415
11002|18.00|60.00|900414
11002|18.00|60.00|900415
11002|18.50|60.50|900414
11002|18.50|60.50|900415
11002|19.00|61.00|900414
11002|19.00|61.00|900415
11002|19.50|61.50|900414
11002|19.50|61.50|900415
11002|20.00|62.00|900414
11002|20.00|62.00|900415
11002|20.50|62.50|900414
11002|20.50|62.50|900415
11002|21.00|63.00|900414
11002|21.00|63.00|900415
11002|21.50|63.50|900414
11002|21.50|63.50|900415
11002|22.00|64.00|900414
11002|22.00|64.00|900415
11002|22.50|64.50|900414
11002|22.50|64.50|900415
11002|23.00|65.00|900414
11002|23.00|65.00|900415
#tide_44412_6
65.00
11004|0.00|16.00|900416
11004|0.00|16.00|900418
11004|0.00|16.00|900422
11004|0.00|16.00|900424
11004|1.00|17.00|900416
11004|1.00|17.00|900418
11004|1.00|17.00|900422
11004|1.00|17.00|900424
11004|2.00|18.00|900416
11004|2.00|18.00|900418
11004|2.00|18.00|900422
11004|2.00|18.00|900424
11004|3.00|19.00|900416
11004|3.00|19.00|900418
11004|3.00|19.00|900422
11004|3.00|19.00|900424
11004|4.00|20.00|900416
11004|4.00|20.00|900418
11004|4.00|20.00|900422
11004|4.00|20.00|900424
11004|5.00|21.00|900416
11004|5.00|21.00|900418
11004|5.00|21.00|900422
11004|5.00|21.00|900424
11004|6.00|22.00|900416
11004|6.00|22.00|900418
11004|6.00|22.00|900422
11004|6.00|22.00|900424
11004|7.00|23.00|900416
11004|7.00|23.00|900418
11004|7.00|23.00|900422
11004|7.00|23.00|900424
11004|8.00|24.00|900416
11004|8.00|24.00|900418
11004|8.00|24.00|900422
11004|8.00|24.00|900424
11004|9.00|25.00|900416
11004|9.00|25.00|900418
11004|9.00|25.00|900422
11004|9.00|25.00|900424
11004|10.00|26.00|900416
11004|10.00|26.00|900418
11004|10.00|26.00|900422
11004|10.00|26.00|900424
11004|11.00|27.00|900416
11004|11.00|27.00|900418
11004|11.00|27.00|900422
11004|11.00|27.00|900424
11004|12.00|28.00|900416
11004|12.00|28.00|900418
11004|12.00|28.00|900422
11004|12.00|28.00|900424
11004|13.00|29.00|900416
11004|13.00|29.00|900418
11004|13.00|29.00|900422
11004|13.00|29.00|900424
11004|14.00|30.00|900416
11004|14.00|30.00|900418
11004|14.00|30.00|900422
11004|14.00|30.00|900424
11004|15.00|31.00|900416
11004|15.00|31.00|900418
11004|15.00|31.00|900422
11004|15.00|31.00|900424
11004|16.00|32.00|900416
11004|16.00|32.00|900418
11004|16.00|32.00|900422
11004|16.00|32.00|900424
11004|17.00|33.00|900416
11004|17.00|33.00|900418
11004|17.00|33.00|900422
11004|17.00|33.00|900424
11004|18.00|34.00|900416
11004|18.00|34.00|900418
11004|18.00|34.00|900422
11004|18.00|34.00|900424
11004|19.00|35.00|900416
11004|19.00|35.00|900418
11004|19.00|35.00|900422
11004|19.00|35.00|900424
11004|20.00|36.00|900416
11004|20.00|36.00|900418
11004|20.00|36.00|900422
11004|20.00|36.00|900424
11004|21.00|37.00|900416
11004|21.00|37.00|900418
11004|21.00|37.00|900422
11004|21.00|37.00|900424
11004|22.00|38.00|900416
11004|22.00|38.00|900418
11004|22.00|38.00|900422
11004|22.00|38.00|900424
11004|23.00|39.00|900416
11004|23.00|39.00|900418
11004|23.00|39.00|900422
11004|23.00|39.00|900424
11004|24.00|40.00|900416
11004|24.00|40.00|900418
11004|24.00|40.00|900422
11004|24.00|40.00|900424
11004|25.00|41.00|900416
11004|25.00|41.00|900418
11004|25.00|41.00|900422
11004|25.00|41.00|900424
11004|26.00|42.00|900416
11004|26.00|42.00|900418
11004|26.00|42.00|900422
11004|26.00|42.00|900424
11004|27.00|43.00|900416
11004|27.00|43.00|900418
11004|27.00|43.00|900422
11004|27.00|43.00|900424
11004|28.00|44.00|900416
11004|28.00|44.00|900418
11004|28.00|44.00|900422
11004|28.00|44.00|900424
11004|29.00|45.00|900416
11004|29.00|45.00|900418
11004|29.00|45.00|900422
11004|29.00|45.00|900424
11004|30.00|46.00|900416
11004|30.00|46.00|900418
11004|30.00|46.00|900422
11004|30.00|46.00|900424
11004|31.00|47.00|900416
11004|31.00|47.00|900418
11004|31.00|47.00|900422
11004|31.00|47.00|900424
11004|32.00|48.00|900416
11004|32.00|48.00|900418
11004|32.00|48.00|900422
11004|32.00|48.00|900424
11004|33.00|49.00|900416
11004|33.00|49.00|900418
11004|33.00|49.00|900422
11004|33.00|49.00|900424
11004|34.00|50.00|900416
11004|34.00|50.00|900418
11004|34.00|50.00|900422
11004|34.00|50.00|900424
11004|35.00|51.00|900416
11004|35.00|51.00|900418
11004|35.00|51.00|900422
11004|35.00|51.00|900424
11004|36.00|52.00|900416
11004|36.00|52.00|900418
11004|36.00|52.00|900422
11004|36.00|52.00|900424
11004|37.00|53.00|900416
11004|37.00|53.00|900418
11004|37.00|53.00|900422
11004|37.00|53.00|900424
11004|38.00|54.00|900416
11004|38.00|54.00|900418
11004|38.00|54.00|900422
11004|38.00|54.00|900424
11004|39.00|55.00|900416
11004|39.00|55.00|900418
11004|39.00|55.00|900422
11004|39.00|55.00|900424
11004|40.00|56.00|900416
11004|40.00|56.00|900418
11004|40.00|56.00|900422
11004|40.00|56.00|900424
11004|41.00|57.00|900416
11004|41.00|57.00|900418
11004|41.00|57.00|900422
11004|41.00|57.00|900424
11004|42.00|58.00|900416
11004|42.00|58.00|900418
11004|42.00|58.00|900422
11004|42.00|58.00|900424
11004|43.00|59.00|900416
11004|43.00|59.00|900418
11004|43.00|59.00|900422
11004|43.00|59.00|900424
11004|44.00|60.00|900416
11004|44.00|60.00|900418
11004|44.00|60.00|900422
11004|44.00|60.00|900424
11004|45.00|61.00|900416
11004|45.00|61.00|900418
11004|45.00|61.00|900422
11004|45.00|61.00|900424
11004|46.00|62.00|900416
11004|46.00|62.00|900418
11004|46.00|62.00|900422
11004|46.00|62.00|900424
11004|47.00|63.00|900416
11004|47.00|63.00|900418
11004|47.00|63.00|900422
11004|47.00|63.00|900424
11004|48.00|64.00|900416
11004|48.00|64.00|900418
11004|48.00|64.00|900422
11004|48.00|64.00|900424
11004|49.00|65.00|900416
11004|49.00|65.00|900418
11004|49.00|65.00|900422
11004|49.00|65.00|900424
11013|0.00|16.00|900417
11013|0.00|16.00|900423
14013|2.00|18.00|900417
14013|2.00|18.00|900423
11013|4.00|20.00|900417
11013|4.00|20.00|900423
14013|6.00|22.00|900417
14013|6.00|22.00|900423
11013|8.00|24.00|900417
11013|8.00|24.00|900423
14013|10.00|26.00|900417
14013|10.00|26.00|900423
11013|12.00|28.00|900417
11013|12.00|28.00|900423
14013|14.00|30.00|900417
14013|14.00|30.00|900423
11013|16.00|32.00|900417
11013|16.00|32.00|900423
14013|18.00|34.00|900417
14013|18.00|34.00|900423
11013|20.00|36.00|900417
11013|20.00|36.00|900423
14013|22.00|38.00|900417
14013|22.00|38.00|900423
11013|24.00|40.00|900417
11013|24.00|40.00|900423
14013|26.00|42.00|900417
14013|26.00|42.00|900423
11013|28.00|44.00|900417
11013|28.00|44.00|900423
14013|30.00|46.00|900417
14013|30.00|46.00|900423
11013|32.00|48.00|900417
11013|32.00|48.00|900423
14013|34.00|50.00|900417
14013|34.00|50.00|900423
11013|36.00|52.00|900417
11013|36.00|52.00|900423
14013|38.00|54.00|900417
14013|38.00|54.00|900423
11013|40.00|56.00|900417
11013|40.00|56.00|900423
14013|42.00|58.00|900417
14013|42.00|58.00|900423
11013|44.00|60.00|900417
11013|44.00|60.00|900423
14013|46.00|62.00|900417
14013|46.00|62.00|900423
11013|48.00|64.00|900417
11013|48.00|64.00|900423
11020|0.00|16.00|900419
11020|0.00|16.00|900421
11020|2.00|18.00|900419
11020|2.00|18.00|900421
11021|4.50|20.50|900420
11020|7.00|23.00|900419
11020|7.00|23.00|900421
11020|9.00|25.00|900419
11020|9.00|25.00|900421
11021|11.50|27.50|900420
11020|14.00|30.00|900419
11020|14.00|30.00|900421
11020|16.00|32.00|900419
11020|16.00|32.00|900421
11021|18.50|34.50|900420
11020|21.00|37.00|900419
11020|21.00|37.00|900421
11020|23.00|39.00|900419
11020|23.00|39.00|900421
11021|25.50|41.50|900420
11020|28.00|44.00|900419
11020|28.00|44.00|900421
11020|30.00|46.00|900419
11020|30.00|46.00|900421
11021|32.50|48.50|900420
11020|35.00|51.00|900419
11020|35.00|51.00|900421
11020|37.00|53.00|900419
11020|37.00|53.00|900421
11021|39.50|55.50|900420
11020|42.00|58.00|900419
11020|42.00|58.00|900421
11020|44.00|60.00|900419
11020|44.00|60.00|900421
11021|46.50|62.50|900420
#tide_44412_7
65.00
60118|0.00|65.00|900453
11002|0.00|40.00|900425
11002|0.00|40.00|900426
11003|0.00|40.00|900427
11003|0.00|40.00|900428
11002|0.50|40.50|900425
11002|0.50|40.50|900426
11003|0.50|40.50|900427
11003|0.50|40.50|900428
11002|1.00|41.00|900425
11002|1.00|41.00|900426
11003|1.00|41.00|900427
11003|1.00|41.00|900428
11002|1.50|41.50|900425
11002|1.50|41.50|900426
11003|1.50|41.50|900427
11003|1.50|41.50|900428
11002|2.00|42.00|900425
11002|2.00|42.00|900426
11003|2.00|42.00|900427
11003|2.00|42.00|900428
11002|2.50|42.50|900425
11002|2.50|42.50|900426
11003|2.50|42.50|900427
11003|2.50|42.50|900428
11002|3.00|43.00|900425
11002|3.00|43.00|900426
11003|3.00|43.00|900427
11003|3.00|43.00|900428
11002|3.50|43.50|900425
11002|3.50|43.50|900426
11003|3.50|43.50|900427
11003|3.50|43.50|900428
11002|4.00|44.00|900425
11002|4.00|44.00|900426
11003|4.00|44.00|900427
11003|4.00|44.00|900428
11002|4.50|44.50|900425
11002|4.50|44.50|900426
11003|4.50|44.50|900427
11003|4.50|44.50|900428
11002|5.00|45.00|900425
11002|5.00|45.00|900426
11003|5.00|45.00|900427
11003|5.00|45.00|900428
11002|5.50|45.50|900425
11002|5.50|45.50|900426
11003|5.50|45.50|900427
11003|5.50|45.50|900428
11002|6.00|46.00|900425
11002|6.00|46.00|900426
11003|6.00|46.00|900427
11003|6.00|46.00|900428
11002|6.50|46.50|900425
11002|6.50|46.50|900426
11003|6.50|46.50|900427
11003|6.50|46.50|900428
11002|7.00|47.00|900425
11002|7.00|47.00|900426
11003|7.00|47.00|900427
11003|7.00|47.00|900428
11002|7.50|47.50|900425
11002|7.50|47.50|900426
11003|7.50|47.50|900427
11003|7.50|47.50|900428
11002|8.00|48.00|900425
11002|8.00|48.00|900426
11003|8.00|48.00|900427
11003|8.00|48.00|900428
11002|8.50|48.50|900425
11002|8.50|48.50|900426
11003|8.50|48.50|900427
11003|8.50|48.50|900428
11002|9.00|49.00|900425
11002|9.00|49.00|900426
11003|9.00|49.00|900427
11003|9.00|49.00|900428
11002|9.50|49.50|900425
11002|9.50|49.50|900426
11003|9.50|49.50|900427
11003|9.50|49.50|900428
11002|10.00|50.00|900425
11002|10.00|50.00|900426
11003|10.00|50.00|900427
11003|10.00|50.00|900428
11002|10.50|50.50|900425
11002|10.50|50.50|900426
11003|10.50|50.50|900427
11003|10.50|50.50|900428
11002|11.00|51.00|900425
11002|11.00|51.00|900426
11003|11.00|51.00|900427
11003|11.00|51.00|900428
11002|11.50|51.50|900425
11002|11.50|51.50|900426
11003|11.50|51.50|900427
11003|11.50|51.50|900428
11002|12.00|52.00|900425
11002|12.00|52.00|900426
11003|12.00|52.00|900427
11003|12.00|52.00|900428
11002|12.50|52.50|900425
11002|12.50|52.50|900426
11003|12.50|52.50|900427
11003|12.50|52.50|900428
11002|13.00|53.00|900425
11002|13.00|53.00|900426
11003|13.00|53.00|900427
11003|13.00|53.00|900428
11002|13.50|53.50|900425
11002|13.50|53.50|900426
11003|13.50|53.50|900427
11003|13.50|53.50|900428
11002|14.00|54.00|900425
11002|14.00|54.00|900426
11003|14.00|54.00|900427
11003|14.00|54.00|900428
11002|14.50|54.50|900425
11002|14.50|54.50|900426
11003|14.50|54.50|900427
11003|14.50|54.50|900428
11002|15.00|55.00|900425
11002|15.00|55.00|900426
11003|15.00|55.00|900427
11003|15.00|55.00|900428
11002|15.50|55.50|900425
11002|15.50|55.50|900426
11003|15.50|55.50|900427
11003|15.50|55.50|900428
11002|16.00|56.00|900425
11002|16.00|56.00|900426
11003|16.00|56.00|900427
11003|16.00|56.00|900428
11002|16.50|56.50|900425
11002|16.50|56.50|900426
11003|16.50|56.50|900427
11003|16.50|56.50|900428
11002|17.00|57.00|900425
11002|17.00|57.00|900426
11003|17.00|57.00|900427
11003|17.00|57.00|900428
11002|17.50|57.50|900425
11002|17.50|57.50|900426
11003|17.50|57.50|900427
11003|17.50|57.50|900428
11002|18.00|58.00|900425
11002|18.00|58.00|900426
11003|18.00|58.00|900427
11003|18.00|58.00|900428
11002|18.50|58.50|900425
11002|18.50|58.50|900426
11003|18.50|58.50|900427
11003|18.50|58.50|900428
11002|19.00|59.00|900425
11002|19.00|59.00|900426
11003|19.00|59.00|900427
11003|19.00|59.00|900428
11002|19.50|59.50|900425
11002|19.50|59.50|900426
11003|19.50|59.50|900427
11003|19.50|59.50|900428
11002|20.00|60.00|900425
11002|20.00|60.00|900426
11003|20.00|60.00|900427
11003|20.00|60.00|900428
11002|20.50|60.50|900425
11002|20.50|60.50|900426
11003|20.50|60.50|900427
11003|20.50|60.50|900428
11002|21.00|61.00|900425
11002|21.00|61.00|900426
11003|21.00|61.00|900427
11003|21.00|61.00|900428
11002|21.50|61.50|900425
11002|21.50|61.50|900426
11003|21.50|61.50|900427
11003|21.50|61.50|900428
11002|22.00|62.00|900425
11002|22.00|62.00|900426
11003|22.00|62.00|900427
11003|22.00|62.00|900428
11002|22.50|62.50|900425
11002|22.50|62.50|900426
11003|22.50|62.50|900427
11003|22.50|62.50|900428
11002|23.00|63.00|900425
11002|23.00|63.00|900426
11003|23.00|63.00|900427
11003|23.00|63.00|900428
11002|23.50|63.50|900425
11002|23.50|63.50|900426
11003|23.50|63.50|900427
11003|23.50|63.50|900428
11002|24.00|64.00|900425
11002|24.00|64.00|900426
11003|24.00|64.00|900427
11003|24.00|64.00|900428
11002|24.50|64.50|900425
11002|24.50|64.50|900426
11003|24.50|64.50|900427
11003|24.50|64.50|900428
11002|25.00|65.00|900425
11002|25.00|65.00|900426
11003|25.00|65.00|900427
11003|25.00|65.00|900428
#tide_44412_8
65.00
11003|0.00|15.00|900429
11003|0.00|15.00|900430
11003|0.00|15.00|900431
11003|0.00|15.00|900432
11003|0.00|15.00|900433
11003|0.00|15.00|900434
11003|0.00|15.00|900435
11003|0.00|15.00|900436
11003|0.00|15.00|900437
11003|0.00|15.00|900438
11003|0.00|15.00|900439
11003|0.00|15.00|900440
11003|0.00|15.00|900441
11003|0.00|15.00|900442
11003|0.00|15.00|900443
11003|0.00|15.00|900444
11003|0.00|15.00|900445
11003|0.00|15.00|900446
11003|0.00|15.00|900447
11003|0.00|15.00|900448
11003|0.00|15.00|900449
60118|0.00|15.00|900450
11004|5.00|20.00|900429
11004|5.00|20.00|900430
11004|5.00|20.00|900431
11004|5.00|20.00|900432
11004|5.00|20.00|900433
11004|5.00|20.00|900434
11004|5.00|20.00|900435
11004|5.00|20.00|900436
11004|5.00|20.00|900437
11004|5.00|20.00|900438
11004|5.00|20.00|900439
11004|5.00|20.00|900440
11004|5.00|20.00|900441
11004|5.00|20.00|900442
11004|5.00|20.00|900443
11004|5.00|20.00|900444
11004|5.00|20.00|900445
11004|5.00|20.00|900446
11004|5.00|20.00|900447
11004|5.00|20.00|900448
11004|5.00|20.00|900449
79230|5.00|20.00|900450
11003|10.00|25.00|900429
11003|10.00|25.00|900430
11003|10.00|25.00|900431
11003|10.00|25.00|900432
11003|10.00|25.00|900433
11003|10.00|25.00|900434
11003|10.00|25.00|900435
11003|10.00|25.00|900436
11003|10.00|25.00|900437
11003|10.00|25.00|900438
11003|10.00|25.00|900439
11003|10.00|25.00|900440
11003|10.00|25.00|900441
11003|10.00|25.00|900442
11003|10.00|25.00|900443
11003|10.00|25.00|900444
11003|10.00|25.00|900445
11003|10.00|25.00|900446
11003|10.00|25.00|900447
11003|10.00|25.00|900448
11003|10.00|25.00|900449
60118|10.00|25.00|900450
11004|15.00|30.00|900429
11004|15.00|30.00|900430
11004|15.00|30.00|900431
11004|15.00|30.00|900432
11004|15.00|30.00|900433
11004|15.00|30.00|900434
11004|15.00|30.00|900435
11004|15.00|30.00|900436
11004|15.00|30.00|900437
11004|15.00|30.00|900438
11004|15.00|30.00|900439
11004|15.00|30.00|900440
11004|15.00|30.00|900441
11004|15.00|30.00|900442
11004|15.00|30.00|900443
11004|15.00|30.00|900444
11004|15.00|30.00|900445
11004|15.00|30.00|900446
11004|15.00|30.00|900447
11004|15.00|30.00|900448
11004|15.00|30.00|900449
79230|15.00|30.00|900450
11003|20.00|35.00|900429
11003|20.00|35.00|900430
11003|20.00|35.00|900431
11003|20.00|35.00|900432
11003|20.00|35.00|900433
11003|20.00|35.00|900434
11003|20.00|35.00|900435
11003|20.00|35.00|900436
11003|20.00|35.00|900437
11003|20.00|35.00|900438
11003|20.00|35.00|900439
11003|20.00|35.00|900440
11003|20.00|35.00|900441
11003|20.00|35.00|900442
11003|20.00|35.00|900443
11003|20.00|35.00|900444
11003|20.00|35.00|900445
11003|20.00|35.00|900446
11003|20.00|35.00|900447
11003|20.00|35.00|900448
11003|20.00|35.00|900449
60118|20.00|35.00|900450
11004|25.00|40.00|900429
11004|25.00|40.00|900430
11004|25.00|40.00|900431
11004|25.00|40.00|900432
11004|25.00|40.00|900433
11004|25.00|40.00|900434
11004|25.00|40.00|900435
11004|25.00|40.00|900436
11004|25.00|40.00|900437
11004|25.00|40.00|900438
11004|25.00|40.00|900439
11004|25.00|40.00|900440
11004|25.00|40.00|900441
11004|25.00|40.00|900442
11004|25.00|40.00|900443
11004|25.00|40.00|900444
11004|25.00|40.00|900445
11004|25.00|40.00|900446
11004|25.00|40.00|900447
11004|25.00|40.00|900448
11004|25.00|40.00|900449
79230|25.00|40.00|900450
11003|30.00|45.00|900429
11003|30.00|45.00|900430
11003|30.00|45.00|900431
11003|30.00|45.00|900432
11003|30.00|45.00|900433
11003|30.00|45.00|900434
11003|30.00|45.00|900435
11003|30.00|45.00|900436
11003|30.00|45.00|900437
11003|30.00|45.00|900438
11003|30.00|45.00|900439
11003|30.00|45.00|900440
11003|30.00|45.00|900441
11003|30.00|45.00|900442
11003|30.00|45.00|900443
11003|30.00|45.00|900444
11003|30.00|45.00|900445
11003|30.00|45.00|900446
11003|30.00|45.00|900447
11003|30.00|45.00|900448
11003|30.00|45.00|900449
60118|30.00|45.00|900450
11004|35.00|50.00|900429
11004|35.00|50.00|900430
11004|35.00|50.00|900431
11004|35.00|50.00|900432
11004|35.00|50.00|900433
11004|35.00|50.00|900434
11004|35.00|50.00|900435
11004|35.00|50.00|900436
11004|35.00|50.00|900437
11004|35.00|50.00|900438
11004|35.00|50.00|900439
11004|35.00|50.00|900440
11004|35.00|50.00|900441
11004|35.00|50.00|900442
11004|35.00|50.00|900443
11004|35.00|50.00|900444
11004|35.00|50.00|900445
11004|35.00|50.00|900446
11004|35.00|50.00|900447
11004|35.00|50.00|900448
11004|35.00|50.00|900449
79230|35.00|50.00|900450
11003|40.00|55.00|900429
11003|40.00|55.00|900430
11003|40.00|55.00|900431
11003|40.00|55.00|900432
11003|40.00|55.00|900433
11003|40.00|55.00|900434
11003|40.00|55.00|900435
11003|40.00|55.00|900436
11003|40.00|55.00|900437
11003|40.00|55.00|900438
11003|40.00|55.00|900439
11003|40.00|55.00|900440
11003|40.00|55.00|900441
11003|40.00|55.00|900442
11003|40.00|55.00|900443
11003|40.00|55.00|900444
11003|40.00|55.00|900445
11003|40.00|55.00|900446
11003|40.00|55.00|900447
11003|40.00|55.00|900448
11003|40.00|55.00|900449
60118|40.00|55.00|900450
11004|45.00|60.00|900429
11004|45.00|60.00|900430
11004|45.00|60.00|900431
11004|45.00|60.00|900432
11004|45.00|60.00|900433
11004|45.00|60.00|900434
11004|45.00|60.00|900435
11004|45.00|60.00|900436
11004|45.00|60.00|900437
11004|45.00|60.00|900438
11004|45.00|60.00|900439
11004|45.00|60.00|900440
11004|45.00|60.00|900441
11004|45.00|60.00|900442
11004|45.00|60.00|900443
11004|45.00|60.00|900444
11004|45.00|60.00|900445
11004|45.00|60.00|900446
11004|45.00|60.00|900447
11004|45.00|60.00|900448
11004|45.00|60.00|900449
79230|45.00|60.00|900450
11003|50.00|65.00|900429
11003|50.00|65.00|900430
11003|50.00|65.00|900431
11003|50.00|65.00|900432
11003|50.00|65.00|900433
11003|50.00|65.00|900434
11003|50.00|65.00|900435
11003|50.00|65.00|900436
11003|50.00|65.00|900437
11003|50.00|65.00|900438
11003|50.00|65.00|900439
11003|50.00|65.00|900440
11003|50.00|65.00|900441
11003|50.00|65.00|900442
11003|50.00|65.00|900443
11003|50.00|65.00|900444
11003|50.00|65.00|900445
11003|50.00|65.00|900446
11003|50.00|65.00|900447
11003|50.00|65.00|900448
11003|50.00|65.00|900449
60118|50.00|65.00|900450
