#tide_44601_1
61.11
11013|4.00|30.56|50007
11013|5.50|32.06|50007
11013|7.00|33.56|50007
11013|8.50|35.06|50007
11013|10.00|36.56|50007
11013|11.50|38.06|50007
14013|13.00|39.56|50007
11013|14.50|41.06|50007
11013|16.00|42.56|50007
11013|17.50|44.06|50007
11013|19.00|45.56|50007
11013|20.50|47.06|50007
11013|22.00|48.56|50007
11013|23.50|50.06|50007
11013|25.00|51.56|50007
11013|26.50|53.06|50007
11013|28.00|54.56|50007
11013|29.50|56.06|50007
11013|31.00|57.56|50007
11013|32.50|59.06|50007
11013|34.00|60.56|50007
11011|4.00|30.60|50009
11011|5.50|32.10|50009
11011|7.00|33.60|50009
11011|8.50|35.10|50009
11011|10.00|36.60|50009
11011|11.50|38.10|50009
11011|13.00|39.60|50009
11011|14.50|41.10|50009
11011|16.00|42.60|50009
11011|17.50|44.10|50009
11011|19.00|45.60|50009
11011|20.50|47.10|50009
11011|22.00|48.60|50009
11011|23.50|50.10|50009
11011|25.00|51.60|50009
11011|26.50|53.10|50009
11011|28.00|54.60|50009
14011|29.50|56.10|50009
11011|31.00|57.60|50009
11011|32.50|59.10|50009
11011|34.00|60.60|50009
11011|4.00|30.62|50010
11011|5.50|32.12|50010
11011|7.00|33.62|50010
11011|8.50|35.12|50010
11011|10.00|36.62|50010
11011|11.50|38.12|50010
11011|13.00|39.62|50010
11011|14.50|41.12|50010
11011|16.00|42.62|50010
11011|17.50|44.12|50010
11011|19.00|45.62|50010
11011|20.50|47.12|50010
11011|22.00|48.62|50010
11011|23.50|50.12|50010
11011|25.00|51.62|50010
11011|26.50|53.12|50010
11011|28.00|54.62|50010
11011|29.50|56.12|50010
11011|31.00|57.62|50010
11011|32.50|59.12|50010
11011|34.00|60.62|50010
11011|4.00|30.67|50012
11011|5.50|32.17|50012
11011|7.00|33.67|50012
11011|8.50|35.17|50012
11011|10.00|36.67|50012
11011|11.50|38.17|50012
11011|13.00|39.67|50012
11011|14.50|41.17|50012
11011|16.00|42.67|50012
11011|17.50|44.17|50012
11011|19.00|45.67|50012
11011|20.50|47.17|50012
11011|22.00|48.67|50012
11011|23.50|50.17|50012
11011|25.00|51.67|50012
11011|26.50|53.17|50012
11011|28.00|54.67|50012
14011|29.50|56.17|50012
11011|31.00|57.67|50012
11011|32.50|59.17|50012
11011|34.00|60.67|50012
11013|4.00|31.11|50013
11013|5.50|32.61|50013
11013|7.00|34.11|50013
11013|8.50|35.61|50013
11013|10.00|37.11|50013
11013|11.50|38.61|50013
14013|13.00|40.11|50013
11013|14.50|41.61|50013
11013|16.00|43.11|50013
11013|17.50|44.61|50013
11013|19.00|46.11|50013
11013|20.50|47.61|50013
11013|22.00|49.11|50013
11013|23.50|50.61|50013
11013|25.00|52.11|50013
11013|26.50|53.61|50013
11013|28.00|55.11|50013
11013|29.50|56.61|50013
11013|31.00|58.11|50013
11013|32.50|59.61|50013
11013|34.00|61.11|50013
11011|4.00|30.82|50016
11011|5.50|32.32|50016
11011|7.00|33.82|50016
11011|8.50|35.32|50016
11011|10.00|36.82|50016
11011|11.50|38.32|50016
11011|13.00|39.82|50016
11011|14.50|41.32|50016
11011|16.00|42.82|50016
11011|17.50|44.32|50016
11011|19.00|45.82|50016
11011|20.50|47.32|50016
11011|22.00|48.82|50016
11011|23.50|50.32|50016
11011|25.00|51.82|50016
11011|26.50|53.32|50016
11011|28.00|54.82|50016
11011|29.50|56.32|50016
11011|31.00|57.82|50016
11011|32.50|59.32|50016
11011|34.00|60.82|50016
14023|4.00|30.92|50017
29069|9.50|36.42|50017
29069|15.00|41.92|50017
14023|20.50|47.42|50017
#tide_44601_2
78.70
11011|4.00|38.66|50018
11011|5.00|39.66|50018
11011|6.00|40.66|50018
11011|7.00|41.66|50018
11011|8.00|42.66|50018
11011|9.00|43.66|50018
11011|10.00|44.66|50018
11011|11.00|45.66|50018
11011|12.00|46.66|50018
11011|13.00|47.66|50018
11011|14.00|48.66|50018
11011|15.00|49.66|50018
11011|16.00|50.66|50018
11011|17.00|51.66|50018
11011|18.00|52.66|50018
11011|19.00|53.66|50018
11011|20.00|54.66|50018
14011|21.00|55.66|50018
11011|22.00|56.66|50018
11011|23.00|57.66|50018
11011|24.00|58.66|50018
11011|25.00|59.66|50018
11011|26.00|60.66|50018
11011|27.00|61.66|50018
11011|28.00|62.66|50018
11011|29.00|63.66|50018
11011|30.00|64.66|50018
11011|31.00|65.66|50018
11011|32.00|66.66|50018
11011|33.00|67.66|50018
11011|34.00|68.66|50018
11011|35.00|69.66|50018
11011|36.00|70.66|50018
11011|37.00|71.66|50018
11011|38.00|72.66|50018
11011|39.00|73.66|50018
11011|40.00|74.66|50018
11011|41.00|75.66|50018
11011|42.00|76.66|50018
11011|43.00|77.66|50018
11011|44.00|78.66|50018
11011|4.00|38.70|50019
11011|5.00|39.70|50019
11011|6.00|40.70|50019
11011|7.00|41.70|50019
11011|8.00|42.70|50019
11011|9.00|43.70|50019
11011|10.00|44.70|50019
11011|11.00|45.70|50019
11011|12.00|46.70|50019
11011|13.00|47.70|50019
11011|14.00|48.70|50019
11011|15.00|49.70|50019
11011|16.00|50.70|50019
11011|17.00|51.70|50019
11011|18.00|52.70|50019
11011|19.00|53.70|50019
11011|20.00|54.70|50019
14011|21.00|55.70|50019
11011|22.00|56.70|50019
11011|23.00|57.70|50019
11011|24.00|58.70|50019
11011|25.00|59.70|50019
11011|26.00|60.70|50019
11011|27.00|61.70|50019
11011|28.00|62.70|50019
11011|29.00|63.70|50019
11011|30.00|64.70|50019
11011|31.00|65.70|50019
11011|32.00|66.70|50019
11011|33.00|67.70|50019
11011|34.00|68.70|50019
11011|35.00|69.70|50019
11011|36.00|70.70|50019
11011|37.00|71.70|50019
11011|38.00|72.70|50019
11011|39.00|73.70|50019
11011|40.00|74.70|50019
11011|41.00|75.70|50019
11011|42.00|76.70|50019
11011|43.00|77.70|50019
11011|44.00|78.70|50019
11010|4.00|37.49|50020
11010|5.00|38.49|50020
11010|6.00|39.49|50020
11010|7.00|40.49|50020
11010|8.00|41.49|50020
11010|9.00|42.49|50020
11010|10.00|43.49|50020
11010|11.00|44.49|50020
11010|12.00|45.49|50020
11010|13.00|46.49|50020
11010|14.00|47.49|50020
11010|15.00|48.49|50020
11010|16.00|49.49|50020
11010|17.00|50.49|50020
11010|18.00|51.49|50020
11010|19.00|52.49|50020
11010|20.00|53.49|50020
11010|21.00|54.49|50020
11010|22.00|55.49|50020
11010|23.00|56.49|50020
11010|24.00|57.49|50020
11010|25.00|58.49|50020
11010|26.00|59.49|50020
11010|27.00|60.49|50020
11010|28.00|61.49|50020
11010|29.00|62.49|50020
11010|30.00|63.49|50020
11010|31.00|64.49|50020
11010|32.00|65.49|50020
11010|33.00|66.49|50020
11010|34.00|67.49|50020
11010|35.00|68.49|50020
11010|36.00|69.49|50020
11010|37.00|70.49|50020
11010|38.00|71.49|50020
11010|39.00|72.49|50020
11010|40.00|73.49|50020
11010|41.00|74.49|50020
11010|42.00|75.49|50020
11010|43.00|76.49|50020
11010|44.00|77.49|50020
11010|4.00|37.31|50021
11010|5.00|38.31|50021
11010|6.00|39.31|50021
11010|7.00|40.31|50021
11010|8.00|41.31|50021
11010|9.00|42.31|50021
11010|10.00|43.31|50021
11010|11.00|44.31|50021
11010|12.00|45.31|50021
11010|13.00|46.31|50021
11010|14.00|47.31|50021
11010|15.00|48.31|50021
11010|16.00|49.31|50021
11010|17.00|50.31|50021
11010|18.00|51.31|50021
11010|19.00|52.31|50021
11010|20.00|53.31|50021
11010|21.00|54.31|50021
11010|22.00|55.31|50021
11010|23.00|56.31|50021
11010|24.00|57.31|50021
11010|25.00|58.31|50021
11010|26.00|59.31|50021
11010|27.00|60.31|50021
11010|28.00|61.31|50021
11010|29.00|62.31|50021
11010|30.00|63.31|50021
11010|31.00|64.31|50021
11010|32.00|65.31|50021
11010|33.00|66.31|50021
11010|34.00|67.31|50021
11010|35.00|68.31|50021
11010|36.00|69.31|50021
11010|37.00|70.31|50021
11010|38.00|71.31|50021
11010|39.00|72.31|50021
11010|40.00|73.31|50021
11010|41.00|74.31|50021
11010|42.00|75.31|50021
11010|43.00|76.31|50021
11010|44.00|77.31|50021
11024|10.00|36.98|50022
14023|16.00|42.98|50022
29069|22.00|48.98|50022
14023|28.00|54.98|50022
29069|34.00|60.98|50022
14023|40.00|66.98|50022
11024|46.00|72.98|50022
#tide_44601_3
77.53
11086|4.00|35.07|50023
11086|5.00|36.07|50023
11086|6.00|37.07|50023
11086|7.00|38.07|50023
11086|8.00|39.07|50023
11086|9.00|40.07|50023
11086|10.00|41.07|50023
14086|11.00|42.07|50023
11086|12.00|43.07|50023
11086|13.00|44.07|50023
11086|14.00|45.07|50023
11086|15.00|46.07|50023
11086|16.00|47.07|50023
11086|17.00|48.07|50023
11086|18.00|49.07|50023
11010|19.30|50.37|50023
11010|20.20|51.27|50023
11010|21.10|52.17|50023
11010|22.00|53.07|50023
11010|22.90|53.97|50023
11010|23.80|54.87|50023
11010|24.70|55.77|50023
11010|25.60|56.67|50023
11010|26.50|57.57|50023
29069|27.40|58.47|50023
11010|28.30|59.37|50023
11010|29.20|60.27|50023
11010|30.10|61.17|50023
11010|31.00|62.07|50023
11010|31.90|62.97|50023
11011|32.80|63.87|50023
11011|33.70|64.77|50023
11011|34.60|65.67|50023
11011|35.50|66.57|50023
11011|36.40|67.47|50023
11011|37.30|68.37|50023
11011|38.20|69.27|50023
11011|39.10|70.17|50023
11011|40.00|71.07|50023
11011|40.90|71.97|50023
11011|41.80|72.87|50023
11011|42.70|73.77|50023
14011|43.60|74.67|50023
11011|44.50|75.57|50023
11011|45.40|76.47|50023
11011|46.30|77.37|50023
11086|4.00|35.15|50024
11086|5.00|36.15|50024
11086|6.00|37.15|50024
11086|7.00|38.15|50024
11086|8.00|39.15|50024
11086|9.00|40.15|50024
11086|10.00|41.15|50024
14086|11.00|42.15|50024
11086|12.00|43.15|50024
11086|13.00|44.15|50024
11086|14.00|45.15|50024
11086|15.00|46.15|50024
11086|16.00|47.15|50024
11086|17.00|48.15|50024
11086|18.00|49.15|50024
11010|19.30|50.45|50024
11010|20.20|51.35|50024
11010|21.10|52.25|50024
11010|22.00|53.15|50024
11010|22.90|54.05|50024
11010|23.80|54.95|50024
11010|24.70|55.85|50024
11010|25.60|56.75|50024
11010|26.50|57.65|50024
14086|27.40|58.55|50024
11010|28.30|59.45|50024
11010|29.20|60.35|50024
11010|30.10|61.25|50024
11010|31.00|62.15|50024
11010|31.90|63.05|50024
11011|32.80|63.95|50024
11011|33.70|64.85|50024
11011|34.60|65.75|50024
11011|35.50|66.65|50024
11011|36.40|67.55|50024
11011|37.30|68.45|50024
11011|38.20|69.35|50024
11011|39.10|70.25|50024
11011|40.00|71.15|50024
11011|40.90|72.05|50024
11011|41.80|72.95|50024
11011|42.70|73.85|50024
14011|43.60|74.75|50024
11011|44.50|75.65|50024
11011|45.40|76.55|50024
11011|46.30|77.45|50024
11086|4.00|35.07|50025
11086|5.00|36.07|50025
11086|6.00|37.07|50025
11086|7.00|38.07|50025
11086|8.00|39.07|50025
11086|9.00|40.07|50025
11086|10.00|41.07|50025
14086|11.00|42.07|50025
11086|12.00|43.07|50025
11086|13.00|44.07|50025
11086|14.00|45.07|50025
11086|15.00|46.07|50025
11086|16.00|47.07|50025
11086|17.00|48.07|50025
11086|18.00|49.07|50025
11010|19.30|50.37|50025
11010|20.20|51.27|50025
11010|21.10|52.17|50025
11010|22.00|53.07|50025
11010|22.90|53.97|50025
11010|23.80|54.87|50025
11010|24.70|55.77|50025
11010|25.60|56.67|50025
11010|26.50|57.57|50025
29069|27.40|58.47|50025
11010|28.30|59.37|50025
11010|29.20|60.27|50025
11010|30.10|61.17|50025
11010|31.00|62.07|50025
11010|31.90|62.97|50025
11011|32.80|63.87|50025
11011|33.70|64.77|50025
11011|34.60|65.67|50025
11011|35.50|66.57|50025
11011|36.40|67.47|50025
11011|37.30|68.37|50025
11011|38.20|69.27|50025
11011|39.10|70.17|50025
11011|40.00|71.07|50025
11011|40.90|71.97|50025
11011|41.80|72.87|50025
11011|42.70|73.77|50025
14011|43.60|74.67|50025
11011|44.50|75.57|50025
11011|45.40|76.47|50025
11011|46.30|77.37|50025
11086|4.00|35.23|50026
11086|5.00|36.23|50026
11086|6.00|37.23|50026
11086|7.00|38.23|50026
11086|8.00|39.23|50026
11086|9.00|40.23|50026
11086|10.00|41.23|50026
14086|11.00|42.23|50026
11086|12.00|43.23|50026
11086|13.00|44.23|50026
11086|14.00|45.23|50026
11086|15.00|46.23|50026
11086|16.00|47.23|50026
11086|17.00|48.23|50026
11086|18.00|49.23|50026
11010|19.30|50.53|50026
11010|20.20|51.43|50026
11010|21.10|52.33|50026
11010|22.00|53.23|50026
11010|22.90|54.13|50026
11010|23.80|55.03|50026
11010|24.70|55.93|50026
11010|25.60|56.83|50026
11010|26.50|57.73|50026
14086|27.40|58.63|50026
11010|28.30|59.53|50026
11010|29.20|60.43|50026
11010|30.10|61.33|50026
11010|31.00|62.23|50026
11010|31.90|63.13|50026
11011|32.80|64.03|50026
11011|33.70|64.93|50026
11011|34.60|65.83|50026
11011|35.50|66.73|50026
11011|36.40|67.63|50026
11011|37.30|68.53|50026
11011|38.20|69.43|50026
11011|39.10|70.33|50026
11011|40.00|71.23|50026
11011|40.90|72.13|50026
11011|41.80|73.03|50026
11011|42.70|73.93|50026
14011|43.60|74.83|50026
11011|44.50|75.73|50026
11011|45.40|76.63|50026
11011|46.30|77.53|50026
#tide_44601_4
94.34
11011|4.00|27.02|50027
11011|5.10|28.12|50027
11011|6.20|29.22|50027
11011|7.30|30.32|50027
11011|8.40|31.42|50027
11011|9.50|32.52|50027
11011|10.60|33.62|50027
11011|11.70|34.72|50027
11015|22.70|45.72|50027
11015|23.90|46.92|50027
11015|25.10|48.12|50027
11015|26.30|49.32|50027
11015|27.50|50.52|50027
11015|28.70|51.72|50027
11015|29.90|52.92|50027
11015|31.10|54.12|50027
11016|42.10|65.12|50027
11016|43.30|66.32|50027
11016|44.50|67.52|50027
11016|45.70|68.72|50027
11016|46.90|69.92|50027
11016|48.10|71.12|50027
11016|49.20|72.22|50027
11016|50.40|73.42|50027
11017|61.40|84.42|50027
11017|62.80|85.82|50027
11017|64.20|87.22|50027
11017|65.60|88.62|50027
11017|67.00|90.02|50027
11017|68.40|91.42|50027
11017|69.80|92.82|50027
11017|71.20|94.22|50027
11011|4.00|26.99|50028
11011|5.10|28.09|50028
11011|6.20|29.19|50028
11011|7.30|30.29|50028
11011|8.40|31.39|50028
11011|9.50|32.49|50028
11011|10.60|33.59|50028
11011|11.70|34.69|50028
11015|22.70|45.69|50028
11015|23.90|46.89|50028
11015|25.10|48.09|50028
11015|26.30|49.29|50028
11015|27.50|50.49|50028
11015|28.70|51.69|50028
11015|29.90|52.89|50028
11015|31.10|54.09|50028
11016|42.10|65.09|50028
11016|43.30|66.29|50028
11016|44.50|67.49|50028
11016|45.70|68.69|50028
11016|46.90|69.89|50028
11016|48.10|71.09|50028
11016|49.20|72.19|50028
11016|50.40|73.39|50028
11017|61.40|84.39|50028
11017|62.80|85.79|50028
11017|64.20|87.19|50028
11017|65.60|88.59|50028
11017|67.00|89.99|50028
11017|68.40|91.39|50028
11017|69.80|92.79|50028
11017|71.20|94.19|50028
11011|4.00|27.14|50029
11011|5.10|28.24|50029
11011|6.20|29.34|50029
11011|7.30|30.44|50029
11011|8.40|31.54|50029
11011|9.50|32.64|50029
11011|10.60|33.74|50029
11011|11.70|34.84|50029
11015|22.70|45.84|50029
11015|23.90|47.04|50029
11015|25.10|48.24|50029
11015|26.30|49.44|50029
11015|27.50|50.64|50029
11015|28.70|51.84|50029
11015|29.90|53.04|50029
11015|31.10|54.24|50029
11016|42.10|65.24|50029
11016|43.30|66.44|50029
11016|44.50|67.64|50029
11016|45.70|68.84|50029
11016|46.90|70.04|50029
11016|48.10|71.24|50029
11016|49.20|72.34|50029
11016|50.40|73.54|50029
11017|61.40|84.54|50029
11017|62.80|85.94|50029
11017|64.20|87.34|50029
11017|65.60|88.74|50029
11017|67.00|90.14|50029
11017|68.40|91.54|50029
11017|69.80|92.94|50029
11017|71.20|94.34|50029
11011|4.00|27.11|50030
11011|5.10|28.21|50030
11011|6.20|29.31|50030
11011|7.30|30.41|50030
11011|8.40|31.51|50030
11011|9.50|32.61|50030
11011|10.60|33.71|50030
11011|11.70|34.81|50030
11015|22.70|45.81|50030
11015|23.90|47.01|50030
11015|25.10|48.21|50030
11015|26.30|49.41|50030
11015|27.50|50.61|50030
11015|28.70|51.81|50030
11015|29.90|53.01|50030
11015|31.10|54.21|50030
11016|42.10|65.21|50030
11016|43.30|66.41|50030
11016|44.50|67.61|50030
11016|45.70|68.81|50030
11016|46.90|70.01|50030
11016|48.10|71.21|50030
11016|49.20|72.31|50030
11016|50.40|73.51|50030
11017|61.40|84.51|50030
11017|62.80|85.91|50030
11017|64.20|87.31|50030
11017|65.60|88.71|50030
11017|67.00|90.11|50030
11017|68.40|91.51|50030
11017|69.80|92.91|50030
11017|71.20|94.31|50030
11011|4.00|25.76|50039
11011|5.10|26.86|50039
11011|6.20|27.96|50039
11011|7.30|29.06|50039
11011|8.40|30.16|50039
14011|9.50|31.26|50039
11011|10.60|32.36|50039
11011|11.70|33.46|50039
11015|22.70|44.46|50039
11015|23.90|45.66|50039
11015|25.10|46.86|50039
11015|26.30|48.06|50039
14015|27.50|49.26|50039
11015|28.70|50.46|50039
11015|29.90|51.66|50039
11015|31.10|52.86|50039
11016|42.10|63.86|50039
11016|43.30|65.06|50039
11016|44.50|66.26|50039
29069|45.70|67.46|50039
11016|46.90|68.66|50039
11016|48.10|69.86|50039
11016|49.20|70.96|50039
11016|50.40|72.16|50039
11017|61.40|83.16|50039
11017|62.80|84.56|50039
14017|64.20|85.96|50039
11017|65.60|87.36|50039
11017|67.00|88.76|50039
11017|68.40|90.16|50039
11017|69.80|91.56|50039
11017|71.20|92.96|50039
11011|4.00|25.79|50040
11011|5.10|26.89|50040
11011|6.20|27.99|50040
11011|7.30|29.09|50040
11011|8.40|30.19|50040
14011|9.50|31.29|50040
11011|10.60|32.39|50040
11011|11.70|33.49|50040
11015|22.70|44.49|50040
11015|23.90|45.69|50040
11015|25.10|46.89|50040
11015|26.30|48.09|50040
14015|27.50|49.29|50040
11015|28.70|50.49|50040
11015|29.90|51.69|50040
11015|31.10|52.89|50040
11016|42.10|63.89|50040
11016|43.30|65.09|50040
11016|44.50|66.29|50040
14016|45.70|67.49|50040
11016|46.90|68.69|50040
11016|48.10|69.89|50040
11016|49.20|70.99|50040
11016|50.40|72.19|50040
11017|61.40|83.19|50040
11017|62.80|84.59|50040
14017|64.20|85.99|50040
11017|65.60|87.39|50040
11017|67.00|88.79|50040
11017|68.40|90.19|50040
11017|69.80|91.59|50040
11017|71.20|92.99|50040
11011|4.00|25.85|50041
11011|5.10|26.95|50041
11011|6.20|28.05|50041
11011|7.30|29.15|50041
11011|8.40|30.25|50041
14011|9.50|31.35|50041
11011|10.60|32.45|50041
11011|11.70|33.55|50041
11015|22.70|44.55|50041
11015|23.90|45.75|50041
11015|25.10|46.95|50041
11015|26.30|48.15|50041
14015|27.50|49.35|50041
11015|28.70|50.55|50041
11015|29.90|51.75|50041
11015|31.10|52.95|50041
11016|42.10|63.95|50041
11016|43.30|65.15|50041
11016|44.50|66.35|50041
29069|45.70|67.55|50041
11016|46.90|68.75|50041
11016|48.10|69.95|50041
11016|49.20|71.05|50041
11016|50.40|72.25|50041
11017|61.40|83.25|50041
11017|62.80|84.65|50041
14017|64.20|86.05|50041
11017|65.60|87.45|50041
11017|67.00|88.85|50041
11017|68.40|90.25|50041
11017|69.80|91.65|50041
11017|71.20|93.05|50041
11011|4.00|25.85|50042
11011|5.10|26.95|50042
11011|6.20|28.05|50042
11011|7.30|29.15|50042
11011|8.40|30.25|50042
14011|9.50|31.35|50042
11011|10.60|32.45|50042
11011|11.70|33.55|50042
11015|22.70|44.55|50042
11015|23.90|45.75|50042
11015|25.10|46.95|50042
11015|26.30|48.15|50042
14015|27.50|49.35|50042
11015|28.70|50.55|50042
11015|29.90|51.75|50042
11015|31.10|52.95|50042
11016|42.10|63.95|50042
11016|43.30|65.15|50042
11016|44.50|66.35|50042
14016|45.70|67.55|50042
11016|46.90|68.75|50042
11016|48.10|69.95|50042
11016|49.20|71.05|50042
11016|50.40|72.25|50042
11017|61.40|83.25|50042
11017|62.80|84.65|50042
14017|64.20|86.05|50042
11017|65.60|87.45|50042
11017|67.00|88.85|50042
11017|68.40|90.25|50042
11017|69.80|91.65|50042
11017|71.20|93.05|50042
#tide_44601_5
39.22
11011|4.00|25.58|50043
11011|5.50|27.08|50043
11011|7.00|28.58|50043
11011|8.50|30.08|50043
11011|10.00|31.58|50043
11011|11.50|33.08|50043
11011|13.00|34.58|50043
11011|14.50|36.08|50043
11011|16.00|37.58|50043
11011|17.50|39.08|50043
11011|4.00|25.58|50044
11011|5.50|27.08|50044
11011|7.00|28.58|50044
11011|8.50|30.08|50044
11011|10.00|31.58|50044
11011|11.50|33.08|50044
11011|13.00|34.58|50044
11011|14.50|36.08|50044
11011|16.00|37.58|50044
11011|17.50|39.08|50044
11011|4.00|25.72|50045
11011|5.50|27.22|50045
11011|7.00|28.72|50045
11011|8.50|30.22|50045
11011|10.00|31.72|50045
11011|11.50|33.22|50045
11011|13.00|34.72|50045
11011|14.50|36.22|50045
11011|16.00|37.72|50045
11011|17.50|39.22|50045
11011|4.00|25.68|50046
11011|5.50|27.18|50046
11011|7.00|28.68|50046
11011|8.50|30.18|50046
11011|10.00|31.68|50046
11011|11.50|33.18|50046
11011|13.00|34.68|50046
11011|14.50|36.18|50046
11011|16.00|37.68|50046
11011|17.50|39.18|50046
11010|4.00|25.23|50047
11010|5.50|26.73|50047
11010|7.00|28.23|50047
11010|8.50|29.73|50047
14011|10.00|31.23|50047
11010|11.50|32.73|50047
11010|13.00|34.23|50047
11010|14.50|35.73|50047
11010|16.00|37.23|50047
11010|17.50|38.73|50047
11010|4.00|25.29|50048
11010|5.50|26.79|50048
11010|7.00|28.29|50048
11010|8.50|29.79|50048
14011|10.00|31.29|50048
11010|11.50|32.79|50048
11010|13.00|34.29|50048
11010|14.50|35.79|50048
11010|16.00|37.29|50048
11010|17.50|38.79|50048
11010|4.00|25.22|50049
11010|5.50|26.72|50049
11010|7.00|28.22|50049
11010|8.50|29.72|50049
14011|10.00|31.22|50049
11010|11.50|32.72|50049
11010|13.00|34.22|50049
11010|14.50|35.72|50049
11010|16.00|37.22|50049
11010|17.50|38.72|50049
11010|4.00|25.22|50050
11010|5.50|26.72|50050
11010|7.00|28.22|50050
11010|8.50|29.72|50050
14011|10.00|31.22|50050
11010|11.50|32.72|50050
11010|13.00|34.22|50050
11010|14.50|35.72|50050
11010|16.00|37.22|50050
11010|17.50|38.72|50050
11086|4.00|24.68|50051
11086|5.50|26.18|50051
11086|7.00|27.68|50051
11086|8.50|29.18|50051
11086|10.00|30.68|50051
11086|11.50|32.18|50051
11086|13.00|33.68|50051
11086|14.50|35.18|50051
11086|16.00|36.68|50051
11086|17.50|38.18|50051
11086|4.00|24.68|50052
11086|5.50|26.18|50052
11086|7.00|27.68|50052
11086|8.50|29.18|50052
11086|10.00|30.68|50052
11086|11.50|32.18|50052
11086|13.00|33.68|50052
11086|14.50|35.18|50052
11086|16.00|36.68|50052
11086|17.50|38.18|50052
11086|4.00|24.62|50053
11086|5.50|26.12|50053
11086|7.00|27.62|50053
11086|8.50|29.12|50053
11086|10.00|30.62|50053
11086|11.50|32.12|50053
11086|13.00|33.62|50053
11086|14.50|35.12|50053
11086|16.00|36.62|50053
11086|17.50|38.12|50053
11086|4.00|24.57|50054
11086|5.50|26.07|50054
11086|7.00|27.57|50054
11086|8.50|29.07|50054
11086|10.00|30.57|50054
11086|11.50|32.07|50054
11086|13.00|33.57|50054
11086|14.50|35.07|50054
11086|16.00|36.57|50054
11086|17.50|38.07|50054
#tide_44601_6
45.00
11086|4.00|28.71|50191
11086|4.00|31.28|50192
11086|4.00|34.36|50193
11086|4.00|31.83|50194
11086|4.00|31.82|50195
11086|4.00|34.56|50196
11086|4.00|31.00|50197
11086|4.00|28.46|50198
11086|4.00|28.62|50183
11086|4.00|30.58|50184
11086|4.00|34.80|50185
11086|4.00|31.87|50186
11086|4.00|31.86|50187
11086|4.00|34.53|50188
11086|4.00|31.28|50189
11086|4.00|28.68|50190
11010|6.00|30.71|50191
11010|6.00|33.28|50192
11010|6.00|36.36|50193
11010|6.00|33.83|50194
11010|6.00|33.82|50195
11010|6.00|36.56|50196
11010|6.00|33.00|50197
11010|6.00|30.46|50198
11010|6.00|30.62|50183
11010|6.00|32.58|50184
11010|6.00|36.80|50185
11010|6.00|33.87|50186
11010|6.00|33.86|50187
11010|6.00|36.53|50188
11010|6.00|33.28|50189
11010|6.00|30.68|50190
11011|7.50|32.21|50191
14011|7.50|34.78|50192
11011|7.50|37.86|50193
11011|7.50|35.33|50194
11011|7.50|35.32|50195
14011|7.50|38.06|50196
11011|7.50|34.50|50197
11011|7.50|31.96|50198
11011|7.50|32.12|50183
14011|7.50|34.08|50184
11011|7.50|38.30|50185
11011|7.50|35.37|50186
11011|7.50|35.36|50187
14011|7.50|38.03|50188
11011|7.50|34.78|50189
11011|7.50|32.18|50190
11013|9.00|33.71|50191
11013|9.00|36.28|50192
11013|9.00|39.36|50193
11013|9.00|36.83|50194
11013|9.00|36.82|50195
11013|9.00|39.56|50196
11013|9.00|36.00|50197
11013|9.00|33.46|50198
11013|9.00|33.62|50183
11013|9.00|35.58|50184
11013|9.00|39.80|50185
11013|9.00|36.87|50186
11013|9.00|36.86|50187
11013|9.00|39.53|50188
11013|9.00|36.28|50189
11013|9.00|33.68|50190
11014|11.00|35.71|50191
11014|11.00|38.28|50192
11014|11.00|41.36|50193
11014|11.00|38.83|50194
11014|11.00|38.82|50195
11014|11.00|41.56|50196
11014|11.00|38.00|50197
11014|11.00|35.46|50198
11014|11.00|35.62|50183
11014|11.00|37.58|50184
11014|11.00|41.80|50185
11014|11.00|38.87|50186
11014|11.00|38.86|50187
11014|11.00|41.53|50188
11014|11.00|38.28|50189
11014|11.00|35.68|50190
11015|12.50|37.21|50191
14015|12.50|39.78|50192
11015|12.50|42.86|50193
11015|12.50|40.33|50194
29069|12.50|40.32|50195
11015|12.50|43.06|50196
11015|12.50|39.50|50197
14015|12.50|36.96|50198
11015|12.50|37.12|50183
11015|12.50|39.08|50184
14015|12.50|43.30|50185
11015|12.50|40.37|50186
11015|12.50|40.36|50187
29069|12.50|43.03|50188
11015|12.50|39.78|50189
11015|12.50|37.18|50190
11016|14.20|38.91|50191
11016|14.20|41.48|50192
11016|14.20|44.56|50193
11016|14.20|42.03|50194
11016|14.20|42.02|50195
11016|14.20|44.76|50196
11016|14.20|41.20|50197
11016|14.20|38.66|50198
11016|14.20|38.82|50183
11016|14.20|40.78|50184
11016|14.20|45.00|50185
11016|14.20|42.07|50186
11016|14.20|42.06|50187
11016|14.20|44.73|50188
11016|14.20|41.48|50189
11016|14.20|38.88|50190
#tide_44601_7
93.66
11085|4.00|59.54|50001
11085|4.50|60.04|50001
11085|5.00|60.54|50001
11085|5.50|61.04|50001
11085|6.00|61.54|50001
11085|6.50|62.04|50001
11085|7.00|62.54|50001
11085|7.50|63.04|50001
11085|8.00|63.54|50001
11085|8.50|64.04|50001
11085|9.00|64.54|50001
11085|9.50|65.04|50001
11085|10.00|65.54|50001
11085|10.50|66.04|50001
11085|11.00|66.54|50001
11085|11.50|67.04|50001
11085|12.00|67.54|50001
11085|12.50|68.04|50001
11085|13.00|68.54|50001
11085|13.50|69.04|50001
11085|14.00|69.54|50001
11085|14.50|70.04|50001
11085|15.00|70.54|50001
11085|15.50|71.04|50001
11085|16.00|71.54|50001
11085|16.50|72.04|50001
11085|17.00|72.54|50001
11085|17.50|73.04|50001
11085|18.00|73.54|50001
11085|18.50|74.04|50001
11085|4.00|59.54|50001
11085|4.50|60.04|50001
11085|5.00|60.54|50001
11085|5.50|61.04|50001
11085|6.00|61.54|50001
11085|6.50|62.04|50001
11085|4.00|59.41|50002
11085|4.50|59.91|50002
11085|5.00|60.41|50002
11085|5.50|60.91|50002
11085|6.00|61.41|50002
11085|6.50|61.91|50002
11085|7.00|62.41|50002
11085|7.50|62.91|50002
11085|8.00|63.41|50002
11085|8.50|63.91|50002
11085|9.00|64.41|50002
11085|9.50|64.91|50002
11085|10.00|65.41|50002
11085|10.50|65.91|50002
11085|11.00|66.41|50002
11085|11.50|66.91|50002
11085|12.00|67.41|50002
11085|12.50|67.91|50002
11085|13.00|68.41|50002
11085|13.50|68.91|50002
11085|14.00|69.41|50002
11085|14.50|69.91|50002
11085|15.00|70.41|50002
11085|15.50|70.91|50002
11085|16.00|71.41|50002
11085|16.50|71.91|50002
11085|17.00|72.41|50002
11085|17.50|72.91|50002
11085|18.00|73.41|50002
11085|18.50|73.91|50002
11085|4.00|59.41|50002
11085|4.50|59.91|50002
11085|5.00|60.41|50002
11085|5.50|60.91|50002
11085|6.00|61.41|50002
11085|6.50|61.91|50002
14090|4.00|93.66|50005
14090|4.00|93.53|50006
11086|4.00|59.45|50003
11086|4.50|59.95|50003
11086|5.00|60.45|50003
11086|5.50|60.95|50003
11086|6.00|61.45|50003
11086|6.50|61.95|50003
11086|7.00|62.45|50003
11086|7.50|62.95|50003
11086|8.00|63.45|50003
11086|8.50|63.95|50003
11086|9.00|64.45|50003
11086|9.50|64.95|50003
11086|10.00|65.45|50003
11086|10.50|65.95|50003
11086|11.00|66.45|50003
11086|11.50|66.95|50003
11086|12.00|67.45|50003
11086|12.50|67.95|50003
11086|13.00|68.45|50003
11086|13.50|68.95|50003
11086|14.00|69.45|50003
11086|14.50|69.95|50003
11086|15.00|70.45|50003
11086|15.50|70.95|50003
11086|16.00|71.45|50003
11086|16.50|71.95|50003
11086|17.00|72.45|50003
11086|17.50|72.95|50003
11086|18.00|73.45|50003
11086|18.50|73.95|50003
11086|4.00|59.45|50003
11086|4.50|59.95|50003
11086|5.00|60.45|50003
11086|5.50|60.95|50003
11086|6.00|61.45|50003
11086|6.50|61.95|50003
11086|4.00|59.28|50004
11086|4.50|59.78|50004
11086|5.00|60.28|50004
11086|5.50|60.78|50004
11086|6.00|61.28|50004
11086|6.50|61.78|50004
11086|7.00|62.28|50004
11086|7.50|62.78|50004
11086|8.00|63.28|50004
11086|8.50|63.78|50004
11086|9.00|64.28|50004
11086|9.50|64.78|50004
11086|10.00|65.28|50004
11086|10.50|65.78|50004
11086|11.00|66.28|50004
11086|11.50|66.78|50004
11086|12.00|67.28|50004
11086|12.50|67.78|50004
11086|13.00|68.28|50004
11086|13.50|68.78|50004
11086|14.00|69.28|50004
11086|14.50|69.78|50004
11086|15.00|70.28|50004
11086|15.50|70.78|50004
11086|16.00|71.28|50004
11086|16.50|71.78|50004
11086|17.00|72.28|50004
11086|17.50|72.78|50004
11086|18.00|73.28|50004
11086|18.50|73.78|50004
11086|4.00|59.28|50004
11086|4.50|59.78|50004
11086|5.00|60.28|50004
11086|5.50|60.78|50004
11086|6.00|61.28|50004
11086|6.50|61.78|50004
