#tide_44414_1
65.00
11025|0.00|20.00|900405
14024|4.00|24.00|900405
11025|8.00|28.00|900405
14024|12.00|32.00|900405
11025|16.00|36.00|900405
14024|20.00|40.00|900405
11025|24.00|44.00|900405
14024|28.00|48.00|900405
11025|32.00|52.00|900405
14024|36.00|56.00|900405
11025|40.00|60.00|900405
14024|44.00|64.00|900405
11007|2.00|14.00|900401
11007|2.00|14.00|900402
11007|2.00|14.00|900403
11007|2.00|14.00|900404
11007|2.50|14.50|900401
11007|2.50|14.50|900402
11007|2.50|14.50|900403
11007|2.50|14.50|900404
11007|3.00|15.00|900401
11007|3.00|15.00|900402
11007|3.00|15.00|900403
11007|3.00|15.00|900404
11007|3.50|15.50|900401
11007|3.50|15.50|900402
11007|3.50|15.50|900403
11007|3.50|15.50|900404
11085|4.00|16.00|900401
11085|4.00|16.00|900402
11085|4.00|16.00|900403
11085|4.00|16.00|900404
11085|4.50|16.50|900401
11085|4.50|16.50|900402
11085|4.50|16.50|900403
11085|4.50|16.50|900404
11085|5.00|17.00|900401
11085|5.00|17.00|900402
11085|5.00|17.00|900403
11085|5.00|17.00|900404
11085|5.50|17.50|900401
11085|5.50|17.50|900402
11085|5.50|17.50|900403
11085|5.50|17.50|900404
11007|6.00|18.00|900401
11007|6.00|18.00|900402
11007|6.00|18.00|900403
11007|6.00|18.00|900404
11007|6.50|18.50|900401
11007|6.50|18.50|900402
11007|6.50|18.50|900403
11007|6.50|18.50|900404
11007|7.00|19.00|900401
11007|7.00|19.00|900402
11007|7.00|19.00|900403
11007|7.00|19.00|900404
11007|7.50|19.50|900401
11007|7.50|19.50|900402
11007|7.50|19.50|900403
11007|7.50|19.50|900404
11085|8.00|20.00|900401
11085|8.00|20.00|900402
11085|8.00|20.00|900403
11085|8.00|20.00|900404
11085|8.50|20.50|900401
11085|8.50|20.50|900402
11085|8.50|20.50|900403
11085|8.50|20.50|900404
11085|9.00|21.00|900401
11085|9.00|21.00|900402
11085|9.00|21.00|900403
11085|9.00|21.00|900404
11085|9.50|21.50|900401
11085|9.50|21.50|900402
11085|9.50|21.50|900403
11085|9.50|21.50|900404
11007|10.00|22.00|900401
11007|10.00|22.00|900402
11007|10.00|22.00|900403
11007|10.00|22.00|900404
11007|10.50|22.50|900401
11007|10.50|22.50|900402
11007|10.50|22.50|900403
11007|10.50|22.50|900404
11007|11.00|23.00|900401
11007|11.00|23.00|900402
11007|11.00|23.00|900403
11007|11.00|23.00|900404
11007|11.50|23.50|900401
11007|11.50|23.50|900402
11007|11.50|23.50|900403
11007|11.50|23.50|900404
11085|12.00|24.00|900401
11085|12.00|24.00|900402
11085|12.00|24.00|900403
11085|12.00|24.00|900404
11085|12.50|24.50|900401
11085|12.50|24.50|900402
11085|12.50|24.50|900403
11085|12.50|24.50|900404
11085|13.00|25.00|900401
11085|13.00|25.00|900402
11085|13.00|25.00|900403
11085|13.00|25.00|900404
11085|13.50|25.50|900401
11085|13.50|25.50|900402
11085|13.50|25.50|900403
11085|13.50|25.50|900404
11007|14.00|26.00|900401
11007|14.00|26.00|900402
11007|14.00|26.00|900403
11007|14.00|26.00|900404
11007|14.50|26.50|900401
11007|14.50|26.50|900402
11007|14.50|26.50|900403
11007|14.50|26.50|900404
11007|15.00|27.00|900401
11007|15.00|27.00|900402
11007|15.00|27.00|900403
11007|15.00|27.00|900404
11007|15.50|27.50|900401
11007|15.50|27.50|900402
11007|15.50|27.50|900403
11007|15.50|27.50|900404
11085|16.00|28.00|900401
11085|16.00|28.00|900402
11085|16.00|28.00|900403
11085|16.00|28.00|900404
11085|16.50|28.50|900401
11085|16.50|28.50|900402
11085|16.50|28.50|900403
11085|16.50|28.50|900404
11085|17.00|29.00|900401
11085|17.00|29.00|900402
11085|17.00|29.00|900403
11085|17.00|29.00|900404
11085|17.50|29.50|900401
11085|17.50|29.50|900402
11085|17.50|29.50|900403
11085|17.50|29.50|900404
11007|18.00|30.00|900401
11007|18.00|30.00|900402
11007|18.00|30.00|900403
11007|18.00|30.00|900404
11007|18.50|30.50|900401
11007|18.50|30.50|900402
11007|18.50|30.50|900403
11007|18.50|30.50|900404
11007|19.00|31.00|900401
11007|19.00|31.00|900402
11007|19.00|31.00|900403
11007|19.00|31.00|900404
11007|19.50|31.50|900401
11007|19.50|31.50|900402
11007|19.50|31.50|900403
11007|19.50|31.50|900404
11085|20.00|32.00|900401
11085|20.00|32.00|900402
11085|20.00|32.00|900403
11085|20.00|32.00|900404
11085|20.50|32.50|900401
11085|20.50|32.50|900402
11085|20.50|32.50|900403
11085|20.50|32.50|900404
11085|21.00|33.00|900401
11085|21.00|33.00|900402
11085|21.00|33.00|900403
11085|21.00|33.00|900404
11085|21.50|33.50|900401
11085|21.50|33.50|900402
11085|21.50|33.50|900403
11085|21.50|33.50|900404
11007|22.00|34.00|900401
11007|22.00|34.00|900402
11007|22.00|34.00|900403
11007|22.00|34.00|900404
11007|22.50|34.50|900401
11007|22.50|34.50|900402
11007|22.50|34.50|900403
11007|22.50|34.50|900404
11007|23.00|35.00|900401
11007|23.00|35.00|900402
11007|23.00|35.00|900403
11007|23.00|35.00|900404
11007|23.50|35.50|900401
11007|23.50|35.50|900402
11007|23.50|35.50|900403
11007|23.50|35.50|900404
11085|24.00|36.00|900401
11085|24.00|36.00|900402
11085|24.00|36.00|900403
11085|24.00|36.00|900404
11085|24.50|36.50|900401
11085|24.50|36.50|900402
11085|24.50|36.50|900403
11085|24.50|36.50|900404
11085|25.00|37.00|900401
11085|25.00|37.00|900402
11085|25.00|37.00|900403
11085|25.00|37.00|900404
11085|25.50|37.50|900401
11085|25.50|37.50|900402
11085|25.50|37.50|900403
11085|25.50|37.50|900404
11007|26.00|38.00|900401
11007|26.00|38.00|900402
11007|26.00|38.00|900403
11007|26.00|38.00|900404
11007|26.50|38.50|900401
11007|26.50|38.50|900402
11007|26.50|38.50|900403
11007|26.50|38.50|900404
11007|27.00|39.00|900401
11007|27.00|39.00|900402
11007|27.00|39.00|900403
11007|27.00|39.00|900404
11007|27.50|39.50|900401
11007|27.50|39.50|900402
11007|27.50|39.50|900403
11007|27.50|39.50|900404
11085|28.00|40.00|900401
11085|28.00|40.00|900402
11085|28.00|40.00|900403
11085|28.00|40.00|900404
11085|28.50|40.50|900401
11085|28.50|40.50|900402
11085|28.50|40.50|900403
11085|28.50|40.50|900404
11085|29.00|41.00|900401
11085|29.00|41.00|900402
11085|29.00|41.00|900403
11085|29.00|41.00|900404
11085|29.50|41.50|900401
11085|29.50|41.50|900402
11085|29.50|41.50|900403
11085|29.50|41.50|900404
11007|30.00|42.00|900401
11007|30.00|42.00|900402
11007|30.00|42.00|900403
11007|30.00|42.00|900404
11007|30.50|42.50|900401
11007|30.50|42.50|900402
11007|30.50|42.50|900403
11007|30.50|42.50|900404
11007|31.00|43.00|900401
11007|31.00|43.00|900402
11007|31.00|43.00|900403
11007|31.00|43.00|900404
11007|31.50|43.50|900401
11007|31.50|43.50|900402
11007|31.50|43.50|900403
11007|31.50|43.50|900404
11085|32.00|44.00|900401
11085|32.00|44.00|900402
11085|32.00|44.00|900403
11085|32.00|44.00|900404
11085|32.50|44.50|900401
11085|32.50|44.50|900402
11085|32.50|44.50|900403
11085|32.50|44.50|900404
11085|33.00|45.00|900401
11085|33.00|45.00|900402
11085|33.00|45.00|900403
11085|33.00|45.00|900404
11085|33.50|45.50|900401
11085|33.50|45.50|900402
11085|33.50|45.50|900403
11085|33.50|45.50|900404
11007|34.00|46.00|900401
11007|34.00|46.00|900402
11007|34.00|46.00|900403
11007|34.00|46.00|900404
11007|34.50|46.50|900401
11007|34.50|46.50|900402
11007|34.50|46.50|900403
11007|34.50|46.50|900404
11007|35.00|47.00|900401
11007|35.00|47.00|900402
11007|35.00|47.00|900403
11007|35.00|47.00|900404
11007|35.50|47.50|900401
11007|35.50|47.50|900402
11007|35.50|47.50|900403
11007|35.50|47.50|900404
11085|36.00|48.00|900401
11085|36.00|48.00|900402
11085|36.00|48.00|900403
11085|36.00|48.00|900404
11085|36.50|48.50|900401
11085|36.50|48.50|900402
11085|36.50|48.50|900403
11085|36.50|48.50|900404
11085|37.00|49.00|900401
11085|37.00|49.00|900402
11085|37.00|49.00|900403
11085|37.00|49.00|900404
11085|37.50|49.50|900401
11085|37.50|49.50|900402
11085|37.50|49.50|900403
11085|37.50|49.50|900404
11007|38.00|50.00|900401
11007|38.00|50.00|900402
11007|38.00|50.00|900403
11007|38.00|50.00|900404
11007|38.50|50.50|900401
11007|38.50|50.50|900402
11007|38.50|50.50|900403
11007|38.50|50.50|900404
11007|39.00|51.00|900401
11007|39.00|51.00|900402
11007|39.00|51.00|900403
11007|39.00|51.00|900404
11007|39.50|51.50|900401
11007|39.50|51.50|900402
11007|39.50|51.50|900403
11007|39.50|51.50|900404
11085|40.00|52.00|900401
11085|40.00|52.00|900402
11085|40.00|52.00|900403
11085|40.00|52.00|900404
11085|40.50|52.50|900401
11085|40.50|52.50|900402
11085|40.50|52.50|900403
11085|40.50|52.50|900404
11085|41.00|53.00|900401
11085|41.00|53.00|900402
11085|41.00|53.00|900403
11085|41.00|53.00|900404
11085|41.50|53.50|900401
11085|41.50|53.50|900402
11085|41.50|53.50|900403
11085|41.50|53.50|900404
11007|42.00|54.00|900401
11007|42.00|54.00|900402
11007|42.00|54.00|900403
11007|42.00|54.00|900404
11007|42.50|54.50|900401
11007|42.50|54.50|900402
11007|42.50|54.50|900403
11007|42.50|54.50|900404
11007|43.00|55.00|900401
11007|43.00|55.00|900402
11007|43.00|55.00|900403
11007|43.00|55.00|900404
11007|43.50|55.50|900401
11007|43.50|55.50|900402
11007|43.50|55.50|900403
11007|43.50|55.50|900404
11085|44.00|56.00|900401
11085|44.00|56.00|900402
11085|44.00|56.00|900403
11085|44.00|56.00|900404
11085|44.50|56.50|900401
11085|44.50|56.50|900402
11085|44.50|56.50|900403
11085|44.50|56.50|900404
11085|45.00|57.00|900401
11085|45.00|57.00|900402
11085|45.00|57.00|900403
11085|45.00|57.00|900404
11085|45.50|57.50|900401
11085|45.50|57.50|900402
11085|45.50|57.50|900403
11085|45.50|57.50|900404
11007|46.00|58.00|900401
11007|46.00|58.00|900402
11007|46.00|58.00|900403
11007|46.00|58.00|900404
11007|46.50|58.50|900401
11007|46.50|58.50|900402
11007|46.50|58.50|900403
11007|46.50|58.50|900404
11007|47.00|59.00|900401
11007|47.00|59.00|900402
11007|47.00|59.00|900403
11007|47.00|59.00|900404
11007|47.50|59.50|900401
11007|47.50|59.50|900402
11007|47.50|59.50|900403
11007|47.50|59.50|900404
11085|48.00|60.00|900401
11085|48.00|60.00|900402
11085|48.00|60.00|900403
11085|48.00|60.00|900404
11085|48.50|60.50|900401
11085|48.50|60.50|900402
11085|48.50|60.50|900403
11085|48.50|60.50|900404
11085|49.00|61.00|900401
11085|49.00|61.00|900402
11085|49.00|61.00|900403
11085|49.00|61.00|900404
11085|49.50|61.50|900401
11085|49.50|61.50|900402
11085|49.50|61.50|900403
11085|49.50|61.50|900404
11007|50.00|62.00|900401
11007|50.00|62.00|900402
11007|50.00|62.00|900403
11007|50.00|62.00|900404
11007|50.50|62.50|900401
11007|50.50|62.50|900402
11007|50.50|62.50|900403
11007|50.50|62.50|900404
11007|51.00|63.00|900401
11007|51.00|63.00|900402
11007|51.00|63.00|900403
11007|51.00|63.00|900404
11007|51.50|63.50|900401
11007|51.50|63.50|900402
11007|51.50|63.50|900403
11007|51.50|63.50|900404
11085|52.00|64.00|900401
11085|52.00|64.00|900402
11085|52.00|64.00|900403
11085|52.00|64.00|900404
11085|52.50|64.50|900401
11085|52.50|64.50|900402
11085|52.50|64.50|900403
11085|52.50|64.50|900404
11085|53.00|65.00|900401
11085|53.00|65.00|900402
11085|53.00|65.00|900403
11085|53.00|65.00|900404
#tide_44414_2
65.00
11025|0.00|20.00|900405
11027|4.00|24.00|900405
11025|8.00|28.00|900405
11027|12.00|32.00|900405
11025|16.00|36.00|900405
11027|20.00|40.00|900405
11025|24.00|44.00|900405
11027|28.00|48.00|900405
11025|32.00|52.00|900405
11027|36.00|56.00|900405
11025|40.00|60.00|900405
11027|44.00|64.00|900405
11006|2.00|17.00|900406
11006|2.00|17.00|900407
11006|2.50|17.50|900406
11006|2.50|17.50|900407
11006|3.00|18.00|900406
11006|3.00|18.00|900407
11006|3.50|18.50|900406
11006|3.50|18.50|900407
11006|4.00|19.00|900406
11006|4.00|19.00|900407
11006|4.50|19.50|900406
11006|4.50|19.50|900407
11006|5.00|20.00|900406
11006|5.00|20.00|900407
11006|5.50|20.50|900406
11006|5.50|20.50|900407
11006|6.00|21.00|900406
11006|6.00|21.00|900407
11006|6.50|21.50|900406
11006|6.50|21.50|900407
11006|7.00|22.00|900406
11006|7.00|22.00|900407
11006|7.50|22.50|900406
11006|7.50|22.50|900407
11006|8.00|23.00|900406
11006|8.00|23.00|900407
11006|8.50|23.50|900406
11006|8.50|23.50|900407
11006|9.00|24.00|900406
11006|9.00|24.00|900407
11006|9.50|24.50|900406
11006|9.50|24.50|900407
11006|10.00|25.00|900406
11006|10.00|25.00|900407
11006|10.50|25.50|900406
11006|10.50|25.50|900407
11006|11.00|26.00|900406
11006|11.00|26.00|900407
11006|11.50|26.50|900406
11006|11.50|26.50|900407
11006|12.00|27.00|900406
11006|12.00|27.00|900407
11006|12.50|27.50|900406
11006|12.50|27.50|900407
11006|13.00|28.00|900406
11006|13.00|28.00|900407
11006|13.50|28.50|900406
11006|13.50|28.50|900407
11006|14.00|29.00|900406
11006|14.00|29.00|900407
11006|14.50|29.50|900406
11006|14.50|29.50|900407
11006|15.00|30.00|900406
11006|15.00|30.00|900407
11006|15.50|30.50|900406
11006|15.50|30.50|900407
11006|16.00|31.00|900406
11006|16.00|31.00|900407
11006|16.50|31.50|900406
11006|16.50|31.50|900407
11006|17.00|32.00|900406
11006|17.00|32.00|900407
11006|17.50|32.50|900406
11006|17.50|32.50|900407
11006|18.00|33.00|900406
11006|18.00|33.00|900407
11006|18.50|33.50|900406
11006|18.50|33.50|900407
11006|19.00|34.00|900406
11006|19.00|34.00|900407
11006|19.50|34.50|900406
11006|19.50|34.50|900407
11006|20.00|35.00|900406
11006|20.00|35.00|900407
11006|20.50|35.50|900406
11006|20.50|35.50|900407
11006|21.00|36.00|900406
11006|21.00|36.00|900407
11006|21.50|36.50|900406
11006|21.50|36.50|900407
11006|22.00|37.00|900406
11006|22.00|37.00|900407
11006|22.50|37.50|900406
11006|22.50|37.50|900407
11006|23.00|38.00|900406
11006|23.00|38.00|900407
11006|23.50|38.50|900406
11006|23.50|38.50|900407
11006|24.00|39.00|900406
11006|24.00|39.00|900407
11006|24.50|39.50|900406
11006|24.50|39.50|900407
11006|25.00|40.00|900406
11006|25.00|40.00|900407
11006|25.50|40.50|900406
11006|25.50|40.50|900407
11006|26.00|41.00|900406
11006|26.00|41.00|900407
11006|26.50|41.50|900406
11006|26.50|41.50|900407
11006|27.00|42.00|900406
11006|27.00|42.00|900407
11006|27.50|42.50|900406
11006|27.50|42.50|900407
11006|28.00|43.00|900406
11006|28.00|43.00|900407
11006|28.50|43.50|900406
11006|28.50|43.50|900407
11006|29.00|44.00|900406
11006|29.00|44.00|900407
11006|29.50|44.50|900406
11006|29.50|44.50|900407
11006|30.00|45.00|900406
11006|30.00|45.00|900407
11006|30.50|45.50|900406
11006|30.50|45.50|900407
11006|31.00|46.00|900406
11006|31.00|46.00|900407
11006|31.50|46.50|900406
11006|31.50|46.50|900407
11006|32.00|47.00|900406
11006|32.00|47.00|900407
11006|32.50|47.50|900406
11006|32.50|47.50|900407
11006|33.00|48.00|900406
11006|33.00|48.00|900407
11006|33.50|48.50|900406
11006|33.50|48.50|900407
11006|34.00|49.00|900406
11006|34.00|49.00|900407
11006|34.50|49.50|900406
11006|34.50|49.50|900407
11006|35.00|50.00|900406
11006|35.00|50.00|900407
11006|35.50|50.50|900406
11006|35.50|50.50|900407
11006|36.00|51.00|900406
11006|36.00|51.00|900407
11006|36.50|51.50|900406
11006|36.50|51.50|900407
11006|37.00|52.00|900406
11006|37.00|52.00|900407
11006|37.50|52.50|900406
11006|37.50|52.50|900407
11006|38.00|53.00|900406
11006|38.00|53.00|900407
11006|38.50|53.50|900406
11006|38.50|53.50|900407
11006|39.00|54.00|900406
11006|39.00|54.00|900407
11006|39.50|54.50|900406
11006|39.50|54.50|900407
11006|40.00|55.00|900406
11006|40.00|55.00|900407
11006|40.50|55.50|900406
11006|40.50|55.50|900407
11006|41.00|56.00|900406
11006|41.00|56.00|900407
11006|41.50|56.50|900406
11006|41.50|56.50|900407
11006|42.00|57.00|900406
11006|42.00|57.00|900407
11006|42.50|57.50|900406
11006|42.50|57.50|900407
11006|43.00|58.00|900406
11006|43.00|58.00|900407
11006|43.50|58.50|900406
11006|43.50|58.50|900407
11006|44.00|59.00|900406
11006|44.00|59.00|900407
11006|44.50|59.50|900406
11006|44.50|59.50|900407
11006|45.00|60.00|900406
11006|45.00|60.00|900407
11006|45.50|60.50|900406
11006|45.50|60.50|900407
11006|46.00|61.00|900406
11006|46.00|61.00|900407
11006|46.50|61.50|900406
11006|46.50|61.50|900407
11006|47.00|62.00|900406
11006|47.00|62.00|900407
11006|47.50|62.50|900406
11006|47.50|62.50|900407
11006|48.00|63.00|900406
11006|48.00|63.00|900407
11006|48.50|63.50|900406
11006|48.50|63.50|900407
11006|49.00|64.00|900406
11006|49.00|64.00|900407
11006|49.50|64.50|900406
11006|49.50|64.50|900407
11006|50.00|65.00|900406
11006|50.00|65.00|900407
#tide_44414_3
65.00
78229|0.00|30.00|1011072
65119|25.00|43.00|1010362
78229|35.00|65.00|1011073
11013|0.00|25.00|1004311
11013|0.00|25.00|1004372
11013|0.00|25.00|1004333
11013|0.00|25.00|1004374
11013|0.00|25.00|1004371
11013|0.00|25.00|1004592
11013|0.00|25.00|1004543
11013|0.00|25.00|1004524
11013|4.00|29.00|1004351
11013|4.00|29.00|1004482
11013|4.00|29.00|1004573
11013|4.00|29.00|1004364
11013|4.00|29.00|1004531
11013|4.00|29.00|1004552
11013|4.00|29.00|1004503
11013|4.00|29.00|1004564
11013|8.00|33.00|1004421
11013|8.00|33.00|1004532
11013|8.00|33.00|1004493
11013|8.00|33.00|1004594
11013|8.00|33.00|1004531
11013|8.00|33.00|1004402
11013|8.00|33.00|1004483
11013|8.00|33.00|1004464
11013|12.00|37.00|1004551
11013|12.00|37.00|1004452
11013|12.00|37.00|1004443
11013|12.00|37.00|1004584
11013|12.00|37.00|1004551
11013|12.00|37.00|1004372
11013|12.00|37.00|1004573
11013|12.00|37.00|1004444
11013|16.00|41.00|1004531
11013|16.00|41.00|1004392
11013|16.00|41.00|1004333
11013|16.00|41.00|1004444
11013|16.00|41.00|1004581
11013|16.00|41.00|1004312
11013|16.00|41.00|1004413
11013|16.00|41.00|1004484
11013|20.00|45.00|1004411
11013|20.00|45.00|1004462
11013|20.00|45.00|1004503
11013|20.00|45.00|1004394
11013|20.00|45.00|1004371
11013|20.00|45.00|1004402
11013|20.00|45.00|1004363
11013|20.00|45.00|1004404
11013|24.00|49.00|1004441
11013|24.00|49.00|1004332
11013|24.00|49.00|1004563
11013|24.00|49.00|1004394
11013|24.00|49.00|1004451
11013|24.00|49.00|1004372
11013|24.00|49.00|1004583
11013|24.00|49.00|1004514
11013|28.00|53.00|1004411
11013|28.00|53.00|1004412
11013|28.00|53.00|1004323
11013|28.00|53.00|1004514
11013|28.00|53.00|1004351
11013|28.00|53.00|1004372
11013|28.00|53.00|1004373
11013|28.00|53.00|1004404
11013|32.00|57.00|1004331
11013|32.00|57.00|1004552
11013|32.00|57.00|1004393
11013|32.00|57.00|1004374
11013|32.00|57.00|1004371
11013|32.00|57.00|1004442
11013|32.00|57.00|1004303
11013|32.00|57.00|1004504
11013|36.00|61.00|1004301
11013|36.00|61.00|1004362
11013|36.00|61.00|1004583
11013|36.00|61.00|1004584
11013|36.00|61.00|1004531
11013|36.00|61.00|1004562
11013|36.00|61.00|1004533
11013|36.00|61.00|1004504
11013|40.00|65.00|1004571
11013|40.00|65.00|1004312
11013|40.00|65.00|1004583
11013|40.00|65.00|1004564
11013|40.00|65.00|1004461
11013|40.00|65.00|1004352
11013|40.00|65.00|1004463
11013|40.00|65.00|1004414
#tide_44414_4
65.00
11025|0.00|20.00|900405
11027|4.00|24.00|900405
11025|8.00|28.00|900405
11027|12.00|32.00|900405
11025|16.00|36.00|900405
11027|20.00|40.00|900405
11025|24.00|44.00|900405
11027|28.00|48.00|900405
11025|32.00|52.00|900405
11027|36.00|56.00|900405
11025|40.00|60.00|900405
11027|44.00|64.00|900405
11007|2.00|14.00|900408
11007|2.00|14.00|900409
11004|2.00|14.00|900410
11004|2.00|14.00|900411
11007|3.00|15.00|900408
11007|3.00|15.00|900409
11004|3.00|15.00|900410
11004|3.00|15.00|900411
11007|4.00|16.00|900408
11007|4.00|16.00|900409
11004|4.00|16.00|900410
11004|4.00|16.00|900411
11007|5.00|17.00|900408
11007|5.00|17.00|900409
11004|5.00|17.00|900410
11004|5.00|17.00|900411
11007|6.00|18.00|900408
11007|6.00|18.00|900409
11004|6.00|18.00|900410
11004|6.00|18.00|900411
11007|7.00|19.00|900408
11007|7.00|19.00|900409
11004|7.00|19.00|900410
11004|7.00|19.00|900411
11007|8.00|20.00|900408
11007|8.00|20.00|900409
11004|8.00|20.00|900410
11004|8.00|20.00|900411
11007|9.00|21.00|900408
11007|9.00|21.00|900409
11004|9.00|21.00|900410
11004|9.00|21.00|900411
11007|10.00|22.00|900408
11007|10.00|22.00|900409
11004|10.00|22.00|900410
11004|10.00|22.00|900411
11007|11.00|23.00|900408
11007|11.00|23.00|900409
11004|11.00|23.00|900410
11004|11.00|23.00|900411
11007|12.00|24.00|900408
11007|12.00|24.00|900409
11004|12.00|24.00|900410
11004|12.00|24.00|900411
11007|13.00|25.00|900408
11007|13.00|25.00|900409
11004|13.00|25.00|900410
11004|13.00|25.00|900411
11007|14.00|26.00|900408
11007|14.00|26.00|900409
11004|14.00|26.00|900410
11004|14.00|26.00|900411
11007|15.00|27.00|900408
11007|15.00|27.00|900409
11004|15.00|27.00|900410
11004|15.00|27.00|900411
11007|16.00|28.00|900408
11007|16.00|28.00|900409
11004|16.00|28.00|900410
11004|16.00|28.00|900411
11007|17.00|29.00|900408
11007|17.00|29.00|900409
11004|17.00|29.00|900410
11004|17.00|29.00|900411
11007|18.00|30.00|900408
11007|18.00|30.00|900409
11004|18.00|30.00|900410
11004|18.00|30.00|900411
11007|19.00|31.00|900408
11007|19.00|31.00|900409
11004|19.00|31.00|900410
11004|19.00|31.00|900411
11007|20.00|32.00|900408
11007|20.00|32.00|900409
11004|20.00|32.00|900410
11004|20.00|32.00|900411
11007|21.00|33.00|900408
11007|21.00|33.00|900409
11004|21.00|33.00|900410
11004|21.00|33.00|900411
11007|22.00|34.00|900408
11007|22.00|34.00|900409
11004|22.00|34.00|900410
11004|22.00|34.00|900411
11007|23.00|35.00|900408
11007|23.00|35.00|900409
11004|23.00|35.00|900410
11004|23.00|35.00|900411
11007|24.00|36.00|900408
11007|24.00|36.00|900409
11004|24.00|36.00|900410
11004|24.00|36.00|900411
11007|25.00|37.00|900408
11007|25.00|37.00|900409
11004|25.00|37.00|900410
11004|25.00|37.00|900411
11007|26.00|38.00|900408
11007|26.00|38.00|900409
11004|26.00|38.00|900410
11004|26.00|38.00|900411
11007|27.00|39.00|900408
11007|27.00|39.00|900409
11004|27.00|39.00|900410
11004|27.00|39.00|900411
11007|28.00|40.00|900408
11007|28.00|40.00|900409
11004|28.00|40.00|900410
11004|28.00|40.00|900411
11007|29.00|41.00|900408
11007|29.00|41.00|900409
11004|29.00|41.00|900410
11004|29.00|41.00|900411
11007|30.00|42.00|900408
11007|30.00|42.00|900409
11004|30.00|42.00|900410
11004|30.00|42.00|900411
11007|31.00|43.00|900408
11007|31.00|43.00|900409
11004|31.00|43.00|900410
11004|31.00|43.00|900411
11007|32.00|44.00|900408
11007|32.00|44.00|900409
11004|32.00|44.00|900410
11004|32.00|44.00|900411
11007|33.00|45.00|900408
11007|33.00|45.00|900409
11004|33.00|45.00|900410
11004|33.00|45.00|900411
11007|34.00|46.00|900408
11007|34.00|46.00|900409
11004|34.00|46.00|900410
11004|34.00|46.00|900411
11007|35.00|47.00|900408
11007|35.00|47.00|900409
11004|35.00|47.00|900410
11004|35.00|47.00|900411
11007|36.00|48.00|900408
11007|36.00|48.00|900409
11004|36.00|48.00|900410
11004|36.00|48.00|900411
11007|37.00|49.00|900408
11007|37.00|49.00|900409
11004|37.00|49.00|900410
11004|37.00|49.00|900411
11007|38.00|50.00|900408
11007|38.00|50.00|900409
11004|38.00|50.00|900410
11004|38.00|50.00|900411
11007|39.00|51.00|900408
11007|39.00|51.00|900409
11004|39.00|51.00|900410
11004|39.00|51.00|900411
11007|40.00|52.00|900408
11007|40.00|52.00|900409
11004|40.00|52.00|900410
11004|40.00|52.00|900411
11007|41.00|53.00|900408
11007|41.00|53.00|900409
11004|41.00|53.00|900410
11004|41.00|53.00|900411
11007|42.00|54.00|900408
11007|42.00|54.00|900409
11004|42.00|54.00|900410
11004|42.00|54.00|900411
11007|43.00|55.00|900408
11007|43.00|55.00|900409
11004|43.00|55.00|900410
11004|43.00|55.00|900411
11007|44.00|56.00|900408
11007|44.00|56.00|900409
11004|44.00|56.00|900410
11004|44.00|56.00|900411
11007|45.00|57.00|900408
11007|45.00|57.00|900409
11004|45.00|57.00|900410
11004|45.00|57.00|900411
11007|46.00|58.00|900408
11007|46.00|58.00|900409
11004|46.00|58.00|900410
11004|46.00|58.00|900411
11007|47.00|59.00|900408
11007|47.00|59.00|900409
11004|47.00|59.00|900410
11004|47.00|59.00|900411
11007|48.00|60.00|900408
11007|48.00|60.00|900409
11004|48.00|60.00|900410
11004|48.00|60.00|900411
11007|49.00|61.00|900408
11007|49.00|61.00|900409
11004|49.00|61.00|900410
11004|49.00|61.00|900411
11007|50.00|62.00|900408
11007|50.00|62.00|900409
11004|50.00|62.00|900410
11004|50.00|62.00|900411
11007|51.00|63.00|900408
11007|51.00|63.00|900409
11004|51.00|63.00|900410
11004|51.00|63.00|900411
11007|52.00|64.00|900408
11007|52.00|64.00|900409
11004|52.00|64.00|900410
11004|52.00|64.00|900411
11007|53.00|65.00|900408
11007|53.00|65.00|900409
11004|53.00|65.00|900410
11004|53.00|65.00|900411
#tide_44414_5
65.00
60118|0.00|65.00|900451
11027|0.00|65.00|900452
11006|0.00|42.00|900412
11006|0.00|42.00|900413
11006|0.50|42.50|900412
11006|0.50|42.50|900413
11006|1.00|43.00|900412
11006|1.00|43.00|900413
11006|1.50|43.50|900412
11006|1.50|43.50|900413
11006|2.00|44.00|900412
11006|2.00|44.00|900413
11006|2.50|44.50|900412
11006|2.50|44.50|900413
11006|3.00|45.00|900412
11006|3.00|45.00|900413
11006|3.50|45.50|900412
11006|3.50|45.50|900413
11006|4.00|46.00|900412
11006|4.00|46.00|900413
11006|4.50|46.50|900412
11006|4.50|46.50|900413
11006|5.00|47.00|900412
11006|5.00|47.00|900413
11006|5.50|47.50|900412
11006|5.50|47.50|900413
11006|6.00|48.00|900412
11006|6.00|48.00|900413
11006|6.50|48.50|900412
11006|6.50|48.50|900413
11006|7.00|49.00|900412
11006|7.00|49.00|900413
11006|7.50|49.50|900412
11006|7.50|49.50|900413
11006|8.00|50.00|900412
11006|8.00|50.00|900413
11006|8.50|50.50|900412
11006|8.50|50.50|900413
11006|9.00|51.00|900412
11006|9.00|51.00|900413
11006|9.50|51.50|900412
11006|9.50|51.50|900413
11006|10.00|52.00|900412
11006|10.00|52.00|900413
11006|10.50|52.50|900412
11006|10.50|52.50|900413
11006|11.00|53.00|900412
11006|11.00|53.00|900413
11006|11.50|53.50|900412
11006|11.50|53.50|900413
11006|12.00|54.00|900412
11006|12.00|54.00|900413
11006|12.50|54.50|900412
11006|12.50|54.50|900413
11006|13.00|55.00|900412
11006|13.00|55.00|900413
11006|13.50|55.50|900412
11006|13.50|55.50|900413
11006|14.00|56.00|900412
11006|14.00|56.00|900413
11006|14.50|56.50|900412
11006|14.50|56.50|900413
11006|15.00|57.00|900412
11006|15.00|57.00|900413
11006|15.50|57.50|900412
11006|15.50|57.50|900413
11006|16.00|58.00|900412
11006|16.00|58.00|900413
11006|16.50|58.50|900412
11006|16.50|58.50|900413
11006|17.00|59.00|900412
11006|17.00|59.00|900413
11006|17.50|59.50|900412
11006|17.50|59.50|900413
11006|18.00|60.00|900412
11006|18.00|60.00|900413
11006|18.50|60.50|900412
11006|18.50|60.50|900413
11006|19.00|61.00|900412
11006|19.00|61.00|900413
11006|19.50|61.50|900412
11006|19.50|61.50|900413
11006|20.00|62.00|900412
11006|20.00|62.00|900413
11006|20.50|62.50|900412
11006|20.50|62.50|900413
11006|21.00|63.00|900412
11006|21.00|63.00|900413
11006|21.50|63.50|900412
11006|21.50|63.50|900413
11006|22.00|64.00|900412
11006|22.00|64.00|900413
11006|22.50|64.50|900412
11006|22.50|64.50|900413
11006|23.00|65.00|900412
11006|23.00|65.00|900413
11007|0.00|42.00|900414
11007|0.00|42.00|900415
11007|0.50|42.50|900414
11007|0.50|42.50|900415
11007|1.00|43.00|900414
11007|1.00|43.00|900415
11007|1.50|43.50|900414
11007|1.50|43.50|900415
11007|2.00|44.00|900414
11007|2.00|44.00|900415
11007|2.50|44.50|900414
11007|2.50|44.50|900415
11007|3.00|45.00|900414
11007|3.00|45.00|900415
11007|3.50|45.50|900414
11007|3.50|45.50|900415
11007|4.00|46.00|900414
11007|4.00|46.00|900415
11007|4.50|46.50|900414
11007|4.50|46.50|900415
11007|5.00|47.00|900414
11007|5.00|47.00|900415
11007|5.50|47.50|900414
11007|5.50|47.50|900415
11007|6.00|48.00|900414
11007|6.00|48.00|900415
11007|6.50|48.50|900414
11007|6.50|48.50|900415
11007|7.00|49.00|900414
11007|7.00|49.00|900415
11007|7.50|49.50|900414
11007|7.50|49.50|900415
11007|8.00|50.00|900414
11007|8.00|50.00|900415
11007|8.50|50.50|900414
11007|8.50|50.50|900415
11007|9.00|51.00|900414
11007|9.00|51.00|900415
11007|9.50|51.50|900414
11007|9.50|51.50|900415
11007|10.00|52.00|900414
11007|10.00|52.00|900415
11007|10.50|52.50|900414
11007|10.50|52.50|900415
11007|11.00|53.00|900414
11007|11.00|53.00|900415
11007|11.50|53.50|900414
11007|11.50|53.50|900415
11007|12.00|54.00|900414
11007|12.00|54.00|900415
11007|12.50|54.50|900414
11007|12.50|54.50|900415
11007|13.00|55.00|900414
11007|13.00|55.00|900415
11007|13.50|55.50|900414
11007|13.50|55.50|900415
11007|14.00|56.00|900414
11007|14.00|56.00|900415
11007|14.50|56.50|900414
11007|14.50|56.50|900415
11007|15.00|57.00|900414
11007|15.00|57.00|900415
11007|15.50|57.50|900414
11007|15.50|57.50|900415
11007|16.00|58.00|900414
11007|16.00|58.00|900415
11007|16.50|58.50|900414
11007|16.50|58.50|900415
11007|17.00|59.00|900414
11007|17.00|59.00|900415
11007|17.50|59.50|900414
11007|17.50|59.50|900415
11007|18.00|60.00|900414
11007|18.00|60.00|900415
11007|18.50|60.50|900414
11007|18.50|60.50|900415
11007|19.00|61.00|900414
11007|19.00|61.00|900415
11007|19.50|61.50|900414
11007|19.50|61.50|900415
11007|20.00|62.00|900414
11007|20.00|62.00|900415
11007|20.50|62.50|900414
11007|20.50|62.50|900415
11007|21.00|63.00|900414
11007|21.00|63.00|900415
11007|21.50|63.50|900414
11007|21.50|63.50|900415
11007|22.00|64.00|900414
11007|22.00|64.00|900415
11007|22.50|64.50|900414
11007|22.50|64.50|900415
11007|23.00|65.00|900414
11007|23.00|65.00|900415
#tide_44414_6
65.00
11085|0.00|16.00|900416
11085|0.00|16.00|900418
11085|0.00|16.00|900422
11085|0.00|16.00|900424
11085|1.00|17.00|900416
11085|1.00|17.00|900418
11085|1.00|17.00|900422
11085|1.00|17.00|900424
11085|2.00|18.00|900416
11085|2.00|18.00|900418
11085|2.00|18.00|900422
11085|2.00|18.00|900424
11085|3.00|19.00|900416
11085|3.00|19.00|900418
11085|3.00|19.00|900422
11085|3.00|19.00|900424
11085|4.00|20.00|900416
11085|4.00|20.00|900418
11085|4.00|20.00|900422
11085|4.00|20.00|900424
11085|5.00|21.00|900416
11085|5.00|21.00|900418
11085|5.00|21.00|900422
11085|5.00|21.00|900424
11085|6.00|22.00|900416
11085|6.00|22.00|900418
11085|6.00|22.00|900422
11085|6.00|22.00|900424
11085|7.00|23.00|900416
11085|7.00|23.00|900418
11085|7.00|23.00|900422
11085|7.00|23.00|900424
11085|8.00|24.00|900416
11085|8.00|24.00|900418
11085|8.00|24.00|900422
11085|8.00|24.00|900424
11085|9.00|25.00|900416
11085|9.00|25.00|900418
11085|9.00|25.00|900422
11085|9.00|25.00|900424
11085|10.00|26.00|900416
11085|10.00|26.00|900418
11085|10.00|26.00|900422
11085|10.00|26.00|900424
11085|11.00|27.00|900416
11085|11.00|27.00|900418
11085|11.00|27.00|900422
11085|11.00|27.00|900424
11085|12.00|28.00|900416
11085|12.00|28.00|900418
11085|12.00|28.00|900422
11085|12.00|28.00|900424
11085|13.00|29.00|900416
11085|13.00|29.00|900418
11085|13.00|29.00|900422
11085|13.00|29.00|900424
11085|14.00|30.00|900416
11085|14.00|30.00|900418
11085|14.00|30.00|900422
11085|14.00|30.00|900424
11085|15.00|31.00|900416
11085|15.00|31.00|900418
11085|15.00|31.00|900422
11085|15.00|31.00|900424
11085|16.00|32.00|900416
11085|16.00|32.00|900418
11085|16.00|32.00|900422
11085|16.00|32.00|900424
11085|17.00|33.00|900416
11085|17.00|33.00|900418
11085|17.00|33.00|900422
11085|17.00|33.00|900424
11085|18.00|34.00|900416
11085|18.00|34.00|900418
11085|18.00|34.00|900422
11085|18.00|34.00|900424
11085|19.00|35.00|900416
11085|19.00|35.00|900418
11085|19.00|35.00|900422
11085|19.00|35.00|900424
11085|20.00|36.00|900416
11085|20.00|36.00|900418
11085|20.00|36.00|900422
11085|20.00|36.00|900424
11085|21.00|37.00|900416
11085|21.00|37.00|900418
11085|21.00|37.00|900422
11085|21.00|37.00|900424
11085|22.00|38.00|900416
11085|22.00|38.00|900418
11085|22.00|38.00|900422
11085|22.00|38.00|900424
11085|23.00|39.00|900416
11085|23.00|39.00|900418
11085|23.00|39.00|900422
11085|23.00|39.00|900424
11085|24.00|40.00|900416
11085|24.00|40.00|900418
11085|24.00|40.00|900422
11085|24.00|40.00|900424
11085|25.00|41.00|900416
11085|25.00|41.00|900418
11085|25.00|41.00|900422
11085|25.00|41.00|900424
11085|26.00|42.00|900416
11085|26.00|42.00|900418
11085|26.00|42.00|900422
11085|26.00|42.00|900424
11085|27.00|43.00|900416
11085|27.00|43.00|900418
11085|27.00|43.00|900422
11085|27.00|43.00|900424
11085|28.00|44.00|900416
11085|28.00|44.00|900418
11085|28.00|44.00|900422
11085|28.00|44.00|900424
11085|29.00|45.00|900416
11085|29.00|45.00|900418
11085|29.00|45.00|900422
11085|29.00|45.00|900424
11085|30.00|46.00|900416
11085|30.00|46.00|900418
11085|30.00|46.00|900422
11085|30.00|46.00|900424
11085|31.00|47.00|900416
11085|31.00|47.00|900418
11085|31.00|47.00|900422
11085|31.00|47.00|900424
11085|32.00|48.00|900416
11085|32.00|48.00|900418
11085|32.00|48.00|900422
11085|32.00|48.00|900424
11085|33.00|49.00|900416
11085|33.00|49.00|900418
11085|33.00|49.00|900422
11085|33.00|49.00|900424
11085|34.00|50.00|900416
11085|34.00|50.00|900418
11085|34.00|50.00|900422
11085|34.00|50.00|900424
11085|35.00|51.00|900416
11085|35.00|51.00|900418
11085|35.00|51.00|900422
11085|35.00|51.00|900424
11085|36.00|52.00|900416
11085|36.00|52.00|900418
11085|36.00|52.00|900422
11085|36.00|52.00|900424
11085|37.00|53.00|900416
11085|37.00|53.00|900418
11085|37.00|53.00|900422
11085|37.00|53.00|900424
11085|38.00|54.00|900416
11085|38.00|54.00|900418
11085|38.00|54.00|900422
11085|38.00|54.00|900424
11085|39.00|55.00|900416
11085|39.00|55.00|900418
11085|39.00|55.00|900422
11085|39.00|55.00|900424
11085|40.00|56.00|900416
11085|40.00|56.00|900418
11085|40.00|56.00|900422
11085|40.00|56.00|900424
11085|41.00|57.00|900416
11085|41.00|57.00|900418
11085|41.00|57.00|900422
11085|41.00|57.00|900424
11085|42.00|58.00|900416
11085|42.00|58.00|900418
11085|42.00|58.00|900422
11085|42.00|58.00|900424
11085|43.00|59.00|900416
11085|43.00|59.00|900418
11085|43.00|59.00|900422
11085|43.00|59.00|900424
11085|44.00|60.00|900416
11085|44.00|60.00|900418
11085|44.00|60.00|900422
11085|44.00|60.00|900424
11085|45.00|61.00|900416
11085|45.00|61.00|900418
11085|45.00|61.00|900422
11085|45.00|61.00|900424
11085|46.00|62.00|900416
11085|46.00|62.00|900418
11085|46.00|62.00|900422
11085|46.00|62.00|900424
11085|47.00|63.00|900416
11085|47.00|63.00|900418
11085|47.00|63.00|900422
11085|47.00|63.00|900424
11085|48.00|64.00|900416
11085|48.00|64.00|900418
11085|48.00|64.00|900422
11085|48.00|64.00|900424
11085|49.00|65.00|900416
11085|49.00|65.00|900418
11085|49.00|65.00|900422
11085|49.00|65.00|900424
14013|0.00|16.00|900417
14013|0.00|16.00|900423
11021|3.00|19.00|900417
11021|3.00|19.00|900423
14013|6.00|22.00|900417
14013|6.00|22.00|900423
11021|9.00|25.00|900417
11021|9.00|25.00|900423
14013|12.00|28.00|900417
14013|12.00|28.00|900423
11021|15.00|31.00|900417
11021|15.00|31.00|900423
14013|18.00|34.00|900417
14013|18.00|34.00|900423
11021|21.00|37.00|900417
11021|21.00|37.00|900423
14013|24.00|40.00|900417
14013|24.00|40.00|900423
11021|27.00|43.00|900417
11021|27.00|43.00|900423
14013|30.00|46.00|900417
14013|30.00|46.00|900423
11021|33.00|49.00|900417
11021|33.00|49.00|900423
14013|36.00|52.00|900417
14013|36.00|52.00|900423
11021|39.00|55.00|900417
11021|39.00|55.00|900423
14013|42.00|58.00|900417
14013|42.00|58.00|900423
11021|45.00|61.00|900417
11021|45.00|61.00|900423
14013|48.00|64.00|900417
14013|48.00|64.00|900423
11017|0.00|16.00|900419
11017|0.00|16.00|900421
11017|2.00|18.00|900419
11017|2.00|18.00|900421
11027|4.50|20.50|900420
11017|7.00|23.00|900419
11017|7.00|23.00|900421
11017|9.00|25.00|900419
11017|9.00|25.00|900421
11027|11.50|27.50|900420
11017|14.00|30.00|900419
11017|14.00|30.00|900421
11017|16.00|32.00|900419
11017|16.00|32.00|900421
11027|18.50|34.50|900420
11017|21.00|37.00|900419
11017|21.00|37.00|900421
11017|23.00|39.00|900419
11017|23.00|39.00|900421
11027|25.50|41.50|900420
11017|28.00|44.00|900419
11017|28.00|44.00|900421
11017|30.00|46.00|900419
11017|30.00|46.00|900421
11027|32.50|48.50|900420
11017|35.00|51.00|900419
11017|35.00|51.00|900421
11017|37.00|53.00|900419
11017|37.00|53.00|900421
11027|39.50|55.50|900420
11017|42.00|58.00|900419
11017|42.00|58.00|900421
11017|44.00|60.00|900419
11017|44.00|60.00|900421
11027|46.50|62.50|900420
#tide_44414_7
65.00
60118|0.00|65.00|900453
11007|0.00|40.00|900425
11007|0.00|40.00|900426
11006|0.00|40.00|900427
11006|0.00|40.00|900428
11007|0.50|40.50|900425
11007|0.50|40.50|900426
11006|0.50|40.50|900427
11006|0.50|40.50|900428
11007|1.00|41.00|900425
11007|1.00|41.00|900426
11006|1.00|41.00|900427
11006|1.00|41.00|900428
11007|1.50|41.50|900425
11007|1.50|41.50|900426
11006|1.50|41.50|900427
11006|1.50|41.50|900428
11007|2.00|42.00|900425
11007|2.00|42.00|900426
11006|2.00|42.00|900427
11006|2.00|42.00|900428
11007|2.50|42.50|900425
11007|2.50|42.50|900426
11006|2.50|42.50|900427
11006|2.50|42.50|900428
11007|3.00|43.00|900425
11007|3.00|43.00|900426
11006|3.00|43.00|900427
11006|3.00|43.00|900428
11007|3.50|43.50|900425
11007|3.50|43.50|900426
11006|3.50|43.50|900427
11006|3.50|43.50|900428
11007|4.00|44.00|900425
11007|4.00|44.00|900426
11006|4.00|44.00|900427
11006|4.00|44.00|900428
11007|4.50|44.50|900425
11007|4.50|44.50|900426
11006|4.50|44.50|900427
11006|4.50|44.50|900428
11007|5.00|45.00|900425
11007|5.00|45.00|900426
11006|5.00|45.00|900427
11006|5.00|45.00|900428
11007|5.50|45.50|900425
11007|5.50|45.50|900426
11006|5.50|45.50|900427
11006|5.50|45.50|900428
11007|6.00|46.00|900425
11007|6.00|46.00|900426
11006|6.00|46.00|900427
11006|6.00|46.00|900428
11007|6.50|46.50|900425
11007|6.50|46.50|900426
11006|6.50|46.50|900427
11006|6.50|46.50|900428
11007|7.00|47.00|900425
11007|7.00|47.00|900426
11006|7.00|47.00|900427
11006|7.00|47.00|900428
11007|7.50|47.50|900425
11007|7.50|47.50|900426
11006|7.50|47.50|900427
11006|7.50|47.50|900428
11007|8.00|48.00|900425
11007|8.00|48.00|900426
11006|8.00|48.00|900427
11006|8.00|48.00|900428
11007|8.50|48.50|900425
11007|8.50|48.50|900426
11006|8.50|48.50|900427
11006|8.50|48.50|900428
11007|9.00|49.00|900425
11007|9.00|49.00|900426
11006|9.00|49.00|900427
11006|9.00|49.00|900428
11007|9.50|49.50|900425
11007|9.50|49.50|900426
11006|9.50|49.50|900427
11006|9.50|49.50|900428
11007|10.00|50.00|900425
11007|10.00|50.00|900426
11006|10.00|50.00|900427
11006|10.00|50.00|900428
11007|10.50|50.50|900425
11007|10.50|50.50|900426
11006|10.50|50.50|900427
11006|10.50|50.50|900428
11007|11.00|51.00|900425
11007|11.00|51.00|900426
11006|11.00|51.00|900427
11006|11.00|51.00|900428
11007|11.50|51.50|900425
11007|11.50|51.50|900426
11006|11.50|51.50|900427
11006|11.50|51.50|900428
11007|12.00|52.00|900425
11007|12.00|52.00|900426
11006|12.00|52.00|900427
11006|12.00|52.00|900428
11007|12.50|52.50|900425
11007|12.50|52.50|900426
11006|12.50|52.50|900427
11006|12.50|52.50|900428
11007|13.00|53.00|900425
11007|13.00|53.00|900426
11006|13.00|53.00|900427
11006|13.00|53.00|900428
11007|13.50|53.50|900425
11007|13.50|53.50|900426
11006|13.50|53.50|900427
11006|13.50|53.50|900428
11007|14.00|54.00|900425
11007|14.00|54.00|900426
11006|14.00|54.00|900427
11006|14.00|54.00|900428
11007|14.50|54.50|900425
11007|14.50|54.50|900426
11006|14.50|54.50|900427
11006|14.50|54.50|900428
11007|15.00|55.00|900425
11007|15.00|55.00|900426
11006|15.00|55.00|900427
11006|15.00|55.00|900428
11007|15.50|55.50|900425
11007|15.50|55.50|900426
11006|15.50|55.50|900427
11006|15.50|55.50|900428
11007|16.00|56.00|900425
11007|16.00|56.00|900426
11006|16.00|56.00|900427
11006|16.00|56.00|900428
11007|16.50|56.50|900425
11007|16.50|56.50|900426
11006|16.50|56.50|900427
11006|16.50|56.50|900428
11007|17.00|57.00|900425
11007|17.00|57.00|900426
11006|17.00|57.00|900427
11006|17.00|57.00|900428
11007|17.50|57.50|900425
11007|17.50|57.50|900426
11006|17.50|57.50|900427
11006|17.50|57.50|900428
11007|18.00|58.00|900425
11007|18.00|58.00|900426
11006|18.00|58.00|900427
11006|18.00|58.00|900428
11007|18.50|58.50|900425
11007|18.50|58.50|900426
11006|18.50|58.50|900427
11006|18.50|58.50|900428
11007|19.00|59.00|900425
11007|19.00|59.00|900426
11006|19.00|59.00|900427
11006|19.00|59.00|900428
11007|19.50|59.50|900425
11007|19.50|59.50|900426
11006|19.50|59.50|900427
11006|19.50|59.50|900428
11007|20.00|60.00|900425
11007|20.00|60.00|900426
11006|20.00|60.00|900427
11006|20.00|60.00|900428
11007|20.50|60.50|900425
11007|20.50|60.50|900426
11006|20.50|60.50|900427
11006|20.50|60.50|900428
11007|21.00|61.00|900425
11007|21.00|61.00|900426
11006|21.00|61.00|900427
11006|21.00|61.00|900428
11007|21.50|61.50|900425
11007|21.50|61.50|900426
11006|21.50|61.50|900427
11006|21.50|61.50|900428
11007|22.00|62.00|900425
11007|22.00|62.00|900426
11006|22.00|62.00|900427
11006|22.00|62.00|900428
11007|22.50|62.50|900425
11007|22.50|62.50|900426
11006|22.50|62.50|900427
11006|22.50|62.50|900428
11007|23.00|63.00|900425
11007|23.00|63.00|900426
11006|23.00|63.00|900427
11006|23.00|63.00|900428
11007|23.50|63.50|900425
11007|23.50|63.50|900426
11006|23.50|63.50|900427
11006|23.50|63.50|900428
11007|24.00|64.00|900425
11007|24.00|64.00|900426
11006|24.00|64.00|900427
11006|24.00|64.00|900428
11007|24.50|64.50|900425
11007|24.50|64.50|900426
11006|24.50|64.50|900427
11006|24.50|64.50|900428
11007|25.00|65.00|900425
11007|25.00|65.00|900426
11006|25.00|65.00|900427
11006|25.00|65.00|900428
#tide_44414_8
65.00
11007|0.00|15.00|900429
11007|0.00|15.00|900430
11007|0.00|15.00|900431
11007|0.00|15.00|900432
11007|0.00|15.00|900433
11007|0.00|15.00|900434
11007|0.00|15.00|900435
11007|0.00|15.00|900436
11007|0.00|15.00|900437
11007|0.00|15.00|900438
11007|0.00|15.00|900439
11007|0.00|15.00|900440
11007|0.00|15.00|900441
11007|0.00|15.00|900442
11007|0.00|15.00|900443
11007|0.00|15.00|900444
11007|0.00|15.00|900445
11007|0.00|15.00|900446
11007|0.00|15.00|900447
11007|0.00|15.00|900448
11007|0.00|15.00|900449
60118|0.00|15.00|900450
11085|5.00|20.00|900429
11085|5.00|20.00|900430
11085|5.00|20.00|900431
11085|5.00|20.00|900432
11085|5.00|20.00|900433
11085|5.00|20.00|900434
11085|5.00|20.00|900435
11085|5.00|20.00|900436
11085|5.00|20.00|900437
11085|5.00|20.00|900438
11085|5.00|20.00|900439
11085|5.00|20.00|900440
11085|5.00|20.00|900441
11085|5.00|20.00|900442
11085|5.00|20.00|900443
11085|5.00|20.00|900444
11085|5.00|20.00|900445
11085|5.00|20.00|900446
11085|5.00|20.00|900447
11085|5.00|20.00|900448
11085|5.00|20.00|900449
79230|5.00|20.00|900450
11007|10.00|25.00|900429
11007|10.00|25.00|900430
11007|10.00|25.00|900431
11007|10.00|25.00|900432
11007|10.00|25.00|900433
11007|10.00|25.00|900434
11007|10.00|25.00|900435
11007|10.00|25.00|900436
11007|10.00|25.00|900437
11007|10.00|25.00|900438
11007|10.00|25.00|900439
11007|10.00|25.00|900440
11007|10.00|25.00|900441
11007|10.00|25.00|900442
11007|10.00|25.00|900443
11007|10.00|25.00|900444
11007|10.00|25.00|900445
11007|10.00|25.00|900446
11007|10.00|25.00|900447
11007|10.00|25.00|900448
11007|10.00|25.00|900449
60118|10.00|25.00|900450
11085|15.00|30.00|900429
11085|15.00|30.00|900430
11085|15.00|30.00|900431
11085|15.00|30.00|900432
11085|15.00|30.00|900433
11085|15.00|30.00|900434
11085|15.00|30.00|900435
11085|15.00|30.00|900436
11085|15.00|30.00|900437
11085|15.00|30.00|900438
11085|15.00|30.00|900439
11085|15.00|30.00|900440
11085|15.00|30.00|900441
11085|15.00|30.00|900442
11085|15.00|30.00|900443
11085|15.00|30.00|900444
11085|15.00|30.00|900445
11085|15.00|30.00|900446
11085|15.00|30.00|900447
11085|15.00|30.00|900448
11085|15.00|30.00|900449
79230|15.00|30.00|900450
11007|20.00|35.00|900429
11007|20.00|35.00|900430
11007|20.00|35.00|900431
11007|20.00|35.00|900432
11007|20.00|35.00|900433
11007|20.00|35.00|900434
11007|20.00|35.00|900435
11007|20.00|35.00|900436
11007|20.00|35.00|900437
11007|20.00|35.00|900438
11007|20.00|35.00|900439
11007|20.00|35.00|900440
11007|20.00|35.00|900441
11007|20.00|35.00|900442
11007|20.00|35.00|900443
11007|20.00|35.00|900444
11007|20.00|35.00|900445
11007|20.00|35.00|900446
11007|20.00|35.00|900447
11007|20.00|35.00|900448
11007|20.00|35.00|900449
60118|20.00|35.00|900450
11085|25.00|40.00|900429
11085|25.00|40.00|900430
11085|25.00|40.00|900431
11085|25.00|40.00|900432
11085|25.00|40.00|900433
11085|25.00|40.00|900434
11085|25.00|40.00|900435
11085|25.00|40.00|900436
11085|25.00|40.00|900437
11085|25.00|40.00|900438
11085|25.00|40.00|900439
11085|25.00|40.00|900440
11085|25.00|40.00|900441
11085|25.00|40.00|900442
11085|25.00|40.00|900443
11085|25.00|40.00|900444
11085|25.00|40.00|900445
11085|25.00|40.00|900446
11085|25.00|40.00|900447
11085|25.00|40.00|900448
11085|25.00|40.00|900449
79230|25.00|40.00|900450
11007|30.00|45.00|900429
11007|30.00|45.00|900430
11007|30.00|45.00|900431
11007|30.00|45.00|900432
11007|30.00|45.00|900433
11007|30.00|45.00|900434
11007|30.00|45.00|900435
11007|30.00|45.00|900436
11007|30.00|45.00|900437
11007|30.00|45.00|900438
11007|30.00|45.00|900439
11007|30.00|45.00|900440
11007|30.00|45.00|900441
11007|30.00|45.00|900442
11007|30.00|45.00|900443
11007|30.00|45.00|900444
11007|30.00|45.00|900445
11007|30.00|45.00|900446
11007|30.00|45.00|900447
11007|30.00|45.00|900448
11007|30.00|45.00|900449
60118|30.00|45.00|900450
11085|35.00|50.00|900429
11085|35.00|50.00|900430
11085|35.00|50.00|900431
11085|35.00|50.00|900432
11085|35.00|50.00|900433
11085|35.00|50.00|900434
11085|35.00|50.00|900435
11085|35.00|50.00|900436
11085|35.00|50.00|900437
11085|35.00|50.00|900438
11085|35.00|50.00|900439
11085|35.00|50.00|900440
11085|35.00|50.00|900441
11085|35.00|50.00|900442
11085|35.00|50.00|900443
11085|35.00|50.00|900444
11085|35.00|50.00|900445
11085|35.00|50.00|900446
11085|35.00|50.00|900447
11085|35.00|50.00|900448
11085|35.00|50.00|900449
79230|35.00|50.00|900450
11007|40.00|55.00|900429
11007|40.00|55.00|900430
11007|40.00|55.00|900431
11007|40.00|55.00|900432
11007|40.00|55.00|900433
11007|40.00|55.00|900434
11007|40.00|55.00|900435
11007|40.00|55.00|900436
11007|40.00|55.00|900437
11007|40.00|55.00|900438
11007|40.00|55.00|900439
11007|40.00|55.00|900440
11007|40.00|55.00|900441
11007|40.00|55.00|900442
11007|40.00|55.00|900443
11007|40.00|55.00|900444
11007|40.00|55.00|900445
11007|40.00|55.00|900446
11007|40.00|55.00|900447
11007|40.00|55.00|900448
11007|40.00|55.00|900449
60118|40.00|55.00|900450
11085|45.00|60.00|900429
11085|45.00|60.00|900430
11085|45.00|60.00|900431
11085|45.00|60.00|900432
11085|45.00|60.00|900433
11085|45.00|60.00|900434
11085|45.00|60.00|900435
11085|45.00|60.00|900436
11085|45.00|60.00|900437
11085|45.00|60.00|900438
11085|45.00|60.00|900439
11085|45.00|60.00|900440
11085|45.00|60.00|900441
11085|45.00|60.00|900442
11085|45.00|60.00|900443
11085|45.00|60.00|900444
11085|45.00|60.00|900445
11085|45.00|60.00|900446
11085|45.00|60.00|900447
11085|45.00|60.00|900448
11085|45.00|60.00|900449
79230|45.00|60.00|900450
11007|50.00|65.00|900429
11007|50.00|65.00|900430
11007|50.00|65.00|900431
11007|50.00|65.00|900432
11007|50.00|65.00|900433
11007|50.00|65.00|900434
11007|50.00|65.00|900435
11007|50.00|65.00|900436
11007|50.00|65.00|900437
11007|50.00|65.00|900438
11007|50.00|65.00|900439
11007|50.00|65.00|900440
11007|50.00|65.00|900441
11007|50.00|65.00|900442
11007|50.00|65.00|900443
11007|50.00|65.00|900444
11007|50.00|65.00|900445
11007|50.00|65.00|900446
11007|50.00|65.00|900447
11007|50.00|65.00|900448
11007|50.00|65.00|900449
60118|50.00|65.00|900450
#tide_44414_9
63.50
11027|0.00|42.00|1006721
11027|0.50|42.50|1006722
11027|1.00|43.00|1006663
11027|1.50|43.50|1006664
11027|10.00|52.00|1006641
11027|10.50|52.50|1006622
11027|11.00|53.00|1006723
11027|11.50|53.50|1006664
11027|20.00|62.00|1006601
11027|20.50|62.50|1006622
11027|21.00|63.00|1006683
11027|21.50|63.50|1006674
11025|0.00|30.00|1005791
11025|0.50|30.50|1005812
11025|1.00|31.00|1005823
11025|1.50|31.50|1005694
11025|10.00|40.00|1005821
11025|10.50|40.50|1005692
11025|11.00|41.00|1005803
11025|11.50|41.50|1005724
11025|20.00|50.00|1005691
11025|20.50|50.50|1005752
11025|21.00|51.00|1005803
11025|21.50|51.50|1005714
11025|30.00|60.00|1005691
11025|30.50|60.50|1005792
11025|31.00|61.00|1005733
11025|31.50|61.50|1005714
