#tide_44003_1
51.11
11007|4.00|30.56|50007
11007|5.00|31.56|50007
14007|6.00|32.56|50007
11007|7.00|33.56|50007
11007|8.00|34.56|50007
11007|9.00|35.56|50007
11007|10.00|36.56|50007
11007|11.00|37.56|50007
11007|12.00|38.56|50007
11007|13.00|39.56|50007
11007|14.00|40.56|50007
11007|15.00|41.56|50007
14007|16.00|42.56|50007
11007|17.00|43.56|50007
11007|18.00|44.56|50007
11007|19.00|45.56|50007
11007|20.00|46.56|50007
11007|21.00|47.56|50007
11007|22.00|48.56|50007
11007|23.00|49.56|50007
11007|24.00|50.56|50007
11006|4.00|30.56|50008
11006|5.00|31.56|50008
11006|6.00|32.56|50008
11006|7.00|33.56|50008
11006|8.00|34.56|50008
11006|9.00|35.56|50008
11006|10.00|36.56|50008
11006|11.00|37.56|50008
11006|12.00|38.56|50008
11006|13.00|39.56|50008
11006|14.00|40.56|50008
11006|15.00|41.56|50008
11006|16.00|42.56|50008
11006|17.00|43.56|50008
11006|18.00|44.56|50008
11006|19.00|45.56|50008
11006|20.00|46.56|50008
11006|21.00|47.56|50008
11006|22.00|48.56|50008
11006|23.00|49.56|50008
11006|24.00|50.56|50008
11006|4.00|30.74|50011
11006|5.00|31.74|50011
11006|6.00|32.74|50011
11006|7.00|33.74|50011
11006|8.00|34.74|50011
11006|9.00|35.74|50011
11006|10.00|36.74|50011
11006|11.00|37.74|50011
11006|12.00|38.74|50011
11006|13.00|39.74|50011
11006|14.00|40.74|50011
11006|15.00|41.74|50011
11006|16.00|42.74|50011
11006|17.00|43.74|50011
11006|18.00|44.74|50011
11006|19.00|45.74|50011
11006|20.00|46.74|50011
11006|21.00|47.74|50011
11006|22.00|48.74|50011
11006|23.00|49.74|50011
11006|24.00|50.74|50011
11007|4.00|31.11|50013
11007|5.00|32.11|50013
14007|6.00|33.11|50013
11007|7.00|34.11|50013
11007|8.00|35.11|50013
11007|9.00|36.11|50013
11007|10.00|37.11|50013
11007|11.00|38.11|50013
11007|12.00|39.11|50013
11007|13.00|40.11|50013
11007|14.00|41.11|50013
11007|15.00|42.11|50013
14007|16.00|43.11|50013
11007|17.00|44.11|50013
11007|18.00|45.11|50013
11007|19.00|46.11|50013
11007|20.00|47.11|50013
11007|21.00|48.11|50013
11007|22.00|49.11|50013
11007|23.00|50.11|50013
11007|24.00|51.11|50013
11006|4.00|30.82|50014
11006|5.00|31.82|50014
11006|6.00|32.82|50014
11006|7.00|33.82|50014
11006|8.00|34.82|50014
11006|9.00|35.82|50014
11006|10.00|36.82|50014
11006|11.00|37.82|50014
11006|12.00|38.82|50014
11006|13.00|39.82|50014
11006|14.00|40.82|50014
11006|15.00|41.82|50014
11006|16.00|42.82|50014
11006|17.00|43.82|50014
11006|18.00|44.82|50014
11006|19.00|45.82|50014
11006|20.00|46.82|50014
11006|21.00|47.82|50014
11006|22.00|48.82|50014
11006|23.00|49.82|50014
11006|24.00|50.82|50014
11006|4.00|30.73|50015
11006|5.00|31.73|50015
11006|6.00|32.73|50015
11006|7.00|33.73|50015
11006|8.00|34.73|50015
11006|9.00|35.73|50015
11006|10.00|36.73|50015
11006|11.00|37.73|50015
11006|12.00|38.73|50015
11006|13.00|39.73|50015
11006|14.00|40.73|50015
11006|15.00|41.73|50015
11006|16.00|42.73|50015
11006|17.00|43.73|50015
11006|18.00|44.73|50015
11006|19.00|45.73|50015
11006|20.00|46.73|50015
11006|21.00|47.73|50015
11006|22.00|48.73|50015
11006|23.00|49.73|50015
11006|24.00|50.73|50015
14021|4.00|30.92|50017
14021|20.50|47.42|50017
#tide_44003_2
78.70
11007|4.00|38.66|50018
11007|5.00|39.66|50018
11007|6.00|40.66|50018
11007|7.00|41.66|50018
11007|8.00|42.66|50018
14007|9.00|43.66|50018
11007|10.00|44.66|50018
11007|11.00|45.66|50018
11007|12.00|46.66|50018
11007|13.00|47.66|50018
11007|14.00|48.66|50018
11007|15.00|49.66|50018
11007|16.00|50.66|50018
11007|17.00|51.66|50018
11007|18.00|52.66|50018
11007|19.00|53.66|50018
11007|20.00|54.66|50018
11007|21.00|55.66|50018
11007|22.00|56.66|50018
11007|23.00|57.66|50018
11007|24.00|58.66|50018
11007|25.00|59.66|50018
11007|26.00|60.66|50018
11007|27.00|61.66|50018
11007|28.00|62.66|50018
14007|29.00|63.66|50018
11007|30.00|64.66|50018
11007|31.00|65.66|50018
11007|32.00|66.66|50018
11007|33.00|67.66|50018
11007|34.00|68.66|50018
11007|35.00|69.66|50018
11007|36.00|70.66|50018
11007|37.00|71.66|50018
11007|38.00|72.66|50018
11007|39.00|73.66|50018
11007|40.00|74.66|50018
11007|41.00|75.66|50018
11007|42.00|76.66|50018
11007|43.00|77.66|50018
11007|44.00|78.66|50018
11007|4.00|38.70|50019
11007|5.00|39.70|50019
11007|6.00|40.70|50019
11007|7.00|41.70|50019
11007|8.00|42.70|50019
14007|9.00|43.70|50019
11007|10.00|44.70|50019
11007|11.00|45.70|50019
11007|12.00|46.70|50019
11007|13.00|47.70|50019
11007|14.00|48.70|50019
11007|15.00|49.70|50019
11007|16.00|50.70|50019
11007|17.00|51.70|50019
11007|18.00|52.70|50019
11007|19.00|53.70|50019
11007|20.00|54.70|50019
11007|21.00|55.70|50019
11007|22.00|56.70|50019
11007|23.00|57.70|50019
11007|24.00|58.70|50019
11007|25.00|59.70|50019
11007|26.00|60.70|50019
11007|27.00|61.70|50019
11007|28.00|62.70|50019
14007|29.00|63.70|50019
11007|30.00|64.70|50019
11007|31.00|65.70|50019
11007|32.00|66.70|50019
11007|33.00|67.70|50019
11007|34.00|68.70|50019
11007|35.00|69.70|50019
11007|36.00|70.70|50019
11007|37.00|71.70|50019
11007|38.00|72.70|50019
11007|39.00|73.70|50019
11007|40.00|74.70|50019
11007|41.00|75.70|50019
11007|42.00|76.70|50019
11007|43.00|77.70|50019
11007|44.00|78.70|50019
11006|4.00|37.49|50020
11006|5.00|38.49|50020
11006|6.00|39.49|50020
11006|7.00|40.49|50020
11006|8.00|41.49|50020
11006|9.00|42.49|50020
11006|10.00|43.49|50020
11006|11.00|44.49|50020
11006|12.00|45.49|50020
11006|13.00|46.49|50020
11006|14.00|47.49|50020
11006|15.00|48.49|50020
11006|16.00|49.49|50020
11006|17.00|50.49|50020
11006|18.00|51.49|50020
11006|19.00|52.49|50020
11006|20.00|53.49|50020
11006|21.00|54.49|50020
11006|22.00|55.49|50020
11006|23.00|56.49|50020
11006|24.00|57.49|50020
11006|25.00|58.49|50020
11006|26.00|59.49|50020
11006|27.00|60.49|50020
11006|28.00|61.49|50020
11006|29.00|62.49|50020
11006|30.00|63.49|50020
11006|31.00|64.49|50020
11006|32.00|65.49|50020
11006|33.00|66.49|50020
11006|34.00|67.49|50020
11006|35.00|68.49|50020
11006|36.00|69.49|50020
11006|37.00|70.49|50020
11006|38.00|71.49|50020
11006|39.00|72.49|50020
11006|40.00|73.49|50020
11006|41.00|74.49|50020
11006|42.00|75.49|50020
11006|43.00|76.49|50020
11006|44.00|77.49|50020
11006|4.00|37.31|50021
11006|5.00|38.31|50021
11006|6.00|39.31|50021
11006|7.00|40.31|50021
11006|8.00|41.31|50021
11006|9.00|42.31|50021
11006|10.00|43.31|50021
11006|11.00|44.31|50021
11006|12.00|45.31|50021
11006|13.00|46.31|50021
11006|14.00|47.31|50021
11006|15.00|48.31|50021
11006|16.00|49.31|50021
11006|17.00|50.31|50021
11006|18.00|51.31|50021
11006|19.00|52.31|50021
11006|20.00|53.31|50021
11006|21.00|54.31|50021
11006|22.00|55.31|50021
11006|23.00|56.31|50021
11006|24.00|57.31|50021
11006|25.00|58.31|50021
11006|26.00|59.31|50021
11006|27.00|60.31|50021
11006|28.00|61.31|50021
11006|29.00|62.31|50021
11006|30.00|63.31|50021
11006|31.00|64.31|50021
11006|32.00|65.31|50021
11006|33.00|66.31|50021
11006|34.00|67.31|50021
11006|35.00|68.31|50021
11006|36.00|69.31|50021
11006|37.00|70.31|50021
11006|38.00|71.31|50021
11006|39.00|72.31|50021
11006|40.00|73.31|50021
11006|41.00|74.31|50021
11006|42.00|75.31|50021
11006|43.00|76.31|50021
11006|44.00|77.31|50021
11021|10.00|36.98|50022
14021|16.00|42.98|50022
14021|28.00|54.98|50022
14021|40.00|66.98|50022
11021|46.00|72.98|50022
#tide_44003_3
66.73
11005|4.00|35.07|50023
11005|4.70|35.77|50023
11005|5.40|36.47|50023
11005|6.10|37.17|50023
11005|6.80|37.87|50023
11005|7.50|38.57|50023
11005|8.20|39.27|50023
11005|8.90|39.97|50023
11005|9.60|40.67|50023
11005|10.30|41.37|50023
11005|11.00|42.07|50023
11005|11.70|42.77|50023
11005|12.40|43.47|50023
11005|13.10|44.17|50023
11005|13.80|44.87|50023
11006|14.50|45.57|50023
11006|15.20|46.27|50023
11006|15.90|46.97|50023
11006|16.60|47.67|50023
11006|17.30|48.37|50023
11006|18.00|49.07|50023
11006|18.70|49.77|50023
11006|20.10|51.17|50023
11006|20.80|51.87|50023
11006|21.50|52.57|50023
11006|22.20|53.27|50023
11006|22.90|53.97|50023
11006|23.60|54.67|50023
11006|24.30|55.37|50023
11007|25.00|56.07|50023
11007|25.70|56.77|50023
11007|26.40|57.47|50023
11007|27.10|58.17|50023
11007|27.80|58.87|50023
11007|28.50|59.57|50023
11007|29.20|60.27|50023
14007|29.90|60.97|50023
11007|30.60|61.67|50023
11007|31.30|62.37|50023
11007|32.00|63.07|50023
11007|32.70|63.77|50023
11007|33.40|64.47|50023
11007|34.10|65.17|50023
11007|34.80|65.87|50023
11007|35.50|66.57|50023
11005|4.00|35.15|50024
11005|4.70|35.85|50024
11005|5.40|36.55|50024
11005|6.10|37.25|50024
11005|6.80|37.95|50024
11005|7.50|38.65|50024
11005|8.20|39.35|50024
11005|8.90|40.05|50024
11005|9.60|40.75|50024
11005|10.30|41.45|50024
11005|11.00|42.15|50024
11005|11.70|42.85|50024
11005|12.40|43.55|50024
11005|13.10|44.25|50024
11005|13.80|44.95|50024
11006|14.50|45.65|50024
11006|15.20|46.35|50024
11006|15.90|47.05|50024
11006|16.60|47.75|50024
11006|17.30|48.45|50024
11006|18.00|49.15|50024
11006|18.70|49.85|50024
14007|19.40|50.55|50024
11006|20.10|51.25|50024
11006|20.80|51.95|50024
11006|21.50|52.65|50024
11006|22.20|53.35|50024
11006|22.90|54.05|50024
11006|23.60|54.75|50024
11006|24.30|55.45|50024
11007|25.00|56.15|50024
11007|25.70|56.85|50024
11007|26.40|57.55|50024
11007|27.10|58.25|50024
11007|27.80|58.95|50024
11007|28.50|59.65|50024
11007|29.20|60.35|50024
14007|29.90|61.05|50024
11007|30.60|61.75|50024
11007|31.30|62.45|50024
11007|32.00|63.15|50024
11007|32.70|63.85|50024
11007|33.40|64.55|50024
11007|34.10|65.25|50024
11007|34.80|65.95|50024
11007|35.50|66.65|50024
11005|4.00|35.07|50025
11005|4.70|35.77|50025
11005|5.40|36.47|50025
11005|6.10|37.17|50025
11005|6.80|37.87|50025
11005|7.50|38.57|50025
11005|8.20|39.27|50025
11005|8.90|39.97|50025
11005|9.60|40.67|50025
11005|10.30|41.37|50025
11005|11.00|42.07|50025
11005|11.70|42.77|50025
11005|12.40|43.47|50025
11005|13.10|44.17|50025
11005|13.80|44.87|50025
11006|14.50|45.57|50025
11006|15.20|46.27|50025
11006|15.90|46.97|50025
11006|16.60|47.67|50025
11006|17.30|48.37|50025
11006|18.00|49.07|50025
11006|18.70|49.77|50025
11006|20.10|51.17|50025
11006|20.80|51.87|50025
11006|21.50|52.57|50025
11006|22.20|53.27|50025
11006|22.90|53.97|50025
11006|23.60|54.67|50025
11006|24.30|55.37|50025
11007|25.00|56.07|50025
11007|25.70|56.77|50025
11007|26.40|57.47|50025
11007|27.10|58.17|50025
11007|27.80|58.87|50025
11007|28.50|59.57|50025
11007|29.20|60.27|50025
14007|29.90|60.97|50025
11007|30.60|61.67|50025
11007|31.30|62.37|50025
11007|32.00|63.07|50025
11007|32.70|63.77|50025
11007|33.40|64.47|50025
11007|34.10|65.17|50025
11007|34.80|65.87|50025
11007|35.50|66.57|50025
11005|4.00|35.23|50026
11005|4.70|35.93|50026
11005|5.40|36.63|50026
11005|6.10|37.33|50026
11005|6.80|38.03|50026
11005|7.50|38.73|50026
11005|8.20|39.43|50026
11005|8.90|40.13|50026
11005|9.60|40.83|50026
11005|10.30|41.53|50026
11005|11.00|42.23|50026
11005|11.70|42.93|50026
11005|12.40|43.63|50026
11005|13.10|44.33|50026
11005|13.80|45.03|50026
11006|14.50|45.73|50026
11006|15.20|46.43|50026
11006|15.90|47.13|50026
11006|16.60|47.83|50026
11006|17.30|48.53|50026
11006|18.00|49.23|50026
11006|18.70|49.93|50026
14007|19.40|50.63|50026
11006|20.10|51.33|50026
11006|20.80|52.03|50026
11006|21.50|52.73|50026
11006|22.20|53.43|50026
11006|22.90|54.13|50026
11006|23.60|54.83|50026
11006|24.30|55.53|50026
11007|25.00|56.23|50026
11007|25.70|56.93|50026
11007|26.40|57.63|50026
11007|27.10|58.33|50026
11007|27.80|59.03|50026
11007|28.50|59.73|50026
11007|29.20|60.43|50026
14007|29.90|61.13|50026
11007|30.60|61.83|50026
11007|31.30|62.53|50026
11007|32.00|63.23|50026
11007|32.70|63.93|50026
11007|33.40|64.63|50026
11007|34.10|65.33|50026
11007|34.80|66.03|50026
11007|35.50|66.73|50026
#tide_44003_4
61.74
11005|4.00|27.02|50027
11005|4.70|27.72|50027
11005|5.40|28.42|50027
11005|6.10|29.12|50027
11005|6.80|29.82|50027
11005|7.50|30.52|50027
11005|8.20|31.22|50027
11005|8.90|31.92|50027
11006|13.90|36.92|50027
11006|14.60|37.62|50027
11006|15.30|38.32|50027
11006|16.00|39.02|50027
11006|16.70|39.72|50027
11006|17.40|40.42|50027
11006|18.10|41.12|50027
11006|18.80|41.82|50027
11007|23.80|46.82|50027
11007|24.50|47.52|50027
11007|25.20|48.22|50027
11007|25.90|48.92|50027
11007|26.60|49.62|50027
11007|27.30|50.32|50027
11007|28.00|51.02|50027
11007|28.70|51.72|50027
11008|33.70|56.72|50027
11008|34.40|57.42|50027
11008|35.10|58.12|50027
11008|35.80|58.82|50027
11008|36.50|59.52|50027
11008|37.20|60.22|50027
11008|37.90|60.92|50027
11008|38.60|61.62|50027
11005|4.00|26.99|50028
11005|4.70|27.69|50028
11005|5.40|28.39|50028
11005|6.10|29.09|50028
11005|6.80|29.79|50028
11005|7.50|30.49|50028
11005|8.20|31.19|50028
11005|8.90|31.89|50028
11006|13.90|36.89|50028
11006|14.60|37.59|50028
11006|15.30|38.29|50028
11006|16.00|38.99|50028
11006|16.70|39.69|50028
11006|17.40|40.39|50028
11006|18.10|41.09|50028
11006|18.80|41.79|50028
11007|23.80|46.79|50028
11007|24.50|47.49|50028
11007|25.20|48.19|50028
11007|25.90|48.89|50028
11007|26.60|49.59|50028
11007|27.30|50.29|50028
11007|28.00|50.99|50028
11007|28.70|51.69|50028
11008|33.70|56.69|50028
11008|34.40|57.39|50028
11008|35.10|58.09|50028
11008|35.80|58.79|50028
11008|36.50|59.49|50028
11008|37.20|60.19|50028
11008|37.90|60.89|50028
11008|38.60|61.59|50028
11005|4.00|27.14|50029
11005|4.70|27.84|50029
11005|5.40|28.54|50029
11005|6.10|29.24|50029
11005|6.80|29.94|50029
11005|7.50|30.64|50029
11005|8.20|31.34|50029
11005|8.90|32.04|50029
11006|13.90|37.04|50029
11006|14.60|37.74|50029
11006|15.30|38.44|50029
11006|16.00|39.14|50029
11006|16.70|39.84|50029
11006|17.40|40.54|50029
11006|18.10|41.24|50029
11006|18.80|41.94|50029
11007|23.80|46.94|50029
11007|24.50|47.64|50029
11007|25.20|48.34|50029
11007|25.90|49.04|50029
11007|26.60|49.74|50029
11007|27.30|50.44|50029
11007|28.00|51.14|50029
11007|28.70|51.84|50029
11008|33.70|56.84|50029
11008|34.40|57.54|50029
11008|35.10|58.24|50029
11008|35.80|58.94|50029
11008|36.50|59.64|50029
11008|37.20|60.34|50029
11008|37.90|61.04|50029
11008|38.60|61.74|50029
11005|4.00|27.11|50030
11005|4.70|27.81|50030
11005|5.40|28.51|50030
11005|6.10|29.21|50030
11005|6.80|29.91|50030
11005|7.50|30.61|50030
11005|8.20|31.31|50030
11005|8.90|32.01|50030
11006|13.90|37.01|50030
11006|14.60|37.71|50030
11006|15.30|38.41|50030
11006|16.00|39.11|50030
11006|16.70|39.81|50030
11006|17.40|40.51|50030
11006|18.10|41.21|50030
11006|18.80|41.91|50030
11007|23.80|46.91|50030
11007|24.50|47.61|50030
11007|25.20|48.31|50030
11007|25.90|49.01|50030
11007|26.60|49.71|50030
11007|27.30|50.41|50030
11007|28.00|51.11|50030
11007|28.70|51.81|50030
11008|33.70|56.81|50030
11008|34.40|57.51|50030
11008|35.10|58.21|50030
11008|35.80|58.91|50030
11008|36.50|59.61|50030
11008|37.20|60.31|50030
11008|37.90|61.01|50030
11008|38.60|61.71|50030
11005|4.00|26.97|50031
11005|4.70|27.67|50031
11005|5.40|28.37|50031
11005|6.10|29.07|50031
11005|6.80|29.77|50031
11005|7.50|30.47|50031
11005|8.20|31.17|50031
11005|8.90|31.87|50031
11006|13.90|36.87|50031
11006|14.60|37.57|50031
11006|15.30|38.27|50031
11006|16.00|38.97|50031
11006|17.40|40.37|50031
11006|18.10|41.07|50031
11006|18.80|41.77|50031
11007|23.80|46.77|50031
11007|24.50|47.47|50031
14007|25.20|48.17|50031
11007|25.90|48.87|50031
11007|26.60|49.57|50031
11007|27.30|50.27|50031
14007|28.00|50.97|50031
11007|28.70|51.67|50031
11008|33.70|56.67|50031
11008|34.40|57.37|50031
11008|35.10|58.07|50031
11008|35.80|58.77|50031
11008|36.50|59.47|50031
11008|37.20|60.17|50031
11008|37.90|60.87|50031
11008|38.60|61.57|50031
11005|4.00|27.02|50032
11005|4.70|27.72|50032
11005|5.40|28.42|50032
11005|6.10|29.12|50032
11005|6.80|29.82|50032
11005|7.50|30.52|50032
11005|8.20|31.22|50032
11005|8.90|31.92|50032
11006|13.90|36.92|50032
11006|14.60|37.62|50032
11006|15.30|38.32|50032
11006|16.00|39.02|50032
14009|16.70|39.72|50032
11006|17.40|40.42|50032
11006|18.10|41.12|50032
11006|18.80|41.82|50032
11007|23.80|46.82|50032
11007|24.50|47.52|50032
14007|25.20|48.22|50032
11007|25.90|48.92|50032
11007|26.60|49.62|50032
11007|27.30|50.32|50032
14007|28.00|51.02|50032
11007|28.70|51.72|50032
11008|33.70|56.72|50032
11008|34.40|57.42|50032
11008|35.10|58.12|50032
11008|35.80|58.82|50032
11008|36.50|59.52|50032
11008|37.20|60.22|50032
11008|37.90|60.92|50032
11008|38.60|61.62|50032
11005|4.00|27.08|50033
11005|4.70|27.78|50033
11005|5.40|28.48|50033
11005|6.10|29.18|50033
11005|6.80|29.88|50033
11005|7.50|30.58|50033
11005|8.20|31.28|50033
11005|8.90|31.98|50033
11006|13.90|36.98|50033
11006|14.60|37.68|50033
11006|15.30|38.38|50033
11006|16.00|39.08|50033
11006|17.40|40.48|50033
11006|18.10|41.18|50033
11006|18.80|41.88|50033
11007|23.80|46.88|50033
11007|24.50|47.58|50033
14007|25.20|48.28|50033
11007|25.90|48.98|50033
11007|26.60|49.68|50033
11007|27.30|50.38|50033
14007|28.00|51.08|50033
11007|28.70|51.78|50033
11008|33.70|56.78|50033
11008|34.40|57.48|50033
11008|35.10|58.18|50033
11008|35.80|58.88|50033
11008|36.50|59.58|50033
11008|37.20|60.28|50033
11008|37.90|60.98|50033
11008|38.60|61.68|50033
11005|4.00|27.02|50034
11005|4.70|27.72|50034
11005|5.40|28.42|50034
11005|6.10|29.12|50034
11005|6.80|29.82|50034
11005|7.50|30.52|50034
11005|8.20|31.22|50034
11005|8.90|31.92|50034
11006|13.90|36.92|50034
11006|14.60|37.62|50034
11006|15.30|38.32|50034
11006|16.00|39.02|50034
14009|16.70|39.72|50034
11006|17.40|40.42|50034
11006|18.10|41.12|50034
11006|18.80|41.82|50034
11007|23.80|46.82|50034
11007|24.50|47.52|50034
14007|25.20|48.22|50034
11007|25.90|48.92|50034
11007|26.60|49.62|50034
11007|27.30|50.32|50034
14007|28.00|51.02|50034
11007|28.70|51.72|50034
11008|33.70|56.72|50034
11008|34.40|57.42|50034
11008|35.10|58.12|50034
11008|35.80|58.82|50034
11008|36.50|59.52|50034
11008|37.20|60.22|50034
11008|37.90|60.92|50034
11008|38.60|61.62|50034
#tide_44003_5
32.92
11007|4.00|25.58|50043
11007|4.80|26.38|50043
11007|5.60|27.18|50043
11007|6.40|27.98|50043
11007|7.20|28.78|50043
11007|8.00|29.58|50043
11007|8.80|30.38|50043
11007|9.60|31.18|50043
11007|10.40|31.98|50043
11007|11.20|32.78|50043
11007|4.00|25.58|50044
11007|4.80|26.38|50044
11007|5.60|27.18|50044
11007|6.40|27.98|50044
11007|7.20|28.78|50044
11007|8.00|29.58|50044
11007|8.80|30.38|50044
11007|9.60|31.18|50044
11007|10.40|31.98|50044
11007|11.20|32.78|50044
11007|4.00|25.72|50045
11007|4.80|26.52|50045
11007|5.60|27.32|50045
11007|6.40|28.12|50045
11007|7.20|28.92|50045
11007|8.00|29.72|50045
11007|8.80|30.52|50045
11007|9.60|31.32|50045
11007|10.40|32.12|50045
11007|11.20|32.92|50045
11007|4.00|25.68|50046
11007|4.80|26.48|50046
11007|5.60|27.28|50046
11007|6.40|28.08|50046
11007|7.20|28.88|50046
11007|8.00|29.68|50046
11007|8.80|30.48|50046
11007|9.60|31.28|50046
11007|10.40|32.08|50046
11007|11.20|32.88|50046
11006|4.00|25.23|50047
11006|4.80|26.03|50047
11006|5.60|26.83|50047
11006|6.40|27.63|50047
11006|7.20|28.43|50047
11006|8.00|29.23|50047
14009|8.80|30.03|50047
11006|9.60|30.83|50047
11006|10.40|31.63|50047
11006|11.20|32.43|50047
11006|4.00|25.29|50048
11006|4.80|26.09|50048
11006|5.60|26.89|50048
11006|6.40|27.69|50048
11006|7.20|28.49|50048
11006|8.00|29.29|50048
14009|8.80|30.09|50048
11006|9.60|30.89|50048
11006|10.40|31.69|50048
11006|11.20|32.49|50048
11006|4.00|25.22|50049
11006|4.80|26.02|50049
11006|5.60|26.82|50049
11006|6.40|27.62|50049
11006|7.20|28.42|50049
11006|8.00|29.22|50049
14009|8.80|30.02|50049
11006|9.60|30.82|50049
11006|10.40|31.62|50049
11006|11.20|32.42|50049
11006|4.00|25.22|50050
11006|4.80|26.02|50050
11006|5.60|26.82|50050
11006|6.40|27.62|50050
11006|7.20|28.42|50050
11006|8.00|29.22|50050
14009|8.80|30.02|50050
11006|9.60|30.82|50050
11006|10.40|31.62|50050
11006|11.20|32.42|50050
11005|4.00|24.68|50051
11005|4.80|25.48|50051
11005|5.60|26.28|50051
11005|6.40|27.08|50051
11005|7.20|27.88|50051
11005|8.00|28.68|50051
11005|8.80|29.48|50051
11005|9.60|30.28|50051
11005|10.40|31.08|50051
11005|11.20|31.88|50051
11005|4.00|24.68|50052
11005|4.80|25.48|50052
11005|5.60|26.28|50052
11005|6.40|27.08|50052
11005|7.20|27.88|50052
11005|8.00|28.68|50052
11005|8.80|29.48|50052
11005|9.60|30.28|50052
11005|10.40|31.08|50052
11005|11.20|31.88|50052
11005|4.00|24.62|50053
11005|4.80|25.42|50053
11005|5.60|26.22|50053
11005|6.40|27.02|50053
11005|7.20|27.82|50053
11005|8.00|28.62|50053
11005|8.80|29.42|50053
11005|9.60|30.22|50053
11005|10.40|31.02|50053
11005|11.20|31.82|50053
11005|4.00|24.57|50054
11005|4.80|25.37|50054
11005|5.60|26.17|50054
11005|6.40|26.97|50054
11005|7.20|27.77|50054
11005|8.00|28.57|50054
11005|8.80|29.37|50054
11005|9.60|30.17|50054
11005|10.40|30.97|50054
11005|11.20|31.77|50054
#tide_44003_6
41.80
11005|4.00|28.71|50191
11005|4.00|31.28|50192
11005|4.00|34.36|50193
11005|4.00|31.83|50194
11005|4.00|31.82|50195
11005|4.00|34.56|50196
11005|4.00|31.00|50197
11005|4.00|28.46|50198
11005|4.00|28.62|50183
11005|4.00|30.58|50184
11005|4.00|34.80|50185
11005|4.00|31.87|50186
11005|4.00|31.86|50187
11005|4.00|34.53|50188
11005|4.00|31.28|50189
11005|4.00|28.68|50190
11005|5.00|29.71|50191
11005|5.00|32.28|50192
11005|5.00|35.36|50193
11005|5.00|32.83|50194
11005|5.00|32.82|50195
11005|5.00|35.56|50196
11005|5.00|32.00|50197
11005|5.00|29.46|50198
11005|5.00|29.62|50183
11005|5.00|31.58|50184
11005|5.00|35.80|50185
11005|5.00|32.87|50186
11005|5.00|32.86|50187
11005|5.00|35.53|50188
11005|5.00|32.28|50189
11005|5.00|29.68|50190
11006|6.00|30.71|50191
11006|6.00|33.28|50192
11006|6.00|36.36|50193
11006|6.00|33.83|50194
11006|6.00|33.82|50195
11006|6.00|36.56|50196
11006|6.00|33.00|50197
11006|6.00|30.46|50198
11006|6.00|30.62|50183
11006|6.00|32.58|50184
11006|6.00|36.80|50185
11006|6.00|33.87|50186
11006|6.00|33.86|50187
11006|6.00|36.53|50188
11006|6.00|33.28|50189
11006|6.00|30.68|50190
11007|7.00|31.71|50191
11007|7.00|34.28|50192
14007|7.00|37.36|50193
11007|7.00|34.83|50194
11007|7.00|34.82|50195
14007|7.00|37.56|50196
11007|7.00|34.00|50197
11007|7.00|31.46|50198
14007|7.00|31.62|50183
11007|7.00|33.58|50184
11007|7.00|37.80|50185
14007|7.00|34.87|50186
11007|7.00|34.86|50187
11007|7.00|37.53|50188
14007|7.00|34.28|50189
11007|7.00|31.68|50190
11008|8.00|32.71|50191
11008|8.00|35.28|50192
11008|8.00|38.36|50193
11008|8.00|35.83|50194
11008|8.00|35.82|50195
11008|8.00|38.56|50196
11008|8.00|35.00|50197
11008|8.00|32.46|50198
11008|8.00|32.62|50183
11008|8.00|34.58|50184
11008|8.00|38.80|50185
11008|8.00|35.87|50186
11008|8.00|35.86|50187
11008|8.00|38.53|50188
11008|8.00|35.28|50189
11008|8.00|32.68|50190
11009|9.35|34.06|50191
11009|9.35|36.63|50192
11009|9.35|37.18|50194
11009|9.35|37.17|50195
11009|9.35|39.91|50196
14009|9.35|36.35|50197
11009|9.35|33.81|50198
11009|9.35|33.97|50183
11009|9.35|35.93|50184
11009|9.35|37.22|50186
11009|9.35|37.21|50187
11009|9.35|39.88|50188
14009|9.35|36.63|50189
11009|9.35|34.03|50190
11010|11.00|35.71|50191
11010|11.00|38.28|50192
11010|11.00|41.36|50193
11010|11.00|38.83|50194
11010|11.00|38.82|50195
11010|11.00|41.56|50196
11010|11.00|38.00|50197
11010|11.00|35.46|50198
11010|11.00|35.62|50183
11010|11.00|37.58|50184
11010|11.00|41.80|50185
11010|11.00|38.87|50186
11010|11.00|38.86|50187
11010|11.00|41.53|50188
11010|11.00|38.28|50189
11010|11.00|35.68|50190
#tide_44003_7
93.66
11006|4.00|59.54|50001
11006|4.60|60.14|50001
11006|5.20|60.74|50001
11006|5.80|61.34|50001
11006|6.40|61.94|50001
11006|7.00|62.54|50001
11006|7.60|63.14|50001
11006|8.20|63.74|50001
11006|8.80|64.34|50001
11006|9.40|64.94|50001
11006|10.00|65.54|50001
11006|10.60|66.14|50001
11006|11.20|66.74|50001
11006|11.80|67.34|50001
11006|12.40|67.94|50001
11006|13.00|68.54|50001
11006|13.60|69.14|50001
11006|14.20|69.74|50001
11006|14.80|70.34|50001
11006|15.40|70.94|50001
11006|16.00|71.54|50001
11006|16.60|72.14|50001
11006|17.20|72.74|50001
11006|17.80|73.34|50001
11006|18.40|73.94|50001
11006|19.00|74.54|50001
11006|19.60|75.14|50001
11006|20.20|75.74|50001
11006|20.80|76.34|50001
11006|21.40|76.94|50001
11006|22.00|77.54|50001
11006|22.60|78.14|50001
11006|23.20|78.74|50001
11006|23.80|79.34|50001
11006|24.40|79.94|50001
11006|25.00|80.54|50001
11006|4.00|59.41|50002
11006|4.60|60.01|50002
11006|5.20|60.61|50002
11006|5.80|61.21|50002
11006|6.40|61.81|50002
11006|7.00|62.41|50002
11006|7.60|63.01|50002
11006|8.20|63.61|50002
11006|8.80|64.21|50002
11006|9.40|64.81|50002
11006|10.00|65.41|50002
11006|10.60|66.01|50002
11006|11.20|66.61|50002
11006|11.80|67.21|50002
11006|12.40|67.81|50002
11006|13.00|68.41|50002
11006|13.60|69.01|50002
11006|14.20|69.61|50002
11006|14.80|70.21|50002
11006|15.40|70.81|50002
11006|16.00|71.41|50002
11006|16.60|72.01|50002
11006|17.20|72.61|50002
11006|17.80|73.21|50002
11006|18.40|73.81|50002
11006|19.00|74.41|50002
11006|19.60|75.01|50002
11006|20.20|75.61|50002
11006|20.80|76.21|50002
11006|21.40|76.81|50002
11006|22.00|77.41|50002
11006|22.60|78.01|50002
11006|23.20|78.61|50002
11006|23.80|79.21|50002
11006|24.40|79.81|50002
11006|25.00|80.41|50002
14091|4.00|93.66|50005
14091|4.00|93.53|50006
11005|4.00|59.45|50003
11005|4.60|60.05|50003
11005|5.20|60.65|50003
11005|5.80|61.25|50003
11005|6.40|61.85|50003
11005|7.00|62.45|50003
11005|7.60|63.05|50003
11005|8.20|63.65|50003
11005|8.80|64.25|50003
11005|9.40|64.85|50003
11005|10.00|65.45|50003
11005|10.60|66.05|50003
11005|11.20|66.65|50003
11005|11.80|67.25|50003
11005|12.40|67.85|50003
11005|13.00|68.45|50003
11005|13.60|69.05|50003
11005|14.20|69.65|50003
11005|14.80|70.25|50003
11005|15.40|70.85|50003
11005|16.00|71.45|50003
11005|16.60|72.05|50003
11005|17.20|72.65|50003
11005|17.80|73.25|50003
11005|18.40|73.85|50003
11005|19.00|74.45|50003
11005|19.60|75.05|50003
11005|20.20|75.65|50003
11005|20.80|76.25|50003
11005|21.40|76.85|50003
11005|22.00|77.45|50003
11005|22.60|78.05|50003
11005|23.20|78.65|50003
11005|23.80|79.25|50003
11005|24.40|79.85|50003
11005|25.00|80.45|50003
11005|4.00|59.28|50004
11005|4.60|59.88|50004
11005|5.20|60.48|50004
11005|5.80|61.08|50004
11005|6.40|61.68|50004
11005|7.00|62.28|50004
11005|7.60|62.88|50004
11005|8.20|63.48|50004
11005|8.80|64.08|50004
11005|9.40|64.68|50004
11005|10.00|65.28|50004
11005|10.60|65.88|50004
11005|11.20|66.48|50004
11005|11.80|67.08|50004
11005|12.40|67.68|50004
11005|13.00|68.28|50004
11005|13.60|68.88|50004
11005|14.20|69.48|50004
11005|14.80|70.08|50004
11005|15.40|70.68|50004
11005|16.00|71.28|50004
11005|16.60|71.88|50004
11005|17.20|72.48|50004
11005|17.80|73.08|50004
11005|18.40|73.68|50004
11005|19.00|74.28|50004
11005|19.60|74.88|50004
11005|20.20|75.48|50004
11005|20.80|76.08|50004
11005|21.40|76.68|50004
11005|22.00|77.28|50004
11005|22.60|77.88|50004
11005|23.20|78.48|50004
11005|23.80|79.08|50004
11005|24.40|79.68|50004
11005|25.00|80.28|50004
