#tide_44001_1
51.11
11003|4.00|30.56|50007
11003|5.00|31.56|50007
11003|6.00|32.56|50007
11003|7.00|33.56|50007
11003|8.00|34.56|50007
11003|9.00|35.56|50007
11003|10.00|36.56|50007
11003|11.00|37.56|50007
11003|12.00|38.56|50007
11003|13.00|39.56|50007
11003|14.00|40.56|50007
11003|15.00|41.56|50007
11003|16.00|42.56|50007
11003|17.00|43.56|50007
11003|18.00|44.56|50007
11003|19.00|45.56|50007
11003|20.00|46.56|50007
11003|21.00|47.56|50007
11003|22.00|48.56|50007
11003|23.00|49.56|50007
11003|24.00|50.56|50007
11002|4.00|30.56|50008
11002|5.00|31.56|50008
11002|6.00|32.56|50008
11002|7.00|33.56|50008
11002|8.00|34.56|50008
11002|9.00|35.56|50008
11002|10.00|36.56|50008
11002|11.00|37.56|50008
11002|12.00|38.56|50008
11002|13.00|39.56|50008
11002|14.00|40.56|50008
11002|15.00|41.56|50008
11002|16.00|42.56|50008
11002|17.00|43.56|50008
11002|18.00|44.56|50008
11002|19.00|45.56|50008
11002|20.00|46.56|50008
11002|21.00|47.56|50008
11002|22.00|48.56|50008
11002|23.00|49.56|50008
11002|24.00|50.56|50008
11002|4.00|30.74|50011
11002|5.00|31.74|50011
11002|6.00|32.74|50011
11002|7.00|33.74|50011
11002|8.00|34.74|50011
11002|9.00|35.74|50011
11002|10.00|36.74|50011
11002|11.00|37.74|50011
11002|12.00|38.74|50011
11002|13.00|39.74|50011
11002|14.00|40.74|50011
11002|15.00|41.74|50011
11002|16.00|42.74|50011
11002|17.00|43.74|50011
11002|18.00|44.74|50011
11002|19.00|45.74|50011
11002|20.00|46.74|50011
11002|21.00|47.74|50011
11002|22.00|48.74|50011
11002|23.00|49.74|50011
11002|24.00|50.74|50011
11003|4.00|31.11|50013
11003|5.00|32.11|50013
11003|6.00|33.11|50013
11003|7.00|34.11|50013
11003|8.00|35.11|50013
11003|9.00|36.11|50013
11003|10.00|37.11|50013
11003|11.00|38.11|50013
11003|12.00|39.11|50013
11003|13.00|40.11|50013
11003|14.00|41.11|50013
11003|15.00|42.11|50013
11003|16.00|43.11|50013
11003|17.00|44.11|50013
11003|18.00|45.11|50013
11003|19.00|46.11|50013
11003|20.00|47.11|50013
11003|21.00|48.11|50013
11003|22.00|49.11|50013
11003|23.00|50.11|50013
11003|24.00|51.11|50013
11002|4.00|30.82|50014
11002|5.00|31.82|50014
11002|6.00|32.82|50014
11002|7.00|33.82|50014
11002|8.00|34.82|50014
11002|9.00|35.82|50014
11002|10.00|36.82|50014
11002|11.00|37.82|50014
11002|12.00|38.82|50014
11002|13.00|39.82|50014
11002|14.00|40.82|50014
11002|15.00|41.82|50014
11002|16.00|42.82|50014
11002|17.00|43.82|50014
11002|18.00|44.82|50014
11002|19.00|45.82|50014
11002|20.00|46.82|50014
11002|21.00|47.82|50014
11002|22.00|48.82|50014
11002|23.00|49.82|50014
11002|24.00|50.82|50014
11002|4.00|30.73|50015
11002|5.00|31.73|50015
11002|6.00|32.73|50015
11002|7.00|33.73|50015
11002|8.00|34.73|50015
11002|9.00|35.73|50015
11002|10.00|36.73|50015
11002|11.00|37.73|50015
11002|12.00|38.73|50015
11002|13.00|39.73|50015
11002|14.00|40.73|50015
11002|15.00|41.73|50015
11002|16.00|42.73|50015
11002|17.00|43.73|50015
11002|18.00|44.73|50015
11002|19.00|45.73|50015
11002|20.00|46.73|50015
11002|21.00|47.73|50015
11002|22.00|48.73|50015
11002|23.00|49.73|50015
11002|24.00|50.73|50015
#tide_44001_2
78.70
11003|4.00|38.66|50018
11003|5.00|39.66|50018
11003|6.00|40.66|50018
11003|7.00|41.66|50018
11003|8.00|42.66|50018
11003|9.00|43.66|50018
11003|10.00|44.66|50018
11003|11.00|45.66|50018
11003|12.00|46.66|50018
11003|13.00|47.66|50018
11003|14.00|48.66|50018
11003|15.00|49.66|50018
11003|16.00|50.66|50018
11003|17.00|51.66|50018
11003|18.00|52.66|50018
11003|19.00|53.66|50018
11003|20.00|54.66|50018
11003|21.00|55.66|50018
11003|22.00|56.66|50018
11003|23.00|57.66|50018
11003|24.00|58.66|50018
11003|25.00|59.66|50018
11003|26.00|60.66|50018
11003|27.00|61.66|50018
11003|28.00|62.66|50018
11003|29.00|63.66|50018
11003|30.00|64.66|50018
11003|31.00|65.66|50018
11003|32.00|66.66|50018
11003|33.00|67.66|50018
11003|34.00|68.66|50018
11003|35.00|69.66|50018
11003|36.00|70.66|50018
11003|37.00|71.66|50018
11003|38.00|72.66|50018
11003|39.00|73.66|50018
11003|40.00|74.66|50018
11003|41.00|75.66|50018
11003|42.00|76.66|50018
11003|43.00|77.66|50018
11003|44.00|78.66|50018
11003|4.00|38.70|50019
11003|5.00|39.70|50019
11003|6.00|40.70|50019
11003|7.00|41.70|50019
11003|8.00|42.70|50019
11003|9.00|43.70|50019
11003|10.00|44.70|50019
11003|11.00|45.70|50019
11003|12.00|46.70|50019
11003|13.00|47.70|50019
11003|14.00|48.70|50019
11003|15.00|49.70|50019
11003|16.00|50.70|50019
11003|17.00|51.70|50019
11003|18.00|52.70|50019
11003|19.00|53.70|50019
11003|20.00|54.70|50019
11003|21.00|55.70|50019
11003|22.00|56.70|50019
11003|23.00|57.70|50019
11003|24.00|58.70|50019
11003|25.00|59.70|50019
11003|26.00|60.70|50019
11003|27.00|61.70|50019
11003|28.00|62.70|50019
11003|29.00|63.70|50019
11003|30.00|64.70|50019
11003|31.00|65.70|50019
11003|32.00|66.70|50019
11003|33.00|67.70|50019
11003|34.00|68.70|50019
11003|35.00|69.70|50019
11003|36.00|70.70|50019
11003|37.00|71.70|50019
11003|38.00|72.70|50019
11003|39.00|73.70|50019
11003|40.00|74.70|50019
11003|41.00|75.70|50019
11003|42.00|76.70|50019
11003|43.00|77.70|50019
11003|44.00|78.70|50019
11002|4.00|37.49|50020
11002|5.00|38.49|50020
11002|6.00|39.49|50020
11002|7.00|40.49|50020
11002|8.00|41.49|50020
11002|9.00|42.49|50020
11002|10.00|43.49|50020
11002|11.00|44.49|50020
11002|12.00|45.49|50020
11002|13.00|46.49|50020
11002|14.00|47.49|50020
11002|15.00|48.49|50020
11002|16.00|49.49|50020
11002|17.00|50.49|50020
11002|18.00|51.49|50020
11002|19.00|52.49|50020
11002|20.00|53.49|50020
11002|21.00|54.49|50020
11002|22.00|55.49|50020
11002|23.00|56.49|50020
11002|24.00|57.49|50020
11002|25.00|58.49|50020
11002|26.00|59.49|50020
11002|27.00|60.49|50020
11002|28.00|61.49|50020
11002|29.00|62.49|50020
11002|30.00|63.49|50020
11002|31.00|64.49|50020
11002|32.00|65.49|50020
11002|33.00|66.49|50020
11002|34.00|67.49|50020
11002|35.00|68.49|50020
11002|36.00|69.49|50020
11002|37.00|70.49|50020
11002|38.00|71.49|50020
11002|39.00|72.49|50020
11002|40.00|73.49|50020
11002|41.00|74.49|50020
11002|42.00|75.49|50020
11002|43.00|76.49|50020
11002|44.00|77.49|50020
11002|4.00|37.31|50021
11002|5.00|38.31|50021
11002|6.00|39.31|50021
11002|7.00|40.31|50021
11002|8.00|41.31|50021
11002|9.00|42.31|50021
11002|10.00|43.31|50021
11002|11.00|44.31|50021
11002|12.00|45.31|50021
11002|13.00|46.31|50021
11002|14.00|47.31|50021
11002|15.00|48.31|50021
11002|16.00|49.31|50021
11002|17.00|50.31|50021
11002|18.00|51.31|50021
11002|19.00|52.31|50021
11002|20.00|53.31|50021
11002|21.00|54.31|50021
11002|22.00|55.31|50021
11002|23.00|56.31|50021
11002|24.00|57.31|50021
11002|25.00|58.31|50021
11002|26.00|59.31|50021
11002|27.00|60.31|50021
11002|28.00|61.31|50021
11002|29.00|62.31|50021
11002|30.00|63.31|50021
11002|31.00|64.31|50021
11002|32.00|65.31|50021
11002|33.00|66.31|50021
11002|34.00|67.31|50021
11002|35.00|68.31|50021
11002|36.00|69.31|50021
11002|37.00|70.31|50021
11002|38.00|71.31|50021
11002|39.00|72.31|50021
11002|40.00|73.31|50021
11002|41.00|74.31|50021
11002|42.00|75.31|50021
11002|43.00|76.31|50021
11002|44.00|77.31|50021
#tide_44001_3
62.23
11001|4.00|35.07|50023
11001|4.60|35.67|50023
11001|5.20|36.27|50023
11001|5.80|36.87|50023
11001|6.40|37.47|50023
11001|7.00|38.07|50023
11001|7.60|38.67|50023
11001|8.20|39.27|50023
11001|8.80|39.87|50023
11001|9.40|40.47|50023
11001|10.00|41.07|50023
11001|10.60|41.67|50023
11001|11.20|42.27|50023
11001|11.80|42.87|50023
11001|12.40|43.47|50023
11002|13.00|44.07|50023
11002|13.60|44.67|50023
11002|14.20|45.27|50023
11002|14.80|45.87|50023
11002|15.40|46.47|50023
11002|16.00|47.07|50023
14007|16.60|47.67|50023
11002|17.20|48.27|50023
11002|17.80|48.87|50023
11002|18.40|49.47|50023
11002|19.00|50.07|50023
11002|19.60|50.67|50023
11002|20.20|51.27|50023
11002|20.80|51.87|50023
11002|21.40|52.47|50023
11003|22.00|53.07|50023
11003|22.60|53.67|50023
11003|23.20|54.27|50023
11003|23.80|54.87|50023
11003|24.40|55.47|50023
11003|25.00|56.07|50023
11003|25.60|56.67|50023
11003|26.20|57.27|50023
11003|26.80|57.87|50023
11003|27.40|58.47|50023
11003|28.00|59.07|50023
11003|28.60|59.67|50023
11003|29.20|60.27|50023
11003|29.80|60.87|50023
11003|30.40|61.47|50023
11003|31.00|62.07|50023
11001|4.00|35.15|50024
11001|4.60|35.75|50024
11001|5.20|36.35|50024
11001|5.80|36.95|50024
11001|6.40|37.55|50024
11001|7.00|38.15|50024
11001|7.60|38.75|50024
11001|8.20|39.35|50024
11001|8.80|39.95|50024
11001|9.40|40.55|50024
11001|10.00|41.15|50024
11001|10.60|41.75|50024
11001|11.20|42.35|50024
11001|11.80|42.95|50024
11001|12.40|43.55|50024
11002|13.00|44.15|50024
11002|13.60|44.75|50024
11002|14.20|45.35|50024
11002|14.80|45.95|50024
11002|15.40|46.55|50024
11002|16.00|47.15|50024
11002|17.20|48.35|50024
11002|17.80|48.95|50024
11002|18.40|49.55|50024
11002|19.00|50.15|50024
11002|19.60|50.75|50024
11002|20.20|51.35|50024
11002|20.80|51.95|50024
11002|21.40|52.55|50024
11003|22.00|53.15|50024
11003|22.60|53.75|50024
11003|23.20|54.35|50024
11003|23.80|54.95|50024
11003|24.40|55.55|50024
11003|25.00|56.15|50024
11003|25.60|56.75|50024
11003|26.20|57.35|50024
11003|26.80|57.95|50024
11003|27.40|58.55|50024
11003|28.00|59.15|50024
11003|28.60|59.75|50024
11003|29.20|60.35|50024
11003|29.80|60.95|50024
11003|30.40|61.55|50024
11003|31.00|62.15|50024
11001|4.00|35.07|50025
11001|4.60|35.67|50025
11001|5.20|36.27|50025
11001|5.80|36.87|50025
11001|6.40|37.47|50025
11001|7.00|38.07|50025
11001|7.60|38.67|50025
11001|8.20|39.27|50025
11001|8.80|39.87|50025
11001|9.40|40.47|50025
11001|10.00|41.07|50025
11001|10.60|41.67|50025
11001|11.20|42.27|50025
11001|11.80|42.87|50025
11001|12.40|43.47|50025
11002|13.00|44.07|50025
11002|13.60|44.67|50025
11002|14.20|45.27|50025
11002|14.80|45.87|50025
11002|15.40|46.47|50025
11002|16.00|47.07|50025
14007|16.60|47.67|50025
11002|17.20|48.27|50025
11002|17.80|48.87|50025
11002|18.40|49.47|50025
11002|19.00|50.07|50025
11002|19.60|50.67|50025
11002|20.20|51.27|50025
11002|20.80|51.87|50025
11002|21.40|52.47|50025
11003|22.00|53.07|50025
11003|22.60|53.67|50025
11003|23.20|54.27|50025
11003|23.80|54.87|50025
11003|24.40|55.47|50025
11003|25.00|56.07|50025
11003|25.60|56.67|50025
11003|26.20|57.27|50025
11003|26.80|57.87|50025
11003|27.40|58.47|50025
11003|28.00|59.07|50025
11003|28.60|59.67|50025
11003|29.20|60.27|50025
11003|29.80|60.87|50025
11003|30.40|61.47|50025
11003|31.00|62.07|50025
11001|4.00|35.23|50026
11001|4.60|35.83|50026
11001|5.20|36.43|50026
11001|5.80|37.03|50026
11001|6.40|37.63|50026
11001|7.00|38.23|50026
11001|7.60|38.83|50026
11001|8.20|39.43|50026
11001|8.80|40.03|50026
11001|9.40|40.63|50026
11001|10.00|41.23|50026
11001|10.60|41.83|50026
11001|11.20|42.43|50026
11001|11.80|43.03|50026
11001|12.40|43.63|50026
11002|13.00|44.23|50026
11002|13.60|44.83|50026
11002|14.20|45.43|50026
11002|14.80|46.03|50026
11002|15.40|46.63|50026
11002|16.00|47.23|50026
11002|17.20|48.43|50026
11002|17.80|49.03|50026
11002|18.40|49.63|50026
11002|19.00|50.23|50026
11002|19.60|50.83|50026
11002|20.20|51.43|50026
11002|20.80|52.03|50026
11002|21.40|52.63|50026
11003|22.00|53.23|50026
11003|22.60|53.83|50026
11003|23.20|54.43|50026
11003|23.80|55.03|50026
11003|24.40|55.63|50026
11003|25.00|56.23|50026
11003|25.60|56.83|50026
11003|26.20|57.43|50026
11003|26.80|58.03|50026
11003|27.40|58.63|50026
11003|28.00|59.23|50026
11003|28.60|59.83|50026
11003|29.20|60.43|50026
11003|29.80|61.03|50026
11003|30.40|61.63|50026
11003|31.00|62.23|50026
#tide_44001_4
60.34
11001|4.00|27.02|50027
11001|4.60|27.62|50027
11001|5.20|28.22|50027
11001|5.80|28.82|50027
11001|6.40|29.42|50027
11001|7.00|30.02|50027
11001|7.60|30.62|50027
11001|8.20|31.22|50027
11002|13.20|36.22|50027
11002|13.80|36.82|50027
11002|14.40|37.42|50027
11002|15.00|38.02|50027
11002|15.60|38.62|50027
11002|16.20|39.22|50027
11002|16.80|39.82|50027
11002|17.40|40.42|50027
11003|22.40|45.42|50027
11003|23.00|46.02|50027
11003|23.60|46.62|50027
11003|24.20|47.22|50027
11003|24.80|47.82|50027
11003|25.40|48.42|50027
11003|26.00|49.02|50027
11003|26.60|49.62|50027
11006|31.60|54.62|50027
11006|32.40|55.42|50027
11006|33.20|56.22|50027
11006|34.00|57.02|50027
11006|34.80|57.82|50027
11006|35.60|58.62|50027
11006|36.40|59.42|50027
11006|37.20|60.22|50027
11001|4.00|26.99|50028
11001|4.60|27.59|50028
11001|5.20|28.19|50028
11001|5.80|28.79|50028
11001|6.40|29.39|50028
11001|7.00|29.99|50028
11001|7.60|30.59|50028
11001|8.20|31.19|50028
11002|13.20|36.19|50028
11002|13.80|36.79|50028
11002|14.40|37.39|50028
11002|15.00|37.99|50028
11002|15.60|38.59|50028
11002|16.20|39.19|50028
11002|16.80|39.79|50028
11002|17.40|40.39|50028
11003|22.40|45.39|50028
11003|23.00|45.99|50028
11003|23.60|46.59|50028
11003|24.20|47.19|50028
11003|24.80|47.79|50028
11003|25.40|48.39|50028
11003|26.00|48.99|50028
11003|26.60|49.59|50028
11006|31.60|54.59|50028
11006|32.40|55.39|50028
11006|33.20|56.19|50028
11006|34.00|56.99|50028
11006|34.80|57.79|50028
11006|35.60|58.59|50028
11006|36.40|59.39|50028
11006|37.20|60.19|50028
11001|4.00|27.14|50029
11001|4.60|27.74|50029
11001|5.20|28.34|50029
11001|5.80|28.94|50029
11001|6.40|29.54|50029
11001|7.00|30.14|50029
11001|7.60|30.74|50029
11001|8.20|31.34|50029
11002|13.20|36.34|50029
11002|13.80|36.94|50029
11002|14.40|37.54|50029
11002|15.00|38.14|50029
11002|15.60|38.74|50029
11002|16.20|39.34|50029
11002|16.80|39.94|50029
11002|17.40|40.54|50029
11003|22.40|45.54|50029
11003|23.00|46.14|50029
11003|23.60|46.74|50029
11003|24.20|47.34|50029
11003|24.80|47.94|50029
11003|25.40|48.54|50029
11003|26.00|49.14|50029
11003|26.60|49.74|50029
11006|31.60|54.74|50029
11006|32.40|55.54|50029
11006|33.20|56.34|50029
11006|34.00|57.14|50029
11006|34.80|57.94|50029
11006|35.60|58.74|50029
11006|36.40|59.54|50029
11006|37.20|60.34|50029
11001|4.00|27.11|50030
11001|4.60|27.71|50030
11001|5.20|28.31|50030
11001|5.80|28.91|50030
11001|6.40|29.51|50030
11001|7.00|30.11|50030
11001|7.60|30.71|50030
11001|8.20|31.31|50030
11002|13.20|36.31|50030
11002|13.80|36.91|50030
11002|14.40|37.51|50030
11002|15.00|38.11|50030
11002|15.60|38.71|50030
11002|16.20|39.31|50030
11002|16.80|39.91|50030
11002|17.40|40.51|50030
11003|22.40|45.51|50030
11003|23.00|46.11|50030
11003|23.60|46.71|50030
11003|24.20|47.31|50030
11003|24.80|47.91|50030
11003|25.40|48.51|50030
11003|26.00|49.11|50030
11003|26.60|49.71|50030
11006|31.60|54.71|50030
11006|32.40|55.51|50030
11006|33.20|56.31|50030
11006|34.00|57.11|50030
11006|34.80|57.91|50030
11006|35.60|58.71|50030
11006|36.40|59.51|50030
11006|37.20|60.31|50030
11001|4.00|26.97|50031
11001|4.60|27.57|50031
11001|5.20|28.17|50031
11001|5.80|28.77|50031
11001|6.40|29.37|50031
11001|7.00|29.97|50031
11001|7.60|30.57|50031
11001|8.20|31.17|50031
11002|13.20|36.17|50031
11002|13.80|36.77|50031
11002|14.40|37.37|50031
11002|15.00|37.97|50031
11002|15.60|38.57|50031
11002|16.20|39.17|50031
11002|16.80|39.77|50031
11002|17.40|40.37|50031
11003|22.40|45.37|50031
11003|23.00|45.97|50031
11003|23.60|46.57|50031
11003|24.20|47.17|50031
14007|24.80|47.77|50031
11003|25.40|48.37|50031
11003|26.00|48.97|50031
11003|26.60|49.57|50031
11006|31.60|54.57|50031
11006|32.40|55.37|50031
11006|33.20|56.17|50031
11006|34.00|56.97|50031
11006|34.80|57.77|50031
11006|35.60|58.57|50031
11006|36.40|59.37|50031
11006|37.20|60.17|50031
11001|4.00|27.02|50032
11001|4.60|27.62|50032
11001|5.20|28.22|50032
11001|5.80|28.82|50032
11001|6.40|29.42|50032
11001|7.00|30.02|50032
11001|7.60|30.62|50032
11001|8.20|31.22|50032
11002|13.20|36.22|50032
11002|13.80|36.82|50032
11002|14.40|37.42|50032
11002|15.00|38.02|50032
11002|15.60|38.62|50032
11002|16.20|39.22|50032
11002|16.80|39.82|50032
11002|17.40|40.42|50032
11003|22.40|45.42|50032
11003|23.00|46.02|50032
11003|23.60|46.62|50032
11003|24.20|47.22|50032
11003|25.40|48.42|50032
11003|26.00|49.02|50032
11003|26.60|49.62|50032
11006|31.60|54.62|50032
11006|32.40|55.42|50032
11006|33.20|56.22|50032
11006|34.00|57.02|50032
11006|34.80|57.82|50032
11006|35.60|58.62|50032
11006|36.40|59.42|50032
11006|37.20|60.22|50032
11001|4.00|27.08|50033
11001|4.60|27.68|50033
11001|5.20|28.28|50033
11001|5.80|28.88|50033
11001|6.40|29.48|50033
11001|7.00|30.08|50033
11001|7.60|30.68|50033
11001|8.20|31.28|50033
11002|13.20|36.28|50033
11002|13.80|36.88|50033
11002|14.40|37.48|50033
11002|15.00|38.08|50033
11002|15.60|38.68|50033
11002|16.20|39.28|50033
11002|16.80|39.88|50033
11002|17.40|40.48|50033
11003|22.40|45.48|50033
11003|23.00|46.08|50033
11003|23.60|46.68|50033
11003|24.20|47.28|50033
14007|24.80|47.88|50033
11003|25.40|48.48|50033
11003|26.00|49.08|50033
11003|26.60|49.68|50033
11006|31.60|54.68|50033
11006|32.40|55.48|50033
11006|33.20|56.28|50033
11006|34.00|57.08|50033
11006|34.80|57.88|50033
11006|35.60|58.68|50033
11006|36.40|59.48|50033
11006|37.20|60.28|50033
11001|4.00|27.02|50034
11001|4.60|27.62|50034
11001|5.20|28.22|50034
11001|5.80|28.82|50034
11001|6.40|29.42|50034
11001|7.00|30.02|50034
11001|7.60|30.62|50034
11001|8.20|31.22|50034
11002|13.20|36.22|50034
11002|13.80|36.82|50034
11002|14.40|37.42|50034
11002|15.00|38.02|50034
11002|15.60|38.62|50034
11002|16.20|39.22|50034
11002|16.80|39.82|50034
11002|17.40|40.42|50034
11003|22.40|45.42|50034
11003|23.00|46.02|50034
11003|23.60|46.62|50034
11003|24.20|47.22|50034
11003|25.40|48.42|50034
11003|26.00|49.02|50034
11003|26.60|49.62|50034
11006|31.60|54.62|50034
11006|32.40|55.42|50034
11006|33.20|56.22|50034
11006|34.00|57.02|50034
11006|34.80|57.82|50034
11006|35.60|58.62|50034
11006|36.40|59.42|50034
11006|37.20|60.22|50034
#tide_44001_5
32.02
11003|4.00|25.58|50043
11003|4.70|26.28|50043
11003|5.40|26.98|50043
11003|6.10|27.68|50043
11003|6.80|28.38|50043
11003|7.50|29.08|50043
11003|8.20|29.78|50043
11003|8.90|30.48|50043
11003|9.60|31.18|50043
11003|10.30|31.88|50043
11003|4.00|25.58|50044
11003|4.70|26.28|50044
11003|5.40|26.98|50044
11003|6.10|27.68|50044
11003|6.80|28.38|50044
11003|7.50|29.08|50044
11003|8.20|29.78|50044
11003|8.90|30.48|50044
11003|9.60|31.18|50044
11003|10.30|31.88|50044
11003|4.00|25.72|50045
11003|4.70|26.42|50045
11003|5.40|27.12|50045
11003|6.10|27.82|50045
11003|6.80|28.52|50045
11003|7.50|29.22|50045
11003|8.20|29.92|50045
11003|8.90|30.62|50045
11003|9.60|31.32|50045
11003|10.30|32.02|50045
11003|4.00|25.68|50046
11003|4.70|26.38|50046
11003|5.40|27.08|50046
11003|6.10|27.78|50046
11003|6.80|28.48|50046
11003|7.50|29.18|50046
11003|8.20|29.88|50046
11003|8.90|30.58|50046
11003|9.60|31.28|50046
11003|10.30|31.98|50046
11002|4.00|25.23|50047
11002|4.70|25.93|50047
11002|5.40|26.63|50047
11002|6.10|27.33|50047
11002|6.80|28.03|50047
11002|7.50|28.73|50047
11002|8.20|29.43|50047
11002|8.90|30.13|50047
14007|9.60|30.83|50047
11002|10.30|31.53|50047
11002|4.00|25.29|50048
11002|4.70|25.99|50048
11002|5.40|26.69|50048
11002|6.10|27.39|50048
11002|6.80|28.09|50048
11002|7.50|28.79|50048
11002|8.20|29.49|50048
11002|8.90|30.19|50048
14007|9.60|30.89|50048
11002|10.30|31.59|50048
11002|4.00|25.22|50049
11002|4.70|25.92|50049
11002|5.40|26.62|50049
11002|6.10|27.32|50049
11002|6.80|28.02|50049
11002|7.50|28.72|50049
11002|8.20|29.42|50049
11002|8.90|30.12|50049
14007|9.60|30.82|50049
11002|10.30|31.52|50049
11002|4.00|25.22|50050
11002|4.70|25.92|50050
11002|5.40|26.62|50050
11002|6.10|27.32|50050
11002|6.80|28.02|50050
11002|7.50|28.72|50050
11002|8.20|29.42|50050
11002|8.90|30.12|50050
14007|9.60|30.82|50050
11002|10.30|31.52|50050
11001|4.00|24.68|50051
11001|4.70|25.38|50051
11001|5.40|26.08|50051
11001|6.10|26.78|50051
11001|6.80|27.48|50051
11001|7.50|28.18|50051
11001|8.20|28.88|50051
11001|8.90|29.58|50051
11001|9.60|30.28|50051
11001|10.30|30.98|50051
11001|4.00|24.68|50052
11001|4.70|25.38|50052
11001|5.40|26.08|50052
11001|6.10|26.78|50052
11001|6.80|27.48|50052
11001|7.50|28.18|50052
11001|8.20|28.88|50052
11001|8.90|29.58|50052
11001|9.60|30.28|50052
11001|10.30|30.98|50052
11001|4.00|24.62|50053
11001|4.70|25.32|50053
11001|5.40|26.02|50053
11001|6.10|26.72|50053
11001|6.80|27.42|50053
11001|7.50|28.12|50053
11001|8.20|28.82|50053
11001|8.90|29.52|50053
11001|9.60|30.22|50053
11001|10.30|30.92|50053
11001|4.00|24.57|50054
11001|4.70|25.27|50054
11001|5.40|25.97|50054
11001|6.10|26.67|50054
11001|6.80|27.37|50054
11001|7.50|28.07|50054
11001|8.20|28.77|50054
11001|8.90|29.47|50054
11001|9.60|30.17|50054
11001|10.30|30.87|50054
#tide_44001_6
40.80
11001|4.00|28.71|50191
11001|4.00|31.28|50192
11001|4.00|34.36|50193
11001|4.00|31.83|50194
11001|4.00|31.82|50195
11001|4.00|34.56|50196
11001|4.00|31.00|50197
11001|4.00|28.46|50198
11001|4.00|28.62|50183
11001|4.00|30.58|50184
11001|4.00|34.80|50185
11001|4.00|31.87|50186
11001|4.00|31.86|50187
11001|4.00|34.53|50188
11001|4.00|31.28|50189
11001|4.00|28.68|50190
11002|5.00|29.71|50191
11002|5.00|32.28|50192
11002|5.00|35.36|50193
11002|5.00|32.83|50194
11002|5.00|32.82|50195
11002|5.00|35.56|50196
11002|5.00|32.00|50197
11002|5.00|29.46|50198
11002|5.00|29.62|50183
11002|5.00|31.58|50184
11002|5.00|35.80|50185
11002|5.00|32.87|50186
11002|5.00|32.86|50187
11002|5.00|35.53|50188
11002|5.00|32.28|50189
11002|5.00|29.68|50190
11003|6.00|30.71|50191
11003|6.00|33.28|50192
11003|6.00|36.36|50193
11003|6.00|33.83|50194
11003|6.00|33.82|50195
11003|6.00|36.56|50196
11003|6.00|33.00|50197
11003|6.00|30.46|50198
11003|6.00|30.62|50183
11003|6.00|32.58|50184
11003|6.00|36.80|50185
11003|6.00|33.87|50186
11003|6.00|33.86|50187
11003|6.00|36.53|50188
11003|6.00|33.28|50189
11003|6.00|30.68|50190
11004|7.00|31.71|50191
11004|7.00|37.36|50193
11004|7.00|34.83|50194
11004|7.00|34.82|50195
14007|7.00|37.56|50196
11004|7.00|34.00|50197
11004|7.00|31.46|50198
11004|7.00|31.62|50183
11004|7.00|37.80|50185
11004|7.00|34.87|50186
11004|7.00|34.86|50187
14007|7.00|37.53|50188
11004|7.00|34.28|50189
11004|7.00|31.68|50190
11005|8.00|32.71|50191
11005|8.00|35.28|50192
11005|8.00|38.36|50193
11005|8.00|35.83|50194
11005|8.00|35.82|50195
11005|8.00|38.56|50196
11005|8.00|35.00|50197
11005|8.00|32.46|50198
11005|8.00|32.62|50183
11005|8.00|34.58|50184
11005|8.00|38.80|50185
11005|8.00|35.87|50186
11005|8.00|35.86|50187
11005|8.00|38.53|50188
11005|8.00|35.28|50189
11005|8.00|32.68|50190
11006|9.00|33.71|50191
11006|9.00|36.28|50192
11006|9.00|39.36|50193
11006|9.00|36.83|50194
11006|9.00|36.82|50195
11006|9.00|39.56|50196
11006|9.00|36.00|50197
11006|9.00|33.46|50198
11006|9.00|33.62|50183
11006|9.00|35.58|50184
11006|9.00|39.80|50185
11006|9.00|36.87|50186
11006|9.00|36.86|50187
11006|9.00|39.53|50188
11006|9.00|36.28|50189
11006|9.00|33.68|50190
11007|10.00|34.71|50191
11007|10.00|37.28|50192
14007|10.00|40.36|50193
11007|10.00|37.83|50194
11007|10.00|37.82|50195
14007|10.00|40.56|50196
11007|10.00|37.00|50197
11007|10.00|34.46|50198
14007|10.00|34.62|50183
11007|10.00|36.58|50184
11007|10.00|40.80|50185
14007|10.00|37.87|50186
11007|10.00|37.86|50187
11007|10.00|40.53|50188
14007|10.00|37.28|50189
11007|10.00|34.68|50190
#tide_44001_7
93.66
11001|4.00|59.54|50001
11001|4.60|60.14|50001
11001|5.20|60.74|50001
11001|5.80|61.34|50001
11001|6.40|61.94|50001
11001|7.00|62.54|50001
11001|7.60|63.14|50001
11001|8.20|63.74|50001
11001|8.80|64.34|50001
11001|9.40|64.94|50001
11001|10.00|65.54|50001
11001|10.60|66.14|50001
11001|11.20|66.74|50001
11001|11.80|67.34|50001
11001|12.40|67.94|50001
11001|13.00|68.54|50001
11001|13.60|69.14|50001
11001|14.20|69.74|50001
11001|14.80|70.34|50001
11001|15.40|70.94|50001
11001|16.00|71.54|50001
11001|16.60|72.14|50001
11001|17.20|72.74|50001
11001|17.80|73.34|50001
11001|18.40|73.94|50001
11001|19.00|74.54|50001
11001|19.60|75.14|50001
11001|20.20|75.74|50001
11001|20.80|76.34|50001
11001|21.40|76.94|50001
11001|22.00|77.54|50001
11001|22.60|78.14|50001
11001|23.20|78.74|50001
11001|23.80|79.34|50001
11001|24.40|79.94|50001
11001|25.00|80.54|50001
11001|4.00|59.41|50002
11001|4.60|60.01|50002
11001|5.20|60.61|50002
11001|5.80|61.21|50002
11001|6.40|61.81|50002
11001|7.00|62.41|50002
11001|7.60|63.01|50002
11001|8.20|63.61|50002
11001|8.80|64.21|50002
11001|9.40|64.81|50002
11001|10.00|65.41|50002
11001|10.60|66.01|50002
11001|11.20|66.61|50002
11001|11.80|67.21|50002
11001|12.40|67.81|50002
11001|13.00|68.41|50002
11001|13.60|69.01|50002
11001|14.20|69.61|50002
11001|14.80|70.21|50002
11001|15.40|70.81|50002
11001|16.00|71.41|50002
11001|16.60|72.01|50002
11001|17.20|72.61|50002
11001|17.80|73.21|50002
11001|18.40|73.81|50002
11001|19.00|74.41|50002
11001|19.60|75.01|50002
11001|20.20|75.61|50002
11001|20.80|76.21|50002
11001|21.40|76.81|50002
11001|22.00|77.41|50002
11001|22.60|78.01|50002
11001|23.20|78.61|50002
11001|23.80|79.21|50002
11001|24.40|79.81|50002
11001|25.00|80.41|50002
16040|4.00|93.66|50005
16040|4.00|93.53|50006
11002|4.00|59.45|50003
11002|4.60|60.05|50003
11002|5.20|60.65|50003
11002|5.80|61.25|50003
11002|6.40|61.85|50003
11002|7.00|62.45|50003
11002|7.60|63.05|50003
11002|8.20|63.65|50003
11002|8.80|64.25|50003
11002|9.40|64.85|50003
11002|10.00|65.45|50003
11002|10.60|66.05|50003
11002|11.20|66.65|50003
11002|11.80|67.25|50003
11002|12.40|67.85|50003
11002|13.00|68.45|50003
11002|13.60|69.05|50003
11002|14.20|69.65|50003
11002|14.80|70.25|50003
11002|15.40|70.85|50003
11002|16.00|71.45|50003
11002|16.60|72.05|50003
11002|17.20|72.65|50003
11002|17.80|73.25|50003
11002|18.40|73.85|50003
11002|19.00|74.45|50003
11002|19.60|75.05|50003
11002|20.20|75.65|50003
11002|20.80|76.25|50003
11002|21.40|76.85|50003
11002|22.00|77.45|50003
11002|22.60|78.05|50003
11002|23.20|78.65|50003
11002|23.80|79.25|50003
11002|24.40|79.85|50003
11002|25.00|80.45|50003
11002|4.00|59.28|50004
11002|4.60|59.88|50004
11002|5.20|60.48|50004
11002|5.80|61.08|50004
11002|6.40|61.68|50004
11002|7.00|62.28|50004
11002|7.60|62.88|50004
11002|8.20|63.48|50004
11002|8.80|64.08|50004
11002|9.40|64.68|50004
11002|10.00|65.28|50004
11002|10.60|65.88|50004
11002|11.20|66.48|50004
11002|11.80|67.08|50004
11002|12.40|67.68|50004
11002|13.00|68.28|50004
11002|13.60|68.88|50004
11002|14.20|69.48|50004
11002|14.80|70.08|50004
11002|15.40|70.68|50004
11002|16.00|71.28|50004
11002|16.60|71.88|50004
11002|17.20|72.48|50004
11002|17.80|73.08|50004
11002|18.40|73.68|50004
11002|19.00|74.28|50004
11002|19.60|74.88|50004
11002|20.20|75.48|50004
11002|20.80|76.08|50004
11002|21.40|76.68|50004
11002|22.00|77.28|50004
11002|22.60|77.88|50004
11002|23.20|78.48|50004
11002|23.80|79.08|50004
11002|24.40|79.68|50004
11002|25.00|80.28|50004
