#tide_44415_1
65.00
11025|0.00|20.00|900405
11027|4.00|24.00|900405
11025|8.00|28.00|900405
11027|12.00|32.00|900405
11025|16.00|36.00|900405
11027|20.00|40.00|900405
11025|24.00|44.00|900405
11027|28.00|48.00|900405
11025|32.00|52.00|900405
11027|36.00|56.00|900405
11025|40.00|60.00|900405
11027|44.00|64.00|900405
11007|2.00|14.00|900401
11007|2.00|14.00|900402
11007|2.00|14.00|900403
11007|2.00|14.00|900404
11007|2.50|14.50|900401
11007|2.50|14.50|900402
11007|2.50|14.50|900403
11007|2.50|14.50|900404
11007|3.00|15.00|900401
11007|3.00|15.00|900402
11007|3.00|15.00|900403
11007|3.00|15.00|900404
11007|3.50|15.50|900401
11007|3.50|15.50|900402
11007|3.50|15.50|900403
11007|3.50|15.50|900404
11006|4.00|16.00|900401
11006|4.00|16.00|900402
11006|4.00|16.00|900403
11006|4.00|16.00|900404
11006|4.50|16.50|900401
11006|4.50|16.50|900402
11006|4.50|16.50|900403
11006|4.50|16.50|900404
11006|5.00|17.00|900401
11006|5.00|17.00|900402
11006|5.00|17.00|900403
11006|5.00|17.00|900404
11006|5.50|17.50|900401
11006|5.50|17.50|900402
11006|5.50|17.50|900403
11006|5.50|17.50|900404
11007|6.00|18.00|900401
11007|6.00|18.00|900402
11007|6.00|18.00|900403
11007|6.00|18.00|900404
11007|6.50|18.50|900401
11007|6.50|18.50|900402
11007|6.50|18.50|900403
11007|6.50|18.50|900404
11007|7.00|19.00|900401
11007|7.00|19.00|900402
11007|7.00|19.00|900403
11007|7.00|19.00|900404
11007|7.50|19.50|900401
11007|7.50|19.50|900402
11007|7.50|19.50|900403
11007|7.50|19.50|900404
11006|8.00|20.00|900401
11006|8.00|20.00|900402
11006|8.00|20.00|900403
11006|8.00|20.00|900404
11006|8.50|20.50|900401
11006|8.50|20.50|900402
11006|8.50|20.50|900403
11006|8.50|20.50|900404
11006|9.00|21.00|900401
11006|9.00|21.00|900402
11006|9.00|21.00|900403
11006|9.00|21.00|900404
11006|9.50|21.50|900401
11006|9.50|21.50|900402
11006|9.50|21.50|900403
11006|9.50|21.50|900404
11007|10.00|22.00|900401
11007|10.00|22.00|900402
11007|10.00|22.00|900403
11007|10.00|22.00|900404
11007|10.50|22.50|900401
11007|10.50|22.50|900402
11007|10.50|22.50|900403
11007|10.50|22.50|900404
11007|11.00|23.00|900401
11007|11.00|23.00|900402
11007|11.00|23.00|900403
11007|11.00|23.00|900404
11007|11.50|23.50|900401
11007|11.50|23.50|900402
11007|11.50|23.50|900403
11007|11.50|23.50|900404
11006|12.00|24.00|900401
11006|12.00|24.00|900402
11006|12.00|24.00|900403
11006|12.00|24.00|900404
11006|12.50|24.50|900401
11006|12.50|24.50|900402
11006|12.50|24.50|900403
11006|12.50|24.50|900404
11006|13.00|25.00|900401
11006|13.00|25.00|900402
11006|13.00|25.00|900403
11006|13.00|25.00|900404
11006|13.50|25.50|900401
11006|13.50|25.50|900402
11006|13.50|25.50|900403
11006|13.50|25.50|900404
11007|14.00|26.00|900401
11007|14.00|26.00|900402
11007|14.00|26.00|900403
11007|14.00|26.00|900404
11007|14.50|26.50|900401
11007|14.50|26.50|900402
11007|14.50|26.50|900403
11007|14.50|26.50|900404
11007|15.00|27.00|900401
11007|15.00|27.00|900402
11007|15.00|27.00|900403
11007|15.00|27.00|900404
11007|15.50|27.50|900401
11007|15.50|27.50|900402
11007|15.50|27.50|900403
11007|15.50|27.50|900404
11006|16.00|28.00|900401
11006|16.00|28.00|900402
11006|16.00|28.00|900403
11006|16.00|28.00|900404
11006|16.50|28.50|900401
11006|16.50|28.50|900402
11006|16.50|28.50|900403
11006|16.50|28.50|900404
11006|17.00|29.00|900401
11006|17.00|29.00|900402
11006|17.00|29.00|900403
11006|17.00|29.00|900404
11006|17.50|29.50|900401
11006|17.50|29.50|900402
11006|17.50|29.50|900403
11006|17.50|29.50|900404
11007|18.00|30.00|900401
11007|18.00|30.00|900402
11007|18.00|30.00|900403
11007|18.00|30.00|900404
11007|18.50|30.50|900401
11007|18.50|30.50|900402
11007|18.50|30.50|900403
11007|18.50|30.50|900404
11007|19.00|31.00|900401
11007|19.00|31.00|900402
11007|19.00|31.00|900403
11007|19.00|31.00|900404
11007|19.50|31.50|900401
11007|19.50|31.50|900402
11007|19.50|31.50|900403
11007|19.50|31.50|900404
11006|20.00|32.00|900401
11006|20.00|32.00|900402
11006|20.00|32.00|900403
11006|20.00|32.00|900404
11006|20.50|32.50|900401
11006|20.50|32.50|900402
11006|20.50|32.50|900403
11006|20.50|32.50|900404
11006|21.00|33.00|900401
11006|21.00|33.00|900402
11006|21.00|33.00|900403
11006|21.00|33.00|900404
11006|21.50|33.50|900401
11006|21.50|33.50|900402
11006|21.50|33.50|900403
11006|21.50|33.50|900404
11007|22.00|34.00|900401
11007|22.00|34.00|900402
11007|22.00|34.00|900403
11007|22.00|34.00|900404
11007|22.50|34.50|900401
11007|22.50|34.50|900402
11007|22.50|34.50|900403
11007|22.50|34.50|900404
11007|23.00|35.00|900401
11007|23.00|35.00|900402
11007|23.00|35.00|900403
11007|23.00|35.00|900404
11007|23.50|35.50|900401
11007|23.50|35.50|900402
11007|23.50|35.50|900403
11007|23.50|35.50|900404
11006|24.00|36.00|900401
11006|24.00|36.00|900402
11006|24.00|36.00|900403
11006|24.00|36.00|900404
11006|24.50|36.50|900401
11006|24.50|36.50|900402
11006|24.50|36.50|900403
11006|24.50|36.50|900404
11006|25.00|37.00|900401
11006|25.00|37.00|900402
11006|25.00|37.00|900403
11006|25.00|37.00|900404
11006|25.50|37.50|900401
11006|25.50|37.50|900402
11006|25.50|37.50|900403
11006|25.50|37.50|900404
11007|26.00|38.00|900401
11007|26.00|38.00|900402
11007|26.00|38.00|900403
11007|26.00|38.00|900404
11007|26.50|38.50|900401
11007|26.50|38.50|900402
11007|26.50|38.50|900403
11007|26.50|38.50|900404
11007|27.00|39.00|900401
11007|27.00|39.00|900402
11007|27.00|39.00|900403
11007|27.00|39.00|900404
11007|27.50|39.50|900401
11007|27.50|39.50|900402
11007|27.50|39.50|900403
11007|27.50|39.50|900404
11006|28.00|40.00|900401
11006|28.00|40.00|900402
11006|28.00|40.00|900403
11006|28.00|40.00|900404
11006|28.50|40.50|900401
11006|28.50|40.50|900402
11006|28.50|40.50|900403
11006|28.50|40.50|900404
11006|29.00|41.00|900401
11006|29.00|41.00|900402
11006|29.00|41.00|900403
11006|29.00|41.00|900404
11006|29.50|41.50|900401
11006|29.50|41.50|900402
11006|29.50|41.50|900403
11006|29.50|41.50|900404
11007|30.00|42.00|900401
11007|30.00|42.00|900402
11007|30.00|42.00|900403
11007|30.00|42.00|900404
11007|30.50|42.50|900401
11007|30.50|42.50|900402
11007|30.50|42.50|900403
11007|30.50|42.50|900404
11007|31.00|43.00|900401
11007|31.00|43.00|900402
11007|31.00|43.00|900403
11007|31.00|43.00|900404
11007|31.50|43.50|900401
11007|31.50|43.50|900402
11007|31.50|43.50|900403
11007|31.50|43.50|900404
11006|32.00|44.00|900401
11006|32.00|44.00|900402
11006|32.00|44.00|900403
11006|32.00|44.00|900404
11006|32.50|44.50|900401
11006|32.50|44.50|900402
11006|32.50|44.50|900403
11006|32.50|44.50|900404
11006|33.00|45.00|900401
11006|33.00|45.00|900402
11006|33.00|45.00|900403
11006|33.00|45.00|900404
11006|33.50|45.50|900401
11006|33.50|45.50|900402
11006|33.50|45.50|900403
11006|33.50|45.50|900404
11007|34.00|46.00|900401
11007|34.00|46.00|900402
11007|34.00|46.00|900403
11007|34.00|46.00|900404
11007|34.50|46.50|900401
11007|34.50|46.50|900402
11007|34.50|46.50|900403
11007|34.50|46.50|900404
11007|35.00|47.00|900401
11007|35.00|47.00|900402
11007|35.00|47.00|900403
11007|35.00|47.00|900404
11007|35.50|47.50|900401
11007|35.50|47.50|900402
11007|35.50|47.50|900403
11007|35.50|47.50|900404
11006|36.00|48.00|900401
11006|36.00|48.00|900402
11006|36.00|48.00|900403
11006|36.00|48.00|900404
11006|36.50|48.50|900401
11006|36.50|48.50|900402
11006|36.50|48.50|900403
11006|36.50|48.50|900404
11006|37.00|49.00|900401
11006|37.00|49.00|900402
11006|37.00|49.00|900403
11006|37.00|49.00|900404
11006|37.50|49.50|900401
11006|37.50|49.50|900402
11006|37.50|49.50|900403
11006|37.50|49.50|900404
11007|38.00|50.00|900401
11007|38.00|50.00|900402
11007|38.00|50.00|900403
11007|38.00|50.00|900404
11007|38.50|50.50|900401
11007|38.50|50.50|900402
11007|38.50|50.50|900403
11007|38.50|50.50|900404
11007|39.00|51.00|900401
11007|39.00|51.00|900402
11007|39.00|51.00|900403
11007|39.00|51.00|900404
11007|39.50|51.50|900401
11007|39.50|51.50|900402
11007|39.50|51.50|900403
11007|39.50|51.50|900404
11006|40.00|52.00|900401
11006|40.00|52.00|900402
11006|40.00|52.00|900403
11006|40.00|52.00|900404
11006|40.50|52.50|900401
11006|40.50|52.50|900402
11006|40.50|52.50|900403
11006|40.50|52.50|900404
11006|41.00|53.00|900401
11006|41.00|53.00|900402
11006|41.00|53.00|900403
11006|41.00|53.00|900404
11006|41.50|53.50|900401
11006|41.50|53.50|900402
11006|41.50|53.50|900403
11006|41.50|53.50|900404
11007|42.00|54.00|900401
11007|42.00|54.00|900402
11007|42.00|54.00|900403
11007|42.00|54.00|900404
11007|42.50|54.50|900401
11007|42.50|54.50|900402
11007|42.50|54.50|900403
11007|42.50|54.50|900404
11007|43.00|55.00|900401
11007|43.00|55.00|900402
11007|43.00|55.00|900403
11007|43.00|55.00|900404
11007|43.50|55.50|900401
11007|43.50|55.50|900402
11007|43.50|55.50|900403
11007|43.50|55.50|900404
11006|44.00|56.00|900401
11006|44.00|56.00|900402
11006|44.00|56.00|900403
11006|44.00|56.00|900404
11006|44.50|56.50|900401
11006|44.50|56.50|900402
11006|44.50|56.50|900403
11006|44.50|56.50|900404
11006|45.00|57.00|900401
11006|45.00|57.00|900402
11006|45.00|57.00|900403
11006|45.00|57.00|900404
11006|45.50|57.50|900401
11006|45.50|57.50|900402
11006|45.50|57.50|900403
11006|45.50|57.50|900404
11007|46.00|58.00|900401
11007|46.00|58.00|900402
11007|46.00|58.00|900403
11007|46.00|58.00|900404
11007|46.50|58.50|900401
11007|46.50|58.50|900402
11007|46.50|58.50|900403
11007|46.50|58.50|900404
11007|47.00|59.00|900401
11007|47.00|59.00|900402
11007|47.00|59.00|900403
11007|47.00|59.00|900404
11007|47.50|59.50|900401
11007|47.50|59.50|900402
11007|47.50|59.50|900403
11007|47.50|59.50|900404
11006|48.00|60.00|900401
11006|48.00|60.00|900402
11006|48.00|60.00|900403
11006|48.00|60.00|900404
11006|48.50|60.50|900401
11006|48.50|60.50|900402
11006|48.50|60.50|900403
11006|48.50|60.50|900404
11006|49.00|61.00|900401
11006|49.00|61.00|900402
11006|49.00|61.00|900403
11006|49.00|61.00|900404
11006|49.50|61.50|900401
11006|49.50|61.50|900402
11006|49.50|61.50|900403
11006|49.50|61.50|900404
11007|50.00|62.00|900401
11007|50.00|62.00|900402
11007|50.00|62.00|900403
11007|50.00|62.00|900404
11007|50.50|62.50|900401
11007|50.50|62.50|900402
11007|50.50|62.50|900403
11007|50.50|62.50|900404
11007|51.00|63.00|900401
11007|51.00|63.00|900402
11007|51.00|63.00|900403
11007|51.00|63.00|900404
11007|51.50|63.50|900401
11007|51.50|63.50|900402
11007|51.50|63.50|900403
11007|51.50|63.50|900404
11006|52.00|64.00|900401
11006|52.00|64.00|900402
11006|52.00|64.00|900403
11006|52.00|64.00|900404
11006|52.50|64.50|900401
11006|52.50|64.50|900402
11006|52.50|64.50|900403
11006|52.50|64.50|900404
11006|53.00|65.00|900401
11006|53.00|65.00|900402
11006|53.00|65.00|900403
11006|53.00|65.00|900404
#tide_44415_2
65.00
11024|0.00|20.00|900405
14025|4.00|24.00|900405
11024|8.00|28.00|900405
14025|12.00|32.00|900405
11024|16.00|36.00|900405
14025|20.00|40.00|900405
11024|24.00|44.00|900405
14025|28.00|48.00|900405
11024|32.00|52.00|900405
14025|36.00|56.00|900405
11024|40.00|60.00|900405
14025|44.00|64.00|900405
11085|2.00|17.00|900406
11085|2.00|17.00|900407
11085|2.50|17.50|900406
11085|2.50|17.50|900407
11085|3.00|18.00|900406
11085|3.00|18.00|900407
11085|3.50|18.50|900406
11085|3.50|18.50|900407
11085|4.00|19.00|900406
11085|4.00|19.00|900407
11085|4.50|19.50|900406
11085|4.50|19.50|900407
11085|5.00|20.00|900406
11085|5.00|20.00|900407
11085|5.50|20.50|900406
11085|5.50|20.50|900407
11085|6.00|21.00|900406
11085|6.00|21.00|900407
11085|6.50|21.50|900406
11085|6.50|21.50|900407
11085|7.00|22.00|900406
11085|7.00|22.00|900407
11085|7.50|22.50|900406
11085|7.50|22.50|900407
11085|8.00|23.00|900406
11085|8.00|23.00|900407
11085|8.50|23.50|900406
11085|8.50|23.50|900407
11085|9.00|24.00|900406
11085|9.00|24.00|900407
11085|9.50|24.50|900406
11085|9.50|24.50|900407
11085|10.00|25.00|900406
11085|10.00|25.00|900407
11085|10.50|25.50|900406
11085|10.50|25.50|900407
11085|11.00|26.00|900406
11085|11.00|26.00|900407
11085|11.50|26.50|900406
11085|11.50|26.50|900407
11085|12.00|27.00|900406
11085|12.00|27.00|900407
11085|12.50|27.50|900406
11085|12.50|27.50|900407
11085|13.00|28.00|900406
11085|13.00|28.00|900407
11085|13.50|28.50|900406
11085|13.50|28.50|900407
11085|14.00|29.00|900406
11085|14.00|29.00|900407
11085|14.50|29.50|900406
11085|14.50|29.50|900407
11085|15.00|30.00|900406
11085|15.00|30.00|900407
11085|15.50|30.50|900406
11085|15.50|30.50|900407
11085|16.00|31.00|900406
11085|16.00|31.00|900407
11085|16.50|31.50|900406
11085|16.50|31.50|900407
11085|17.00|32.00|900406
11085|17.00|32.00|900407
11085|17.50|32.50|900406
11085|17.50|32.50|900407
11085|18.00|33.00|900406
11085|18.00|33.00|900407
11085|18.50|33.50|900406
11085|18.50|33.50|900407
11085|19.00|34.00|900406
11085|19.00|34.00|900407
11085|19.50|34.50|900406
11085|19.50|34.50|900407
11085|20.00|35.00|900406
11085|20.00|35.00|900407
11085|20.50|35.50|900406
11085|20.50|35.50|900407
11085|21.00|36.00|900406
11085|21.00|36.00|900407
11085|21.50|36.50|900406
11085|21.50|36.50|900407
11085|22.00|37.00|900406
11085|22.00|37.00|900407
11085|22.50|37.50|900406
11085|22.50|37.50|900407
11085|23.00|38.00|900406
11085|23.00|38.00|900407
11085|23.50|38.50|900406
11085|23.50|38.50|900407
11085|24.00|39.00|900406
11085|24.00|39.00|900407
11085|24.50|39.50|900406
11085|24.50|39.50|900407
11085|25.00|40.00|900406
11085|25.00|40.00|900407
11085|25.50|40.50|900406
11085|25.50|40.50|900407
11085|26.00|41.00|900406
11085|26.00|41.00|900407
11085|26.50|41.50|900406
11085|26.50|41.50|900407
11085|27.00|42.00|900406
11085|27.00|42.00|900407
11085|27.50|42.50|900406
11085|27.50|42.50|900407
11085|28.00|43.00|900406
11085|28.00|43.00|900407
11085|28.50|43.50|900406
11085|28.50|43.50|900407
11085|29.00|44.00|900406
11085|29.00|44.00|900407
11085|29.50|44.50|900406
11085|29.50|44.50|900407
11085|30.00|45.00|900406
11085|30.00|45.00|900407
11085|30.50|45.50|900406
11085|30.50|45.50|900407
11085|31.00|46.00|900406
11085|31.00|46.00|900407
11085|31.50|46.50|900406
11085|31.50|46.50|900407
11085|32.00|47.00|900406
11085|32.00|47.00|900407
11085|32.50|47.50|900406
11085|32.50|47.50|900407
11085|33.00|48.00|900406
11085|33.00|48.00|900407
11085|33.50|48.50|900406
11085|33.50|48.50|900407
11085|34.00|49.00|900406
11085|34.00|49.00|900407
11085|34.50|49.50|900406
11085|34.50|49.50|900407
11085|35.00|50.00|900406
11085|35.00|50.00|900407
11085|35.50|50.50|900406
11085|35.50|50.50|900407
11085|36.00|51.00|900406
11085|36.00|51.00|900407
11085|36.50|51.50|900406
11085|36.50|51.50|900407
11085|37.00|52.00|900406
11085|37.00|52.00|900407
11085|37.50|52.50|900406
11085|37.50|52.50|900407
11085|38.00|53.00|900406
11085|38.00|53.00|900407
11085|38.50|53.50|900406
11085|38.50|53.50|900407
11085|39.00|54.00|900406
11085|39.00|54.00|900407
11085|39.50|54.50|900406
11085|39.50|54.50|900407
11085|40.00|55.00|900406
11085|40.00|55.00|900407
11085|40.50|55.50|900406
11085|40.50|55.50|900407
11085|41.00|56.00|900406
11085|41.00|56.00|900407
11085|41.50|56.50|900406
11085|41.50|56.50|900407
11085|42.00|57.00|900406
11085|42.00|57.00|900407
11085|42.50|57.50|900406
11085|42.50|57.50|900407
11085|43.00|58.00|900406
11085|43.00|58.00|900407
11085|43.50|58.50|900406
11085|43.50|58.50|900407
11085|44.00|59.00|900406
11085|44.00|59.00|900407
11085|44.50|59.50|900406
11085|44.50|59.50|900407
11085|45.00|60.00|900406
11085|45.00|60.00|900407
11085|45.50|60.50|900406
11085|45.50|60.50|900407
11085|46.00|61.00|900406
11085|46.00|61.00|900407
11085|46.50|61.50|900406
11085|46.50|61.50|900407
11085|47.00|62.00|900406
11085|47.00|62.00|900407
11085|47.50|62.50|900406
11085|47.50|62.50|900407
11085|48.00|63.00|900406
11085|48.00|63.00|900407
11085|48.50|63.50|900406
11085|48.50|63.50|900407
11085|49.00|64.00|900406
11085|49.00|64.00|900407
11085|49.50|64.50|900406
11085|49.50|64.50|900407
11085|50.00|65.00|900406
11085|50.00|65.00|900407
#tide_44415_3
66.00
78229|0.00|30.00|1011072
65119|25.00|43.00|1010362
60118|35.00|65.00|1010442
11016|0.00|30.00|1004801
11016|0.00|30.00|1004652
11016|0.00|30.00|1004603
11016|0.00|30.00|1004754
11016|0.00|30.00|1004761
11016|4.00|34.00|1004752
11016|4.00|34.00|1004633
11016|4.00|34.00|1004804
11016|4.00|34.00|1004881
11016|4.00|34.00|1004872
11016|8.00|38.00|1004653
11016|8.00|38.00|1004664
11016|8.00|38.00|1004821
11016|8.00|38.00|1004722
11016|8.00|38.00|1004653
11016|12.00|42.00|1004654
11016|12.00|42.00|1004721
11016|12.00|42.00|1004692
11016|12.00|42.00|1004783
11016|12.00|42.00|1004834
11016|16.00|46.00|1004881
11016|16.00|46.00|1004632
11016|16.00|46.00|1004843
11016|16.00|46.00|1004874
11016|16.00|46.00|1004641
11016|20.00|50.00|1004812
11016|20.00|50.00|1004613
11016|20.00|50.00|1004884
11016|20.00|50.00|1004661
11016|20.00|50.00|1004782
11016|24.00|54.00|1004843
11016|24.00|54.00|1004794
11016|24.00|54.00|1004801
11016|24.00|54.00|1004752
11016|24.00|54.00|1004623
11016|28.00|58.00|1004654
11016|28.00|58.00|1004761
11016|28.00|58.00|1004652
11016|28.00|58.00|1004713
11016|28.00|58.00|1004824
11016|32.00|62.00|1004711
11016|32.00|62.00|1004682
11016|32.00|62.00|1004703
11016|32.00|62.00|1004694
11016|32.00|62.00|1004741
11016|36.00|66.00|1004722
11016|36.00|66.00|1004633
11016|36.00|66.00|1004744
11016|36.00|66.00|1004881
11016|36.00|66.00|1004772
#tide_44415_4
65.00
11025|0.00|20.00|900405
11026|4.00|24.00|900405
11025|8.00|28.00|900405
11026|12.00|32.00|900405
11025|16.00|36.00|900405
11026|20.00|40.00|900405
11025|24.00|44.00|900405
11026|28.00|48.00|900405
11025|32.00|52.00|900405
11026|36.00|56.00|900405
11025|40.00|60.00|900405
11026|44.00|64.00|900405
11007|2.00|14.00|900408
11007|2.00|14.00|900409
11006|2.00|14.00|900410
11006|2.00|14.00|900411
11007|3.00|15.00|900408
11007|3.00|15.00|900409
11006|3.00|15.00|900410
11006|3.00|15.00|900411
11007|4.00|16.00|900408
11007|4.00|16.00|900409
11006|4.00|16.00|900410
11006|4.00|16.00|900411
11007|5.00|17.00|900408
11007|5.00|17.00|900409
11006|5.00|17.00|900410
11006|5.00|17.00|900411
11007|6.00|18.00|900408
11007|6.00|18.00|900409
11006|6.00|18.00|900410
11006|6.00|18.00|900411
11007|7.00|19.00|900408
11007|7.00|19.00|900409
11006|7.00|19.00|900410
11006|7.00|19.00|900411
11007|8.00|20.00|900408
11007|8.00|20.00|900409
11006|8.00|20.00|900410
11006|8.00|20.00|900411
11007|9.00|21.00|900408
11007|9.00|21.00|900409
11006|9.00|21.00|900410
11006|9.00|21.00|900411
11007|10.00|22.00|900408
11007|10.00|22.00|900409
11006|10.00|22.00|900410
11006|10.00|22.00|900411
11007|11.00|23.00|900408
11007|11.00|23.00|900409
11006|11.00|23.00|900410
11006|11.00|23.00|900411
11007|12.00|24.00|900408
11007|12.00|24.00|900409
11006|12.00|24.00|900410
11006|12.00|24.00|900411
11007|13.00|25.00|900408
11007|13.00|25.00|900409
11006|13.00|25.00|900410
11006|13.00|25.00|900411
11007|14.00|26.00|900408
11007|14.00|26.00|900409
11006|14.00|26.00|900410
11006|14.00|26.00|900411
11007|15.00|27.00|900408
11007|15.00|27.00|900409
11006|15.00|27.00|900410
11006|15.00|27.00|900411
11007|16.00|28.00|900408
11007|16.00|28.00|900409
11006|16.00|28.00|900410
11006|16.00|28.00|900411
11007|17.00|29.00|900408
11007|17.00|29.00|900409
11006|17.00|29.00|900410
11006|17.00|29.00|900411
11007|18.00|30.00|900408
11007|18.00|30.00|900409
11006|18.00|30.00|900410
11006|18.00|30.00|900411
11007|19.00|31.00|900408
11007|19.00|31.00|900409
11006|19.00|31.00|900410
11006|19.00|31.00|900411
11007|20.00|32.00|900408
11007|20.00|32.00|900409
11006|20.00|32.00|900410
11006|20.00|32.00|900411
11007|21.00|33.00|900408
11007|21.00|33.00|900409
11006|21.00|33.00|900410
11006|21.00|33.00|900411
11007|22.00|34.00|900408
11007|22.00|34.00|900409
11006|22.00|34.00|900410
11006|22.00|34.00|900411
11007|23.00|35.00|900408
11007|23.00|35.00|900409
11006|23.00|35.00|900410
11006|23.00|35.00|900411
11007|24.00|36.00|900408
11007|24.00|36.00|900409
11006|24.00|36.00|900410
11006|24.00|36.00|900411
11007|25.00|37.00|900408
11007|25.00|37.00|900409
11006|25.00|37.00|900410
11006|25.00|37.00|900411
11007|26.00|38.00|900408
11007|26.00|38.00|900409
11006|26.00|38.00|900410
11006|26.00|38.00|900411
11007|27.00|39.00|900408
11007|27.00|39.00|900409
11006|27.00|39.00|900410
11006|27.00|39.00|900411
11007|28.00|40.00|900408
11007|28.00|40.00|900409
11006|28.00|40.00|900410
11006|28.00|40.00|900411
11007|29.00|41.00|900408
11007|29.00|41.00|900409
11006|29.00|41.00|900410
11006|29.00|41.00|900411
11007|30.00|42.00|900408
11007|30.00|42.00|900409
11006|30.00|42.00|900410
11006|30.00|42.00|900411
11007|31.00|43.00|900408
11007|31.00|43.00|900409
11006|31.00|43.00|900410
11006|31.00|43.00|900411
11007|32.00|44.00|900408
11007|32.00|44.00|900409
11006|32.00|44.00|900410
11006|32.00|44.00|900411
11007|33.00|45.00|900408
11007|33.00|45.00|900409
11006|33.00|45.00|900410
11006|33.00|45.00|900411
11007|34.00|46.00|900408
11007|34.00|46.00|900409
11006|34.00|46.00|900410
11006|34.00|46.00|900411
11007|35.00|47.00|900408
11007|35.00|47.00|900409
11006|35.00|47.00|900410
11006|35.00|47.00|900411
11007|36.00|48.00|900408
11007|36.00|48.00|900409
11006|36.00|48.00|900410
11006|36.00|48.00|900411
11007|37.00|49.00|900408
11007|37.00|49.00|900409
11006|37.00|49.00|900410
11006|37.00|49.00|900411
11007|38.00|50.00|900408
11007|38.00|50.00|900409
11006|38.00|50.00|900410
11006|38.00|50.00|900411
11007|39.00|51.00|900408
11007|39.00|51.00|900409
11006|39.00|51.00|900410
11006|39.00|51.00|900411
11007|40.00|52.00|900408
11007|40.00|52.00|900409
11006|40.00|52.00|900410
11006|40.00|52.00|900411
11007|41.00|53.00|900408
11007|41.00|53.00|900409
11006|41.00|53.00|900410
11006|41.00|53.00|900411
11007|42.00|54.00|900408
11007|42.00|54.00|900409
11006|42.00|54.00|900410
11006|42.00|54.00|900411
11007|43.00|55.00|900408
11007|43.00|55.00|900409
11006|43.00|55.00|900410
11006|43.00|55.00|900411
11007|44.00|56.00|900408
11007|44.00|56.00|900409
11006|44.00|56.00|900410
11006|44.00|56.00|900411
11007|45.00|57.00|900408
11007|45.00|57.00|900409
11006|45.00|57.00|900410
11006|45.00|57.00|900411
11007|46.00|58.00|900408
11007|46.00|58.00|900409
11006|46.00|58.00|900410
11006|46.00|58.00|900411
11007|47.00|59.00|900408
11007|47.00|59.00|900409
11006|47.00|59.00|900410
11006|47.00|59.00|900411
11007|48.00|60.00|900408
11007|48.00|60.00|900409
11006|48.00|60.00|900410
11006|48.00|60.00|900411
11007|49.00|61.00|900408
11007|49.00|61.00|900409
11006|49.00|61.00|900410
11006|49.00|61.00|900411
11007|50.00|62.00|900408
11007|50.00|62.00|900409
11006|50.00|62.00|900410
11006|50.00|62.00|900411
11007|51.00|63.00|900408
11007|51.00|63.00|900409
11006|51.00|63.00|900410
11006|51.00|63.00|900411
11007|52.00|64.00|900408
11007|52.00|64.00|900409
11006|52.00|64.00|900410
11006|52.00|64.00|900411
11007|53.00|65.00|900408
11007|53.00|65.00|900409
11006|53.00|65.00|900410
11006|53.00|65.00|900411
#tide_44415_5
65.00
60118|0.00|65.00|900451
11231|0.00|65.00|900452
11085|0.00|42.00|900412
11085|0.00|42.00|900413
11085|0.50|42.50|900412
11085|0.50|42.50|900413
11085|1.00|43.00|900412
11085|1.00|43.00|900413
11085|1.50|43.50|900412
11085|1.50|43.50|900413
11085|2.00|44.00|900412
11085|2.00|44.00|900413
11085|2.50|44.50|900412
11085|2.50|44.50|900413
11085|3.00|45.00|900412
11085|3.00|45.00|900413
11085|3.50|45.50|900412
11085|3.50|45.50|900413
11085|4.00|46.00|900412
11085|4.00|46.00|900413
11085|4.50|46.50|900412
11085|4.50|46.50|900413
11085|5.00|47.00|900412
11085|5.00|47.00|900413
11085|5.50|47.50|900412
11085|5.50|47.50|900413
11085|6.00|48.00|900412
11085|6.00|48.00|900413
11085|6.50|48.50|900412
11085|6.50|48.50|900413
11085|7.00|49.00|900412
11085|7.00|49.00|900413
11085|7.50|49.50|900412
11085|7.50|49.50|900413
11085|8.00|50.00|900412
11085|8.00|50.00|900413
11085|8.50|50.50|900412
11085|8.50|50.50|900413
11085|9.00|51.00|900412
11085|9.00|51.00|900413
11085|9.50|51.50|900412
11085|9.50|51.50|900413
11085|10.00|52.00|900412
11085|10.00|52.00|900413
11085|10.50|52.50|900412
11085|10.50|52.50|900413
11085|11.00|53.00|900412
11085|11.00|53.00|900413
11085|11.50|53.50|900412
11085|11.50|53.50|900413
11085|12.00|54.00|900412
11085|12.00|54.00|900413
11085|12.50|54.50|900412
11085|12.50|54.50|900413
11085|13.00|55.00|900412
11085|13.00|55.00|900413
11085|13.50|55.50|900412
11085|13.50|55.50|900413
11085|14.00|56.00|900412
11085|14.00|56.00|900413
11085|14.50|56.50|900412
11085|14.50|56.50|900413
11085|15.00|57.00|900412
11085|15.00|57.00|900413
11085|15.50|57.50|900412
11085|15.50|57.50|900413
11085|16.00|58.00|900412
11085|16.00|58.00|900413
11085|16.50|58.50|900412
11085|16.50|58.50|900413
11085|17.00|59.00|900412
11085|17.00|59.00|900413
11085|17.50|59.50|900412
11085|17.50|59.50|900413
11085|18.00|60.00|900412
11085|18.00|60.00|900413
11085|18.50|60.50|900412
11085|18.50|60.50|900413
11085|19.00|61.00|900412
11085|19.00|61.00|900413
11085|19.50|61.50|900412
11085|19.50|61.50|900413
11085|20.00|62.00|900412
11085|20.00|62.00|900413
11085|20.50|62.50|900412
11085|20.50|62.50|900413
11085|21.00|63.00|900412
11085|21.00|63.00|900413
11085|21.50|63.50|900412
11085|21.50|63.50|900413
11085|22.00|64.00|900412
11085|22.00|64.00|900413
11085|22.50|64.50|900412
11085|22.50|64.50|900413
11085|23.00|65.00|900412
11085|23.00|65.00|900413
11007|0.00|42.00|900414
11007|0.00|42.00|900415
11007|0.50|42.50|900414
11007|0.50|42.50|900415
11007|1.00|43.00|900414
11007|1.00|43.00|900415
11007|1.50|43.50|900414
11007|1.50|43.50|900415
11007|2.00|44.00|900414
11007|2.00|44.00|900415
11007|2.50|44.50|900414
11007|2.50|44.50|900415
11007|3.00|45.00|900414
11007|3.00|45.00|900415
11007|3.50|45.50|900414
11007|3.50|45.50|900415
11007|4.00|46.00|900414
11007|4.00|46.00|900415
11007|4.50|46.50|900414
11007|4.50|46.50|900415
11007|5.00|47.00|900414
11007|5.00|47.00|900415
11007|5.50|47.50|900414
11007|5.50|47.50|900415
11007|6.00|48.00|900414
11007|6.00|48.00|900415
11007|6.50|48.50|900414
11007|6.50|48.50|900415
11007|7.00|49.00|900414
11007|7.00|49.00|900415
11007|7.50|49.50|900414
11007|7.50|49.50|900415
11007|8.00|50.00|900414
11007|8.00|50.00|900415
11007|8.50|50.50|900414
11007|8.50|50.50|900415
11007|9.00|51.00|900414
11007|9.00|51.00|900415
11007|9.50|51.50|900414
11007|9.50|51.50|900415
11007|10.00|52.00|900414
11007|10.00|52.00|900415
11007|10.50|52.50|900414
11007|10.50|52.50|900415
11007|11.00|53.00|900414
11007|11.00|53.00|900415
11007|11.50|53.50|900414
11007|11.50|53.50|900415
11007|12.00|54.00|900414
11007|12.00|54.00|900415
11007|12.50|54.50|900414
11007|12.50|54.50|900415
11007|13.00|55.00|900414
11007|13.00|55.00|900415
11007|13.50|55.50|900414
11007|13.50|55.50|900415
11007|14.00|56.00|900414
11007|14.00|56.00|900415
11007|14.50|56.50|900414
11007|14.50|56.50|900415
11007|15.00|57.00|900414
11007|15.00|57.00|900415
11007|15.50|57.50|900414
11007|15.50|57.50|900415
11007|16.00|58.00|900414
11007|16.00|58.00|900415
11007|16.50|58.50|900414
11007|16.50|58.50|900415
11007|17.00|59.00|900414
11007|17.00|59.00|900415
11007|17.50|59.50|900414
11007|17.50|59.50|900415
11007|18.00|60.00|900414
11007|18.00|60.00|900415
11007|18.50|60.50|900414
11007|18.50|60.50|900415
11007|19.00|61.00|900414
11007|19.00|61.00|900415
11007|19.50|61.50|900414
11007|19.50|61.50|900415
11007|20.00|62.00|900414
11007|20.00|62.00|900415
11007|20.50|62.50|900414
11007|20.50|62.50|900415
11007|21.00|63.00|900414
11007|21.00|63.00|900415
11007|21.50|63.50|900414
11007|21.50|63.50|900415
11007|22.00|64.00|900414
11007|22.00|64.00|900415
11007|22.50|64.50|900414
11007|22.50|64.50|900415
11007|23.00|65.00|900414
11007|23.00|65.00|900415
#tide_44415_6
65.00
11006|0.00|16.00|900416
11006|0.00|16.00|900418
11006|0.00|16.00|900422
11006|0.00|16.00|900424
11006|1.00|17.00|900416
11006|1.00|17.00|900418
11006|1.00|17.00|900422
11006|1.00|17.00|900424
11006|2.00|18.00|900416
11006|2.00|18.00|900418
11006|2.00|18.00|900422
11006|2.00|18.00|900424
11006|3.00|19.00|900416
11006|3.00|19.00|900418
11006|3.00|19.00|900422
11006|3.00|19.00|900424
11006|4.00|20.00|900416
11006|4.00|20.00|900418
11006|4.00|20.00|900422
11006|4.00|20.00|900424
11006|5.00|21.00|900416
11006|5.00|21.00|900418
11006|5.00|21.00|900422
11006|5.00|21.00|900424
11006|6.00|22.00|900416
11006|6.00|22.00|900418
11006|6.00|22.00|900422
11006|6.00|22.00|900424
11006|7.00|23.00|900416
11006|7.00|23.00|900418
11006|7.00|23.00|900422
11006|7.00|23.00|900424
11006|8.00|24.00|900416
11006|8.00|24.00|900418
11006|8.00|24.00|900422
11006|8.00|24.00|900424
11006|9.00|25.00|900416
11006|9.00|25.00|900418
11006|9.00|25.00|900422
11006|9.00|25.00|900424
11006|10.00|26.00|900416
11006|10.00|26.00|900418
11006|10.00|26.00|900422
11006|10.00|26.00|900424
11006|11.00|27.00|900416
11006|11.00|27.00|900418
11006|11.00|27.00|900422
11006|11.00|27.00|900424
11006|12.00|28.00|900416
11006|12.00|28.00|900418
11006|12.00|28.00|900422
11006|12.00|28.00|900424
11006|13.00|29.00|900416
11006|13.00|29.00|900418
11006|13.00|29.00|900422
11006|13.00|29.00|900424
11006|14.00|30.00|900416
11006|14.00|30.00|900418
11006|14.00|30.00|900422
11006|14.00|30.00|900424
11006|15.00|31.00|900416
11006|15.00|31.00|900418
11006|15.00|31.00|900422
11006|15.00|31.00|900424
11006|16.00|32.00|900416
11006|16.00|32.00|900418
11006|16.00|32.00|900422
11006|16.00|32.00|900424
11006|17.00|33.00|900416
11006|17.00|33.00|900418
11006|17.00|33.00|900422
11006|17.00|33.00|900424
11006|18.00|34.00|900416
11006|18.00|34.00|900418
11006|18.00|34.00|900422
11006|18.00|34.00|900424
11006|19.00|35.00|900416
11006|19.00|35.00|900418
11006|19.00|35.00|900422
11006|19.00|35.00|900424
11006|20.00|36.00|900416
11006|20.00|36.00|900418
11006|20.00|36.00|900422
11006|20.00|36.00|900424
11006|21.00|37.00|900416
11006|21.00|37.00|900418
11006|21.00|37.00|900422
11006|21.00|37.00|900424
11006|22.00|38.00|900416
11006|22.00|38.00|900418
11006|22.00|38.00|900422
11006|22.00|38.00|900424
11006|23.00|39.00|900416
11006|23.00|39.00|900418
11006|23.00|39.00|900422
11006|23.00|39.00|900424
11006|24.00|40.00|900416
11006|24.00|40.00|900418
11006|24.00|40.00|900422
11006|24.00|40.00|900424
11006|25.00|41.00|900416
11006|25.00|41.00|900418
11006|25.00|41.00|900422
11006|25.00|41.00|900424
11006|26.00|42.00|900416
11006|26.00|42.00|900418
11006|26.00|42.00|900422
11006|26.00|42.00|900424
11006|27.00|43.00|900416
11006|27.00|43.00|900418
11006|27.00|43.00|900422
11006|27.00|43.00|900424
11006|28.00|44.00|900416
11006|28.00|44.00|900418
11006|28.00|44.00|900422
11006|28.00|44.00|900424
11006|29.00|45.00|900416
11006|29.00|45.00|900418
11006|29.00|45.00|900422
11006|29.00|45.00|900424
11006|30.00|46.00|900416
11006|30.00|46.00|900418
11006|30.00|46.00|900422
11006|30.00|46.00|900424
11006|31.00|47.00|900416
11006|31.00|47.00|900418
11006|31.00|47.00|900422
11006|31.00|47.00|900424
11006|32.00|48.00|900416
11006|32.00|48.00|900418
11006|32.00|48.00|900422
11006|32.00|48.00|900424
11006|33.00|49.00|900416
11006|33.00|49.00|900418
11006|33.00|49.00|900422
11006|33.00|49.00|900424
11006|34.00|50.00|900416
11006|34.00|50.00|900418
11006|34.00|50.00|900422
11006|34.00|50.00|900424
11006|35.00|51.00|900416
11006|35.00|51.00|900418
11006|35.00|51.00|900422
11006|35.00|51.00|900424
11006|36.00|52.00|900416
11006|36.00|52.00|900418
11006|36.00|52.00|900422
11006|36.00|52.00|900424
11006|37.00|53.00|900416
11006|37.00|53.00|900418
11006|37.00|53.00|900422
11006|37.00|53.00|900424
11006|38.00|54.00|900416
11006|38.00|54.00|900418
11006|38.00|54.00|900422
11006|38.00|54.00|900424
11006|39.00|55.00|900416
11006|39.00|55.00|900418
11006|39.00|55.00|900422
11006|39.00|55.00|900424
11006|40.00|56.00|900416
11006|40.00|56.00|900418
11006|40.00|56.00|900422
11006|40.00|56.00|900424
11006|41.00|57.00|900416
11006|41.00|57.00|900418
11006|41.00|57.00|900422
11006|41.00|57.00|900424
11006|42.00|58.00|900416
11006|42.00|58.00|900418
11006|42.00|58.00|900422
11006|42.00|58.00|900424
11006|43.00|59.00|900416
11006|43.00|59.00|900418
11006|43.00|59.00|900422
11006|43.00|59.00|900424
11006|44.00|60.00|900416
11006|44.00|60.00|900418
11006|44.00|60.00|900422
11006|44.00|60.00|900424
11006|45.00|61.00|900416
11006|45.00|61.00|900418
11006|45.00|61.00|900422
11006|45.00|61.00|900424
11006|46.00|62.00|900416
11006|46.00|62.00|900418
11006|46.00|62.00|900422
11006|46.00|62.00|900424
11006|47.00|63.00|900416
11006|47.00|63.00|900418
11006|47.00|63.00|900422
11006|47.00|63.00|900424
11006|48.00|64.00|900416
11006|48.00|64.00|900418
11006|48.00|64.00|900422
11006|48.00|64.00|900424
11006|49.00|65.00|900416
11006|49.00|65.00|900418
11006|49.00|65.00|900422
11006|49.00|65.00|900424
11024|0.00|16.00|900417
11024|0.00|16.00|900423
14024|4.00|20.00|900417
14024|4.00|20.00|900423
11024|8.00|24.00|900417
11024|8.00|24.00|900423
14024|12.00|28.00|900417
14024|12.00|28.00|900423
11024|16.00|32.00|900417
11024|16.00|32.00|900423
14024|20.00|36.00|900417
14024|20.00|36.00|900423
11024|24.00|40.00|900417
11024|24.00|40.00|900423
14024|28.00|44.00|900417
14024|28.00|44.00|900423
11024|32.00|48.00|900417
11024|32.00|48.00|900423
14024|36.00|52.00|900417
14024|36.00|52.00|900423
11024|40.00|56.00|900417
11024|40.00|56.00|900423
14024|44.00|60.00|900417
14024|44.00|60.00|900423
11024|48.00|64.00|900417
11024|48.00|64.00|900423
11017|0.00|16.00|900419
11017|0.00|16.00|900421
11017|2.00|18.00|900419
11017|2.00|18.00|900421
11027|4.50|20.50|900420
11017|7.00|23.00|900419
11017|7.00|23.00|900421
11017|9.00|25.00|900419
11017|9.00|25.00|900421
11027|11.50|27.50|900420
11017|14.00|30.00|900419
11017|14.00|30.00|900421
11017|16.00|32.00|900419
11017|16.00|32.00|900421
11027|18.50|34.50|900420
11017|21.00|37.00|900419
11017|21.00|37.00|900421
11017|23.00|39.00|900419
11017|23.00|39.00|900421
11027|25.50|41.50|900420
11017|28.00|44.00|900419
11017|28.00|44.00|900421
11017|30.00|46.00|900419
11017|30.00|46.00|900421
11027|32.50|48.50|900420
11017|35.00|51.00|900419
11017|35.00|51.00|900421
11017|37.00|53.00|900419
11017|37.00|53.00|900421
11027|39.50|55.50|900420
11017|42.00|58.00|900419
11017|42.00|58.00|900421
11017|44.00|60.00|900419
11017|44.00|60.00|900421
11027|46.50|62.50|900420
11017|49.00|65.00|900419
11017|49.00|65.00|900421
#tide_44415_7
65.00
60118|0.00|65.00|900453
11007|0.00|40.00|900425
11007|0.00|40.00|900426
11085|0.00|40.00|900427
11085|0.00|40.00|900428
11007|0.50|40.50|900425
11007|0.50|40.50|900426
11085|0.50|40.50|900427
11085|0.50|40.50|900428
11007|1.00|41.00|900425
11007|1.00|41.00|900426
11085|1.00|41.00|900427
11085|1.00|41.00|900428
11007|1.50|41.50|900425
11007|1.50|41.50|900426
11085|1.50|41.50|900427
11085|1.50|41.50|900428
11007|2.00|42.00|900425
11007|2.00|42.00|900426
11085|2.00|42.00|900427
11085|2.00|42.00|900428
11007|2.50|42.50|900425
11007|2.50|42.50|900426
11085|2.50|42.50|900427
11085|2.50|42.50|900428
11007|3.00|43.00|900425
11007|3.00|43.00|900426
11085|3.00|43.00|900427
11085|3.00|43.00|900428
11007|3.50|43.50|900425
11007|3.50|43.50|900426
11085|3.50|43.50|900427
11085|3.50|43.50|900428
11007|4.00|44.00|900425
11007|4.00|44.00|900426
11085|4.00|44.00|900427
11085|4.00|44.00|900428
11007|4.50|44.50|900425
11007|4.50|44.50|900426
11085|4.50|44.50|900427
11085|4.50|44.50|900428
11007|5.00|45.00|900425
11007|5.00|45.00|900426
11085|5.00|45.00|900427
11085|5.00|45.00|900428
11007|5.50|45.50|900425
11007|5.50|45.50|900426
11085|5.50|45.50|900427
11085|5.50|45.50|900428
11007|6.00|46.00|900425
11007|6.00|46.00|900426
11085|6.00|46.00|900427
11085|6.00|46.00|900428
11007|6.50|46.50|900425
11007|6.50|46.50|900426
11085|6.50|46.50|900427
11085|6.50|46.50|900428
11007|7.00|47.00|900425
11007|7.00|47.00|900426
11085|7.00|47.00|900427
11085|7.00|47.00|900428
11007|7.50|47.50|900425
11007|7.50|47.50|900426
11085|7.50|47.50|900427
11085|7.50|47.50|900428
11007|8.00|48.00|900425
11007|8.00|48.00|900426
11085|8.00|48.00|900427
11085|8.00|48.00|900428
11007|8.50|48.50|900425
11007|8.50|48.50|900426
11085|8.50|48.50|900427
11085|8.50|48.50|900428
11007|9.00|49.00|900425
11007|9.00|49.00|900426
11085|9.00|49.00|900427
11085|9.00|49.00|900428
11007|9.50|49.50|900425
11007|9.50|49.50|900426
11085|9.50|49.50|900427
11085|9.50|49.50|900428
11007|10.00|50.00|900425
11007|10.00|50.00|900426
11085|10.00|50.00|900427
11085|10.00|50.00|900428
11007|10.50|50.50|900425
11007|10.50|50.50|900426
11085|10.50|50.50|900427
11085|10.50|50.50|900428
11007|11.00|51.00|900425
11007|11.00|51.00|900426
11085|11.00|51.00|900427
11085|11.00|51.00|900428
11007|11.50|51.50|900425
11007|11.50|51.50|900426
11085|11.50|51.50|900427
11085|11.50|51.50|900428
11007|12.00|52.00|900425
11007|12.00|52.00|900426
11085|12.00|52.00|900427
11085|12.00|52.00|900428
11007|12.50|52.50|900425
11007|12.50|52.50|900426
11085|12.50|52.50|900427
11085|12.50|52.50|900428
11007|13.00|53.00|900425
11007|13.00|53.00|900426
11085|13.00|53.00|900427
11085|13.00|53.00|900428
11007|13.50|53.50|900425
11007|13.50|53.50|900426
11085|13.50|53.50|900427
11085|13.50|53.50|900428
11007|14.00|54.00|900425
11007|14.00|54.00|900426
11085|14.00|54.00|900427
11085|14.00|54.00|900428
11007|14.50|54.50|900425
11007|14.50|54.50|900426
11085|14.50|54.50|900427
11085|14.50|54.50|900428
11007|15.00|55.00|900425
11007|15.00|55.00|900426
11085|15.00|55.00|900427
11085|15.00|55.00|900428
11007|15.50|55.50|900425
11007|15.50|55.50|900426
11085|15.50|55.50|900427
11085|15.50|55.50|900428
11007|16.00|56.00|900425
11007|16.00|56.00|900426
11085|16.00|56.00|900427
11085|16.00|56.00|900428
11007|16.50|56.50|900425
11007|16.50|56.50|900426
11085|16.50|56.50|900427
11085|16.50|56.50|900428
11007|17.00|57.00|900425
11007|17.00|57.00|900426
11085|17.00|57.00|900427
11085|17.00|57.00|900428
11007|17.50|57.50|900425
11007|17.50|57.50|900426
11085|17.50|57.50|900427
11085|17.50|57.50|900428
11007|18.00|58.00|900425
11007|18.00|58.00|900426
11085|18.00|58.00|900427
11085|18.00|58.00|900428
11007|18.50|58.50|900425
11007|18.50|58.50|900426
11085|18.50|58.50|900427
11085|18.50|58.50|900428
11007|19.00|59.00|900425
11007|19.00|59.00|900426
11085|19.00|59.00|900427
11085|19.00|59.00|900428
11007|19.50|59.50|900425
11007|19.50|59.50|900426
11085|19.50|59.50|900427
11085|19.50|59.50|900428
11007|20.00|60.00|900425
11007|20.00|60.00|900426
11085|20.00|60.00|900427
11085|20.00|60.00|900428
11007|20.50|60.50|900425
11007|20.50|60.50|900426
11085|20.50|60.50|900427
11085|20.50|60.50|900428
11007|21.00|61.00|900425
11007|21.00|61.00|900426
11085|21.00|61.00|900427
11085|21.00|61.00|900428
11007|21.50|61.50|900425
11007|21.50|61.50|900426
11085|21.50|61.50|900427
11085|21.50|61.50|900428
11007|22.00|62.00|900425
11007|22.00|62.00|900426
11085|22.00|62.00|900427
11085|22.00|62.00|900428
11007|22.50|62.50|900425
11007|22.50|62.50|900426
11085|22.50|62.50|900427
11085|22.50|62.50|900428
11007|23.00|63.00|900425
11007|23.00|63.00|900426
11085|23.00|63.00|900427
11085|23.00|63.00|900428
11007|23.50|63.50|900425
11007|23.50|63.50|900426
11085|23.50|63.50|900427
11085|23.50|63.50|900428
11007|24.00|64.00|900425
11007|24.00|64.00|900426
11085|24.00|64.00|900427
11085|24.00|64.00|900428
11007|24.50|64.50|900425
11007|24.50|64.50|900426
11085|24.50|64.50|900427
11085|24.50|64.50|900428
11007|25.00|65.00|900425
11007|25.00|65.00|900426
11085|25.00|65.00|900427
11085|25.00|65.00|900428
#tide_44415_8
65.00
11007|0.00|15.00|900429
11007|0.00|15.00|900430
11007|0.00|15.00|900431
11007|0.00|15.00|900432
11007|0.00|15.00|900433
11007|0.00|15.00|900434
11007|0.00|15.00|900435
11007|0.00|15.00|900436
11007|0.00|15.00|900437
11007|0.00|15.00|900438
11007|0.00|15.00|900439
11007|0.00|15.00|900440
11007|0.00|15.00|900441
11007|0.00|15.00|900442
11007|0.00|15.00|900443
11007|0.00|15.00|900444
11007|0.00|15.00|900445
11007|0.00|15.00|900446
11007|0.00|15.00|900447
11007|0.00|15.00|900448
11007|0.00|15.00|900449
60118|0.00|15.00|900450
11006|5.00|20.00|900429
11006|5.00|20.00|900430
11006|5.00|20.00|900431
11006|5.00|20.00|900432
11006|5.00|20.00|900433
11006|5.00|20.00|900434
11006|5.00|20.00|900435
11006|5.00|20.00|900436
11006|5.00|20.00|900437
11006|5.00|20.00|900438
11006|5.00|20.00|900439
11006|5.00|20.00|900440
11006|5.00|20.00|900441
11006|5.00|20.00|900442
11006|5.00|20.00|900443
11006|5.00|20.00|900444
11006|5.00|20.00|900445
11006|5.00|20.00|900446
11006|5.00|20.00|900447
11006|5.00|20.00|900448
11006|5.00|20.00|900449
79230|5.00|20.00|900450
11007|10.00|25.00|900429
11007|10.00|25.00|900430
11007|10.00|25.00|900431
11007|10.00|25.00|900432
11007|10.00|25.00|900433
11007|10.00|25.00|900434
11007|10.00|25.00|900435
11007|10.00|25.00|900436
11007|10.00|25.00|900437
11007|10.00|25.00|900438
11007|10.00|25.00|900439
11007|10.00|25.00|900440
11007|10.00|25.00|900441
11007|10.00|25.00|900442
11007|10.00|25.00|900443
11007|10.00|25.00|900444
11007|10.00|25.00|900445
11007|10.00|25.00|900446
11007|10.00|25.00|900447
11007|10.00|25.00|900448
11007|10.00|25.00|900449
60118|10.00|25.00|900450
11006|15.00|30.00|900429
11006|15.00|30.00|900430
11006|15.00|30.00|900431
11006|15.00|30.00|900432
11006|15.00|30.00|900433
11006|15.00|30.00|900434
11006|15.00|30.00|900435
11006|15.00|30.00|900436
11006|15.00|30.00|900437
11006|15.00|30.00|900438
11006|15.00|30.00|900439
11006|15.00|30.00|900440
11006|15.00|30.00|900441
11006|15.00|30.00|900442
11006|15.00|30.00|900443
11006|15.00|30.00|900444
11006|15.00|30.00|900445
11006|15.00|30.00|900446
11006|15.00|30.00|900447
11006|15.00|30.00|900448
11006|15.00|30.00|900449
79230|15.00|30.00|900450
11007|20.00|35.00|900429
11007|20.00|35.00|900430
11007|20.00|35.00|900431
11007|20.00|35.00|900432
11007|20.00|35.00|900433
11007|20.00|35.00|900434
11007|20.00|35.00|900435
11007|20.00|35.00|900436
11007|20.00|35.00|900437
11007|20.00|35.00|900438
11007|20.00|35.00|900439
11007|20.00|35.00|900440
11007|20.00|35.00|900441
11007|20.00|35.00|900442
11007|20.00|35.00|900443
11007|20.00|35.00|900444
11007|20.00|35.00|900445
11007|20.00|35.00|900446
11007|20.00|35.00|900447
11007|20.00|35.00|900448
11007|20.00|35.00|900449
60118|20.00|35.00|900450
11006|25.00|40.00|900429
11006|25.00|40.00|900430
11006|25.00|40.00|900431
11006|25.00|40.00|900432
11006|25.00|40.00|900433
11006|25.00|40.00|900434
11006|25.00|40.00|900435
11006|25.00|40.00|900436
11006|25.00|40.00|900437
11006|25.00|40.00|900438
11006|25.00|40.00|900439
11006|25.00|40.00|900440
11006|25.00|40.00|900441
11006|25.00|40.00|900442
11006|25.00|40.00|900443
11006|25.00|40.00|900444
11006|25.00|40.00|900445
11006|25.00|40.00|900446
11006|25.00|40.00|900447
11006|25.00|40.00|900448
11006|25.00|40.00|900449
79230|25.00|40.00|900450
11007|30.00|45.00|900429
11007|30.00|45.00|900430
11007|30.00|45.00|900431
11007|30.00|45.00|900432
11007|30.00|45.00|900433
11007|30.00|45.00|900434
11007|30.00|45.00|900435
11007|30.00|45.00|900436
11007|30.00|45.00|900437
11007|30.00|45.00|900438
11007|30.00|45.00|900439
11007|30.00|45.00|900440
11007|30.00|45.00|900441
11007|30.00|45.00|900442
11007|30.00|45.00|900443
11007|30.00|45.00|900444
11007|30.00|45.00|900445
11007|30.00|45.00|900446
11007|30.00|45.00|900447
11007|30.00|45.00|900448
11007|30.00|45.00|900449
60118|30.00|45.00|900450
11006|35.00|50.00|900429
11006|35.00|50.00|900430
11006|35.00|50.00|900431
11006|35.00|50.00|900432
11006|35.00|50.00|900433
11006|35.00|50.00|900434
11006|35.00|50.00|900435
11006|35.00|50.00|900436
11006|35.00|50.00|900437
11006|35.00|50.00|900438
11006|35.00|50.00|900439
11006|35.00|50.00|900440
11006|35.00|50.00|900441
11006|35.00|50.00|900442
11006|35.00|50.00|900443
11006|35.00|50.00|900444
11006|35.00|50.00|900445
11006|35.00|50.00|900446
11006|35.00|50.00|900447
11006|35.00|50.00|900448
11006|35.00|50.00|900449
79230|35.00|50.00|900450
11007|40.00|55.00|900429
11007|40.00|55.00|900430
11007|40.00|55.00|900431
11007|40.00|55.00|900432
11007|40.00|55.00|900433
11007|40.00|55.00|900434
11007|40.00|55.00|900435
11007|40.00|55.00|900436
11007|40.00|55.00|900437
11007|40.00|55.00|900438
11007|40.00|55.00|900439
11007|40.00|55.00|900440
11007|40.00|55.00|900441
11007|40.00|55.00|900442
11007|40.00|55.00|900443
11007|40.00|55.00|900444
11007|40.00|55.00|900445
11007|40.00|55.00|900446
11007|40.00|55.00|900447
11007|40.00|55.00|900448
11007|40.00|55.00|900449
60118|40.00|55.00|900450
11006|45.00|60.00|900429
11006|45.00|60.00|900430
11006|45.00|60.00|900431
11006|45.00|60.00|900432
11006|45.00|60.00|900433
11006|45.00|60.00|900434
11006|45.00|60.00|900435
11006|45.00|60.00|900436
11006|45.00|60.00|900437
11006|45.00|60.00|900438
11006|45.00|60.00|900439
11006|45.00|60.00|900440
11006|45.00|60.00|900441
11006|45.00|60.00|900442
11006|45.00|60.00|900443
11006|45.00|60.00|900444
11006|45.00|60.00|900445
11006|45.00|60.00|900446
11006|45.00|60.00|900447
11006|45.00|60.00|900448
11006|45.00|60.00|900449
79230|45.00|60.00|900450
11007|50.00|65.00|900429
11007|50.00|65.00|900430
11007|50.00|65.00|900431
11007|50.00|65.00|900432
11007|50.00|65.00|900433
11007|50.00|65.00|900434
11007|50.00|65.00|900435
11007|50.00|65.00|900436
11007|50.00|65.00|900437
11007|50.00|65.00|900438
11007|50.00|65.00|900439
11007|50.00|65.00|900440
11007|50.00|65.00|900441
11007|50.00|65.00|900442
11007|50.00|65.00|900443
11007|50.00|65.00|900444
11007|50.00|65.00|900445
11007|50.00|65.00|900446
11007|50.00|65.00|900447
11007|50.00|65.00|900448
11007|50.00|65.00|900449
60118|50.00|65.00|900450
#tide_44415_9
61.50
11027|0.00|40.00|1006721
11027|0.50|40.50|1006722
11027|1.00|41.00|1006663
11027|1.50|41.50|1006664
11027|10.00|50.00|1006641
11027|10.50|50.50|1006622
11027|11.00|51.00|1006723
11027|11.50|51.50|1006664
11027|20.00|60.00|1006601
11027|20.50|60.50|1006622
11027|21.00|61.00|1006683
11027|21.50|61.50|1006674
11025|0.00|30.00|1005791
11025|0.50|30.50|1005812
11025|1.00|31.00|1005823
11025|1.50|31.50|1005694
11025|10.00|40.00|1005821
11025|10.50|40.50|1005692
11025|11.00|41.00|1005803
11025|11.50|41.50|1005724
11025|20.00|50.00|1005691
11025|20.50|50.50|1005752
11025|21.00|51.00|1005803
11025|21.50|51.50|1005714
11025|30.00|60.00|1005691
11025|30.50|60.50|1005792
11025|31.00|61.00|1005733
11025|31.50|61.50|1005714
