#activity_11099_1
16.14
11099|0.00|16.14|31099
#activity_11099_2
25.21
11099|0.00|25.21|11089
#activity_11099_3
22.73
11099|0.00|22.73|21089
#activity_11099_4
23.61
11099|0.00|23.61|31089
#activity_11099_5
22.64
11099|0.00|22.64|41089
#activity_11099_6
15.38
11099|0.00|15.38|40099
#activity_11099_7
16.14
11099|0.00|16.14|21099
#activity_11099_8
16.14
11099|0.00|16.14|41099
#activity_28050_1
45.89
28050|0.00|45.89|10979
#activity_28050_10
45.52
28050|0.00|45.52|20981
#activity_28050_11
45.68
28050|0.00|45.68|30981
#activity_28050_12
45.64
28050|0.00|45.64|40981
#activity_28050_13
51.55
28050|0.00|51.55|10982
#activity_28050_14
51.63
28050|0.00|51.63|20982
#activity_28050_15
51.56
28050|0.00|51.56|30982
#activity_28050_16
51.55
28050|0.00|51.55|40982
#activity_28050_2
45.79
28050|0.00|45.79|20979
#activity_28050_3
45.94
28050|0.00|45.94|30979
#activity_28050_4
46.28
28050|0.00|46.28|40979
#activity_28050_5
45.66
28050|0.00|45.66|10980
#activity_28050_6
45.88
28050|0.00|45.88|20980
#activity_28050_7
45.80
28050|0.00|45.80|30980
#activity_28050_8
45.88
28050|0.00|45.88|40980
#activity_28050_9
45.58
28050|0.00|45.58|10981
#activity_28051_1
45.36
28051|0.00|45.36|10983
#activity_28051_10
45.44
28051|0.00|45.44|20985
#activity_28051_11
45.68
28051|0.00|45.68|30985
#activity_28051_12
45.66
28051|0.00|45.66|40985
#activity_28051_13
51.00
28051|0.00|51.00|10986
#activity_28051_14
50.57
28051|0.00|50.57|20986
#activity_28051_15
50.63
28051|0.00|50.63|30986
#activity_28051_16
51.07
28051|0.00|51.07|40986
#activity_28051_2
45.36
28051|0.00|45.36|20983
#activity_28051_3
45.46
28051|0.00|45.46|30983
#activity_28051_4
45.85
28051|0.00|45.85|40983
#activity_28051_5
45.72
28051|0.00|45.72|10984
#activity_28051_6
45.75
28051|0.00|45.75|20984
#activity_28051_7
45.70
28051|0.00|45.70|30984
#activity_28051_8
45.62
28051|0.00|45.62|40984
#activity_28051_9
45.47
28051|0.00|45.47|10985
#activity_28052_1
45.35
28052|0.00|45.35|10987
#activity_28052_10
45.61
28052|0.00|45.61|20989
#activity_28052_11
45.59
28052|0.00|45.59|30989
#activity_28052_12
45.55
28052|0.00|45.55|40989
#activity_28052_13
50.61
28052|0.00|50.61|10990
#activity_28052_14
50.60
28052|0.00|50.60|20990
#activity_28052_15
50.61
28052|0.00|50.61|30990
#activity_28052_16
50.71
28052|0.00|50.71|40990
#activity_28052_2
45.33
28052|0.00|45.33|20987
#activity_28052_3
45.39
28052|0.00|45.39|30987
#activity_28052_4
45.84
28052|0.00|45.84|40987
#activity_28052_5
45.70
28052|0.00|45.70|10988
#activity_28052_6
45.79
28052|0.00|45.79|20988
#activity_28052_7
45.75
28052|0.00|45.75|30988
#activity_28052_8
45.66
28052|0.00|45.66|40988
#activity_28052_9
45.59
28052|0.00|45.59|10989
#activity_28053_1
45.40
28053|0.00|45.40|10991
#activity_28053_10
45.51
28053|0.00|45.51|20993
#activity_28053_11
45.61
28053|0.00|45.61|30993
#activity_28053_12
45.61
28053|0.00|45.61|40993
#activity_28053_13
50.62
28053|0.00|50.62|10994
#activity_28053_14
50.62
28053|0.00|50.62|20994
#activity_28053_15
50.65
28053|0.00|50.65|30994
#activity_28053_16
50.59
28053|0.00|50.59|40994
#activity_28053_2
45.35
28053|0.00|45.35|20991
#activity_28053_3
45.48
28053|0.00|45.48|30991
#activity_28053_4
45.40
28053|0.00|45.40|40991
#activity_28053_5
45.65
28053|0.00|45.65|10992
#activity_28053_6
45.86
28053|0.00|45.86|20992
#activity_28053_7
45.78
28053|0.00|45.78|30992
#activity_28053_8
45.78
28053|0.00|45.78|40992
#activity_28053_9
45.48
28053|0.00|45.48|10993
#activity_40099_1
16.14
40099|0.00|16.14|31099
#activity_40099_2
25.21
40099|0.00|25.21|11089
#activity_40099_3
22.73
40099|0.00|22.73|21089
#activity_40099_4
23.61
40099|0.00|23.61|31089
#activity_40099_5
22.64
40099|0.00|22.64|41089
#activity_40099_6
15.38
40099|0.00|15.38|40099
#activity_40099_7
16.14
40099|0.00|16.14|21099
#activity_40099_8
16.14
40099|0.00|16.14|41099
#activity_41099_1
16.14
41099|0.00|16.14|31099
#activity_41099_2
25.21
41099|0.00|25.21|11089
#activity_41099_3
22.73
41099|0.00|22.73|21089
#activity_41099_4
23.61
41099|0.00|23.61|31089
#activity_41099_5
22.64
41099|0.00|22.64|41089
#activity_41099_6
16.14
41099|0.00|16.14|41099
#activity_41099_7
16.14
41099|0.00|16.14|21099
#activity_41099_8
16.14
41099|0.00|16.14|41099
#activity_42099_1
16.14
42099|0.00|16.14|31099
#activity_42099_2
25.21
42099|0.00|25.21|11089
#activity_42099_3
22.73
42099|0.00|22.73|21089
#activity_42099_4
23.61
42099|0.00|23.61|31089
#activity_42099_5
22.64
42099|0.00|22.64|41089
#activity_42099_6
16.14
42099|0.00|16.14|41099
#activity_42099_7
16.14
42099|0.00|16.14|21099
#activity_42099_8
16.14
42099|0.00|16.14|41099
#activity_43099_1
16.14
43099|0.00|16.14|31099
#activity_43099_2
25.21
43099|0.00|25.21|11089
#activity_43099_3
22.73
43099|0.00|22.73|21089
#activity_43099_4
23.61
43099|0.00|23.61|31089
#activity_43099_5
22.64
43099|0.00|22.64|41089
#activity_43099_6
16.14
43099|0.00|16.14|41099
#activity_43099_7
16.14
43099|0.00|16.14|21099
#activity_43099_8
16.14
43099|0.00|16.14|41099
#activity_44001_1
43.99
28050|0.00|42.85|50384
28050|0.00|42.90|50385
28050|0.00|43.99|50386
28050|0.00|43.99|50387
#activity_44001_10
51.47
28051|0.00|48.53|50388
28051|0.00|48.19|50389
28051|0.00|51.47|50390
28051|0.00|51.41|50391
#activity_44001_11
49.11
28050|0.00|46.10|50392
28050|0.00|48.00|50393
28050|0.00|49.11|50394
28050|0.00|44.66|50395
#activity_44001_12
49.11
28051|0.00|46.10|50392
28050|0.00|48.00|50393
28050|0.00|49.11|50394
28050|0.00|44.66|50395
#activity_44001_13
49.11
28051|0.00|46.10|50392
28050|0.00|48.00|50393
28051|0.00|49.11|50394
28050|0.00|44.66|50395
#activity_44001_14
49.11
28051|0.00|46.10|50392
28050|0.00|48.00|50393
28051|0.00|49.11|50394
28051|0.00|44.66|50395
#activity_44001_15
49.11
28051|0.00|46.10|50392
28051|0.00|48.00|50393
28051|0.00|49.11|50394
28051|0.00|44.66|50395
#activity_44001_16
42.77
28050|0.00|42.77|50396
28050|0.00|42.00|50397
28050|0.00|39.22|50398
28050|0.00|39.27|50399
#activity_44001_17
42.77
28050|0.00|42.77|50396
28050|0.00|42.00|50397
28051|0.00|39.22|50398
28050|0.00|39.27|50399
#activity_44001_18
42.77
28050|0.00|42.77|50396
28050|0.00|42.00|50397
28051|0.00|39.22|50398
28051|0.00|39.27|50399
#activity_44001_19
42.77
28050|0.00|42.77|50396
28051|0.00|42.00|50397
28051|0.00|39.22|50398
28051|0.00|39.27|50399
#activity_44001_2
43.99
28050|0.00|42.85|50384
28051|0.00|42.90|50385
28050|0.00|43.99|50386
28050|0.00|43.99|50387
#activity_44001_20
42.77
28051|0.00|42.77|50396
28051|0.00|42.00|50397
28051|0.00|39.22|50398
28051|0.00|39.27|50399
#activity_44001_21
43.33
28050|0.00|43.26|50400
28050|0.00|43.33|50401
28050|0.00|43.26|50402
28050|0.00|43.19|50403
#activity_44001_22
43.33
28050|0.00|43.26|50400
28050|0.00|43.33|50401
28051|0.00|43.26|50402
28050|0.00|43.19|50403
#activity_44001_23
43.33
28050|0.00|43.26|50400
28051|0.00|43.33|50401
28051|0.00|43.26|50402
28050|0.00|43.19|50403
#activity_44001_24
43.33
28051|0.00|43.26|50400
28051|0.00|43.33|50401
28051|0.00|43.26|50402
28050|0.00|43.19|50403
#activity_44001_25
43.33
28051|0.00|43.26|50400
28051|0.00|43.33|50401
28051|0.00|43.26|50402
28051|0.00|43.19|50403
#activity_44001_26
45.89
28050|0.00|45.03|50404
28050|0.00|43.25|50405
28050|0.00|42.99|50406
28050|0.00|45.89|50407
#activity_44001_27
45.89
28051|0.00|45.03|50404
28050|0.00|43.25|50405
28050|0.00|42.99|50406
28050|0.00|45.89|50407
#activity_44001_28
45.89
28051|0.00|45.03|50404
28050|0.00|43.25|50405
28051|0.00|42.99|50406
28050|0.00|45.89|50407
#activity_44001_29
45.89
28051|0.00|45.03|50404
28050|0.00|43.25|50405
28051|0.00|42.99|50406
28051|0.00|45.89|50407
#activity_44001_3
43.99
28050|0.00|42.85|50384
28051|0.00|42.90|50385
28051|0.00|43.99|50386
28050|0.00|43.99|50387
#activity_44001_30
45.89
28051|0.00|45.03|50404
28051|0.00|43.25|50405
28051|0.00|42.99|50406
28051|0.00|45.89|50407
#activity_44001_4
43.99
28051|0.00|42.85|50384
28051|0.00|42.90|50385
28051|0.00|43.99|50386
28050|0.00|43.99|50387
#activity_44001_5
43.99
28051|0.00|42.85|50384
28051|0.00|42.90|50385
28051|0.00|43.99|50386
28051|0.00|43.99|50387
#activity_44001_6
51.47
28050|0.00|48.53|50388
28050|0.00|48.19|50389
28050|0.00|51.47|50390
28050|0.00|51.41|50391
#activity_44001_7
51.47
28050|0.00|48.53|50388
28050|0.00|48.19|50389
28050|0.00|51.47|50390
28051|0.00|51.41|50391
#activity_44001_8
51.47
28051|0.00|48.53|50388
28050|0.00|48.19|50389
28050|0.00|51.47|50390
28051|0.00|51.41|50391
#activity_44001_9
51.47
28051|0.00|48.53|50388
28051|0.00|48.19|50389
28050|0.00|51.47|50390
28051|0.00|51.41|50391
#activity_44002_1
43.99
28052|0.00|42.85|50384
28052|0.00|42.90|50385
28052|0.00|43.99|50386
28052|0.00|43.99|50387
#activity_44002_10
51.47
28053|0.00|48.53|50388
28053|0.00|48.19|50389
28053|0.00|51.47|50390
28053|0.00|51.41|50391
#activity_44002_11
49.11
28052|0.00|46.10|50392
28052|0.00|48.00|50393
28052|0.00|49.11|50394
28052|0.00|44.66|50395
#activity_44002_12
49.11
28052|0.00|46.10|50392
28053|0.00|48.00|50393
28052|0.00|49.11|50394
28052|0.00|44.66|50395
#activity_44002_13
49.11
28052|0.00|46.10|50392
28053|0.00|48.00|50393
28053|0.00|49.11|50394
28052|0.00|44.66|50395
#activity_44002_14
49.11
28053|0.00|46.10|50392
28053|0.00|48.00|50393
28053|0.00|49.11|50394
28052|0.00|44.66|50395
#activity_44002_15
49.11
28053|0.00|46.10|50392
28053|0.00|48.00|50393
28053|0.00|49.11|50394
28053|0.00|44.66|50395
#activity_44002_16
42.77
28052|0.00|42.77|50396
28052|0.00|42.00|50397
28052|0.00|39.22|50398
28052|0.00|39.27|50399
#activity_44002_17
42.77
28052|0.00|42.77|50396
28052|0.00|42.00|50397
28053|0.00|39.22|50398
28052|0.00|39.27|50399
#activity_44002_18
42.77
28053|0.00|42.77|50396
28052|0.00|42.00|50397
28053|0.00|39.22|50398
28052|0.00|39.27|50399
#activity_44002_19
42.77
28053|0.00|42.77|50396
28053|0.00|42.00|50397
28053|0.00|39.22|50398
28052|0.00|39.27|50399
#activity_44002_2
43.99
28053|0.00|42.85|50384
28052|0.00|42.90|50385
28052|0.00|43.99|50386
28052|0.00|43.99|50387
#activity_44002_20
42.77
28053|0.00|42.77|50396
28053|0.00|42.00|50397
28053|0.00|39.22|50398
28053|0.00|39.27|50399
#activity_44002_21
43.33
28052|0.00|43.26|50400
28052|0.00|43.33|50401
28052|0.00|43.26|50402
28052|0.00|43.19|50403
#activity_44002_22
43.33
28052|0.00|43.26|50400
28052|0.00|43.33|50401
28052|0.00|43.26|50402
28053|0.00|43.19|50403
#activity_44002_23
43.33
28052|0.00|43.26|50400
28053|0.00|43.33|50401
28052|0.00|43.26|50402
28053|0.00|43.19|50403
#activity_44002_24
43.33
28053|0.00|43.26|50400
28053|0.00|43.33|50401
28052|0.00|43.26|50402
28053|0.00|43.19|50403
#activity_44002_25
43.33
28053|0.00|43.26|50400
28053|0.00|43.33|50401
28053|0.00|43.26|50402
28053|0.00|43.19|50403
#activity_44002_26
45.89
28052|0.00|45.03|50404
28052|0.00|43.25|50405
28052|0.00|42.99|50406
28052|0.00|45.89|50407
#activity_44002_27
45.89
28052|0.00|45.03|50404
28053|0.00|43.25|50405
28052|0.00|42.99|50406
28052|0.00|45.89|50407
#activity_44002_28
45.89
28052|0.00|45.03|50404
28053|0.00|43.25|50405
28053|0.00|42.99|50406
28052|0.00|45.89|50407
#activity_44002_29
45.89
28052|0.00|45.03|50404
28053|0.00|43.25|50405
28053|0.00|42.99|50406
28053|0.00|45.89|50407
#activity_44002_3
43.99
28053|0.00|42.85|50384
28052|0.00|42.90|50385
28052|0.00|43.99|50386
28053|0.00|43.99|50387
#activity_44002_30
45.89
28053|0.00|45.03|50404
28053|0.00|43.25|50405
28053|0.00|42.99|50406
28053|0.00|45.89|50407
#activity_44002_4
43.99
28053|0.00|42.85|50384
28053|0.00|42.90|50385
28052|0.00|43.99|50386
28053|0.00|43.99|50387
#activity_44002_5
43.99
28053|0.00|42.85|50384
28053|0.00|42.90|50385
28053|0.00|43.99|50386
28053|0.00|43.99|50387
#activity_44002_6
51.47
28052|0.00|48.53|50388
28052|0.00|48.19|50389
28052|0.00|51.47|50390
28052|0.00|51.41|50391
#activity_44002_7
51.47
28052|0.00|48.53|50388
28052|0.00|48.19|50389
28052|0.00|51.47|50390
28053|0.00|51.41|50391
#activity_44002_8
51.47
28052|0.00|48.53|50388
28052|0.00|48.19|50389
28053|0.00|51.47|50390
28053|0.00|51.41|50391
#activity_44002_9
51.47
28053|0.00|48.53|50388
28052|0.00|48.19|50389
28053|0.00|51.47|50390
28053|0.00|51.41|50391
#activity_44003_1
43.99
28070|0.00|42.85|50384
28070|0.00|42.90|50385
28070|0.00|43.99|50386
28070|0.00|43.99|50387
#activity_44003_10
51.47
28071|0.00|48.53|50388
28071|0.00|48.19|50389
28071|0.00|51.47|50390
28071|0.00|51.41|50391
#activity_44003_11
49.11
28070|0.00|46.10|50392
28070|0.00|48.00|50393
28070|0.00|49.11|50394
28070|0.00|44.66|50395
#activity_44003_12
49.11
28070|0.00|46.10|50392
28071|0.00|48.00|50393
28070|0.00|49.11|50394
28070|0.00|44.66|50395
#activity_44003_13
49.11
28070|0.00|46.10|50392
28071|0.00|48.00|50393
28071|0.00|49.11|50394
28070|0.00|44.66|50395
#activity_44003_14
49.11
28071|0.00|46.10|50392
28071|0.00|48.00|50393
28071|0.00|49.11|50394
28070|0.00|44.66|50395
#activity_44003_15
49.11
28071|0.00|46.10|50392
28071|0.00|48.00|50393
28071|0.00|49.11|50394
28071|0.00|44.66|50395
#activity_44003_16
42.77
28070|0.00|42.77|50396
28070|0.00|42.00|50397
28070|0.00|39.22|50398
28070|0.00|39.27|50399
#activity_44003_17
42.77
28070|0.00|42.77|50396
28070|0.00|42.00|50397
28071|0.00|39.22|50398
28070|0.00|39.27|50399
#activity_44003_18
42.77
28070|0.00|42.77|50396
28071|0.00|42.00|50397
28071|0.00|39.22|50398
28070|0.00|39.27|50399
#activity_44003_19
42.77
28071|0.00|42.77|50396
28071|0.00|42.00|50397
28071|0.00|39.22|50398
28070|0.00|39.27|50399
#activity_44003_2
43.99
28070|0.00|42.85|50384
28071|0.00|42.90|50385
28070|0.00|43.99|50386
28070|0.00|43.99|50387
#activity_44003_20
42.77
28071|0.00|42.77|50396
28071|0.00|42.00|50397
28071|0.00|39.22|50398
28071|0.00|39.27|50399
#activity_44003_21
43.33
28070|0.00|43.26|50400
28070|0.00|43.33|50401
28070|0.00|43.26|50402
28070|0.00|43.19|50403
#activity_44003_22
43.33
28070|0.00|43.26|50400
28070|0.00|43.33|50401
28071|0.00|43.26|50402
28070|0.00|43.19|50403
#activity_44003_23
43.33
28071|0.00|43.26|50400
28070|0.00|43.33|50401
28071|0.00|43.26|50402
28070|0.00|43.19|50403
#activity_44003_24
43.33
28071|0.00|43.26|50400
28070|0.00|43.33|50401
28071|0.00|43.26|50402
28071|0.00|43.19|50403
#activity_44003_25
43.33
28071|0.00|43.26|50400
28071|0.00|43.33|50401
28071|0.00|43.26|50402
28071|0.00|43.19|50403
#activity_44003_26
45.89
28070|0.00|45.03|50404
28070|0.00|43.25|50405
28070|0.00|42.99|50406
28070|0.00|45.89|50407
#activity_44003_27
45.89
28071|0.00|45.03|50404
28070|0.00|43.25|50405
28070|0.00|42.99|50406
28070|0.00|45.89|50407
#activity_44003_28
45.89
28071|0.00|45.03|50404
28070|0.00|43.25|50405
28070|0.00|42.99|50406
28071|0.00|45.89|50407
#activity_44003_29
45.89
28071|0.00|45.03|50404
28071|0.00|43.25|50405
28070|0.00|42.99|50406
28071|0.00|45.89|50407
#activity_44003_3
43.99
28070|0.00|42.85|50384
28071|0.00|42.90|50385
28071|0.00|43.99|50386
28070|0.00|43.99|50387
#activity_44003_30
45.89
28071|0.00|45.03|50404
28071|0.00|43.25|50405
28071|0.00|42.99|50406
28071|0.00|45.89|50407
#activity_44003_4
43.99
28071|0.00|42.85|50384
28071|0.00|42.90|50385
28071|0.00|43.99|50386
28070|0.00|43.99|50387
#activity_44003_5
43.99
28071|0.00|42.85|50384
28071|0.00|42.90|50385
28071|0.00|43.99|50386
28071|0.00|43.99|50387
#activity_44003_6
51.47
28070|0.00|48.53|50388
28070|0.00|48.19|50389
28070|0.00|51.47|50390
28070|0.00|51.41|50391
#activity_44003_7
51.47
28070|0.00|48.53|50388
28070|0.00|48.19|50389
28070|0.00|51.47|50390
28071|0.00|51.41|50391
#activity_44003_8
51.47
28070|0.00|48.53|50388
28070|0.00|48.19|50389
28071|0.00|51.47|50390
28071|0.00|51.41|50391
#activity_44003_9
51.47
28071|0.00|48.53|50388
28070|0.00|48.19|50389
28071|0.00|51.47|50390
28071|0.00|51.41|50391
#activity_44004_1
43.99
28072|0.00|42.85|50384
28072|0.00|42.90|50385
28072|0.00|43.99|50386
28072|0.00|43.99|50387
#activity_44004_10
51.47
28073|0.00|48.53|50388
28073|0.00|48.19|50389
28073|0.00|51.47|50390
28073|0.00|51.41|50391
#activity_44004_11
49.11
28072|0.00|46.10|50392
28072|0.00|48.00|50393
28072|0.00|49.11|50394
28072|0.00|44.66|50395
#activity_44004_12
49.11
28072|0.00|46.10|50392
28072|0.00|48.00|50393
28073|0.00|49.11|50394
28072|0.00|44.66|50395
#activity_44004_13
49.11
28072|0.00|46.10|50392
28072|0.00|48.00|50393
28073|0.00|49.11|50394
28073|0.00|44.66|50395
#activity_44004_14
49.11
28073|0.00|46.10|50392
28072|0.00|48.00|50393
28073|0.00|49.11|50394
28073|0.00|44.66|50395
#activity_44004_15
49.11
28073|0.00|46.10|50392
28073|0.00|48.00|50393
28073|0.00|49.11|50394
28073|0.00|44.66|50395
#activity_44004_16
42.77
28072|0.00|42.77|50396
28072|0.00|42.00|50397
28072|0.00|39.22|50398
28072|0.00|39.27|50399
#activity_44004_17
42.77
28072|0.00|42.77|50396
28072|0.00|42.00|50397
28073|0.00|39.22|50398
28072|0.00|39.27|50399
#activity_44004_18
42.77
28072|0.00|42.77|50396
28072|0.00|42.00|50397
28073|0.00|39.22|50398
28073|0.00|39.27|50399
#activity_44004_19
42.77
28073|0.00|42.77|50396
28072|0.00|42.00|50397
28073|0.00|39.22|50398
28073|0.00|39.27|50399
#activity_44004_2
43.99
28073|0.00|42.85|50384
28072|0.00|42.90|50385
28072|0.00|43.99|50386
28072|0.00|43.99|50387
#activity_44004_20
42.77
28073|0.00|42.77|50396
28073|0.00|42.00|50397
28073|0.00|39.22|50398
28073|0.00|39.27|50399
#activity_44004_21
43.33
28072|0.00|43.26|50400
28072|0.00|43.33|50401
28072|0.00|43.26|50402
28072|0.00|43.19|50403
#activity_44004_22
43.33
28072|0.00|43.26|50400
28072|0.00|43.33|50401
28072|0.00|43.26|50402
28073|0.00|43.19|50403
#activity_44004_23
43.33
28073|0.00|43.26|50400
28072|0.00|43.33|50401
28072|0.00|43.26|50402
28073|0.00|43.19|50403
#activity_44004_24
43.33
28073|0.00|43.26|50400
28073|0.00|43.33|50401
28072|0.00|43.26|50402
28073|0.00|43.19|50403
#activity_44004_25
43.33
28073|0.00|43.26|50400
28073|0.00|43.33|50401
28073|0.00|43.26|50402
28073|0.00|43.19|50403
#activity_44004_26
45.89
28072|0.00|45.03|50404
28072|0.00|43.25|50405
28072|0.00|42.99|50406
28072|0.00|45.89|50407
#activity_44004_27
45.89
28072|0.00|45.03|50404
28072|0.00|43.25|50405
28072|0.00|42.99|50406
28073|0.00|45.89|50407
#activity_44004_28
45.89
28072|0.00|45.03|50404
28073|0.00|43.25|50405
28072|0.00|42.99|50406
28073|0.00|45.89|50407
#activity_44004_29
45.89
28073|0.00|45.03|50404
28073|0.00|43.25|50405
28072|0.00|42.99|50406
28073|0.00|45.89|50407
#activity_44004_3
43.99
28073|0.00|42.85|50384
28073|0.00|42.90|50385
28072|0.00|43.99|50386
28072|0.00|43.99|50387
#activity_44004_30
45.89
28073|0.00|45.03|50404
28073|0.00|43.25|50405
28073|0.00|42.99|50406
28073|0.00|45.89|50407
#activity_44004_4
43.99
28073|0.00|42.85|50384
28073|0.00|42.90|50385
28073|0.00|43.99|50386
28072|0.00|43.99|50387
#activity_44004_5
43.99
28073|0.00|42.85|50384
28073|0.00|42.90|50385
28073|0.00|43.99|50386
28073|0.00|43.99|50387
#activity_44004_6
51.47
28072|0.00|48.53|50388
28072|0.00|48.19|50389
28072|0.00|51.47|50390
28072|0.00|51.41|50391
#activity_44004_7
51.47
28072|0.00|48.53|50388
28073|0.00|48.19|50389
28072|0.00|51.47|50390
28072|0.00|51.41|50391
#activity_44004_8
51.47
28072|0.00|48.53|50388
28073|0.00|48.19|50389
28073|0.00|51.47|50390
28072|0.00|51.41|50391
#activity_44004_9
51.47
28072|0.00|48.53|50388
28073|0.00|48.19|50389
28073|0.00|51.47|50390
28073|0.00|51.41|50391
#activity_44005_1
43.99
28116|0.00|42.85|50384
28116|0.00|42.90|50385
28116|0.00|43.99|50386
28116|0.00|43.99|50387
#activity_44005_10
51.47
28117|0.00|48.53|50388
28117|0.00|48.19|50389
28117|0.00|51.47|50390
28117|0.00|51.41|50391
#activity_44005_11
49.11
28116|0.00|46.10|50392
28116|0.00|48.00|50393
28116|0.00|49.11|50394
28116|0.00|44.66|50395
#activity_44005_12
49.11
28116|0.00|46.10|50392
28116|0.00|48.00|50393
28117|0.00|49.11|50394
28116|0.00|44.66|50395
#activity_44005_13
49.11
28116|0.00|46.10|50392
28116|0.00|48.00|50393
28117|0.00|49.11|50394
28117|0.00|44.66|50395
#activity_44005_14
49.11
28117|0.00|46.10|50392
28116|0.00|48.00|50393
28117|0.00|49.11|50394
28117|0.00|44.66|50395
#activity_44005_15
49.11
28117|0.00|46.10|50392
28117|0.00|48.00|50393
28117|0.00|49.11|50394
28117|0.00|44.66|50395
#activity_44005_16
42.77
28116|0.00|42.77|50396
28116|0.00|42.00|50397
28116|0.00|39.22|50398
28116|0.00|39.27|50399
#activity_44005_17
42.77
28116|0.00|42.77|50396
28116|0.00|42.00|50397
28117|0.00|39.22|50398
28116|0.00|39.27|50399
#activity_44005_18
42.77
28116|0.00|42.77|50396
28116|0.00|42.00|50397
28117|0.00|39.22|50398
28117|0.00|39.27|50399
#activity_44005_19
42.77
28117|0.00|42.77|50396
28116|0.00|42.00|50397
28117|0.00|39.22|50398
28117|0.00|39.27|50399
#activity_44005_2
43.99
28117|0.00|42.85|50384
28116|0.00|42.90|50385
28116|0.00|43.99|50386
28116|0.00|43.99|50387
#activity_44005_20
42.77
28117|0.00|42.77|50396
28117|0.00|42.00|50397
28117|0.00|39.22|50398
28117|0.00|39.27|50399
#activity_44005_21
43.33
28116|0.00|43.26|50400
28116|0.00|43.33|50401
28116|0.00|43.26|50402
28116|0.00|43.19|50403
#activity_44005_22
43.33
28116|0.00|43.26|50400
28116|0.00|43.33|50401
28116|0.00|43.26|50402
28117|0.00|43.19|50403
#activity_44005_23
43.33
28117|0.00|43.26|50400
28116|0.00|43.33|50401
28116|0.00|43.26|50402
28117|0.00|43.19|50403
#activity_44005_24
43.33
28117|0.00|43.26|50400
28117|0.00|43.33|50401
28116|0.00|43.26|50402
28117|0.00|43.19|50403
#activity_44005_25
43.33
28117|0.00|43.26|50400
28117|0.00|43.33|50401
28117|0.00|43.26|50402
28117|0.00|43.19|50403
#activity_44005_26
45.89
28116|0.00|45.03|50404
28116|0.00|43.25|50405
28116|0.00|42.99|50406
28116|0.00|45.89|50407
#activity_44005_27
45.89
28116|0.00|45.03|50404
28116|0.00|43.25|50405
28116|0.00|42.99|50406
28117|0.00|45.89|50407
#activity_44005_28
45.89
28116|0.00|45.03|50404
28117|0.00|43.25|50405
28116|0.00|42.99|50406
28117|0.00|45.89|50407
#activity_44005_29
45.89
28117|0.00|45.03|50404
28117|0.00|43.25|50405
28116|0.00|42.99|50406
28117|0.00|45.89|50407
#activity_44005_3
43.99
28117|0.00|42.85|50384
28117|0.00|42.90|50385
28116|0.00|43.99|50386
28116|0.00|43.99|50387
#activity_44005_30
45.89
28117|0.00|45.03|50404
28117|0.00|43.25|50405
28117|0.00|42.99|50406
28117|0.00|45.89|50407
#activity_44005_4
43.99
28117|0.00|42.85|50384
28117|0.00|42.90|50385
28117|0.00|43.99|50386
28116|0.00|43.99|50387
#activity_44005_5
43.99
28117|0.00|42.85|50384
28117|0.00|42.90|50385
28117|0.00|43.99|50386
28117|0.00|43.99|50387
#activity_44005_6
51.47
28116|0.00|48.53|50388
28116|0.00|48.19|50389
28116|0.00|51.47|50390
28116|0.00|51.41|50391
#activity_44005_7
51.47
28116|0.00|48.53|50388
28117|0.00|48.19|50389
28116|0.00|51.47|50390
28116|0.00|51.41|50391
#activity_44005_8
51.47
28116|0.00|48.53|50388
28117|0.00|48.19|50389
28117|0.00|51.47|50390
28116|0.00|51.41|50391
#activity_44005_9
51.47
28116|0.00|48.53|50388
28117|0.00|48.19|50389
28117|0.00|51.47|50390
28117|0.00|51.41|50391
#activity_44099_1
16.14
44099|0.00|16.14|31099
#activity_44099_2
25.21
44099|0.00|25.21|11089
#activity_44099_3
22.73
44099|0.00|22.73|21089
#activity_44099_4
23.61
44099|0.00|23.61|31089
#activity_44099_5
22.64
44099|0.00|22.64|41089
#activity_44099_6
16.14
44099|0.00|16.14|41099
#activity_44099_7
16.14
44099|0.00|16.14|21099
#activity_44099_8
16.14
44099|0.00|16.14|41099
