#boss_12027_1
43.40
12027|5.00|43.40|10904
#boss_12027_2
40.40
12027|2.00|40.40|20904
#boss_12027_3
40.40
12027|2.00|40.40|30904
#boss_12027_4
40.40
12027|2.00|40.40|40904
#boss_12028_1
45.00
12028|5.00|45.00|10905
#boss_12028_2
42.00
12028|2.00|42.00|20905
#boss_12028_3
42.00
12028|2.00|42.00|30905
#boss_12028_4
42.00
12028|2.00|42.00|40905
#boss_12029_1
45.40
12029|5.00|45.40|10906
#boss_12029_2
42.40
12029|2.00|42.40|20906
#boss_12029_3
42.40
12029|2.00|42.40|30906
#boss_12029_4
42.40
12029|2.00|42.40|40906
#boss_12030_1
45.80
12030|5.00|45.80|10907
#boss_12030_2
42.80
12030|2.00|42.80|20907
#boss_12030_3
42.80
12030|2.00|42.80|30907
#boss_12030_4
42.80
12030|2.00|42.80|40907
#boss_12031_1
44.20
12031|5.00|44.20|10908
#boss_12031_2
41.20
12031|2.00|41.20|20908
#boss_12031_3
41.20
12031|2.00|41.20|30908
#boss_12031_4
41.20
12031|2.00|41.20|40908
#boss_12032_1
45.70
12032|5.00|45.70|10909
#boss_12032_2
42.70
12032|2.00|42.70|20909
#boss_12032_3
42.70
12032|2.00|42.70|30909
#boss_12032_4
42.70
12032|2.00|42.70|40909
#boss_13029_1
45.40
13029|5.00|45.40|10910
#boss_13029_2
42.40
13029|2.00|42.40|20910
#boss_13029_3
42.40
13029|2.00|42.40|30910
#boss_13029_4
42.40
13029|2.00|42.40|40910
#boss_13031_1
44.45
13031|5.00|44.45|10911
#boss_13031_2
41.45
13031|2.00|41.45|20911
#boss_13031_3
41.45
13031|2.00|41.45|30911
#boss_13031_4
41.45
13031|2.00|41.45|40911
#boss_13032_1
44.20
13032|5.00|44.20|10912
#boss_13032_2
41.20
13032|2.00|41.20|20912
#boss_13032_3
41.20
13032|2.00|41.20|30912
#boss_13032_4
41.20
13032|2.00|41.20|40912
#boss_24028_1
45.00
24028|5.00|45.00|10905
#boss_24028_2
42.00
24028|2.00|42.00|20905
#boss_24028_3
42.00
24028|2.00|42.00|30905
#boss_24028_4
42.00
24028|2.00|42.00|40905
#boss_24029_1
45.40
24029|5.00|45.40|10906
#boss_24029_2
42.40
24029|2.00|42.40|20906
#boss_24029_3
42.40
24029|2.00|42.00|30906
#boss_24029_4
42.40
24029|2.00|42.40|40906
#boss_24030_1
45.80
24030|5.00|45.80|10907
#boss_24030_2
42.80
24030|2.00|42.80|20907
#boss_24030_3
42.80
24030|2.00|42.80|30907
#boss_24030_4
42.80
24030|2.00|42.80|40907
#boss_24031_1
44.45
24031|5.00|44.45|10911
#boss_24031_2
41.45
24031|2.00|41.45|20911
#boss_24031_3
41.45
24031|2.00|41.45|30911
#boss_24031_4
41.45
24031|2.00|41.45|40911
#boss_24032_1
45.70
24032|5.00|45.70|10909
#boss_24032_2
42.70
24032|2.00|42.70|20909
#boss_24032_3
42.70
24032|2.00|42.70|30909
#boss_24032_4
42.70
24032|2.00|42.70|40909
#boss_25028_1
45.00
25028|5.00|45.00|10905
#boss_25028_2
42.00
25028|2.00|42.00|20905
#boss_25028_3
42.00
25028|2.00|42.00|30905
#boss_25028_4
42.00
25028|2.00|42.00|40905
#boss_25029_1
45.40
25029|5.00|45.40|10910
#boss_25029_2
42.40
25029|2.00|42.40|20910
#boss_25029_3
42.40
25029|2.00|42.40|30910
#boss_25029_4
42.40
25029|2.00|42.40|40910
#boss_25030_1
45.80
25030|5.00|45.80|10907
#boss_25030_2
42.80
25030|2.00|42.80|20907
#boss_25030_3
42.80
25030|2.00|42.80|30907
#boss_25030_4
42.80
25030|2.00|42.80|40907
#boss_25031_1
44.45
25031|5.00|44.45|10911
#boss_25031_2
41.45
25031|2.00|41.45|20911
#boss_25031_3
41.45
25031|2.00|41.45|30911
#boss_25031_4
41.45
25031|2.00|41.45|40911
#boss_25032_1
44.20
25032|5.00|44.20|10912
#boss_25032_2
44.20
25032|2.00|44.20|20912
#boss_25032_3
44.20
25032|2.00|44.20|30912
#boss_25032_4
44.20
25032|2.00|44.20|40912
#boss_35027_1
43.40
35027|5.00|43.40|10904
#boss_35027_2
40.40
35027|2.00|40.40|20904
#boss_35027_3
40.40
35027|2.00|40.40|30904
#boss_35027_4
40.40
35027|2.00|40.40|40904
#boss_35028_1
45.00
35028|5.00|45.00|10905
#boss_35028_2
42.00
35028|2.00|42.00|20905
#boss_35028_3
42.00
35028|2.00|42.00|30905
#boss_35028_4
42.00
35028|2.00|42.00|40905
#boss_35030_1
45.80
35030|5.00|45.80|10907
#boss_35030_2
42.80
35030|2.00|42.80|20907
#boss_35030_3
42.80
35030|2.00|42.80|30907
#boss_35030_4
42.80
35030|2.00|42.80|40907
#boss_35031_1
44.20
35031|5.00|44.20|10908
#boss_35031_2
41.20
35031|2.00|41.20|20908
#boss_35031_3
41.20
35031|2.00|41.20|30908
#boss_35031_4
41.20
35031|2.00|41.20|40908
#boss_45031_1
44.45
45031|5.00|44.45|10911
#boss_45031_2
41.45
45031|2.00|41.45|20911
#boss_45031_3
41.45
45031|2.00|41.45|30911
#boss_45031_4
41.45
45031|2.00|41.45|40911
#boss_45032_1
45.70
45032|5.00|45.70|10909
#boss_45032_2
42.70
45032|2.00|42.70|20909
#boss_45032_3
42.70
45032|2.00|42.70|30909
#boss_45032_4
42.70
45032|2.00|42.70|40909
