#buffer_37083_1
15.72
37083|0.00|15.72|500582
#buffer_37083_2
15.74
37083|0.00|15.74|500583
#buffer_37083_3
15.03
37083|0.00|15.03|500584
#buffer_37083_4
15.37
37083|0.00|15.37|500586
#buffer_37083_5
15.00
37083|0.00|15.00|500585
#buffer_37083_6
15.39
37083|0.00|15.39|500587
#buffer_37084_1
15.72
37084|0.00|15.72|500582
#buffer_37084_2
15.74
37084|0.00|15.74|500583
#buffer_37084_3
15.03
37084|0.00|15.03|500584
#buffer_37084_4
15.37
37084|0.00|15.37|500586
#buffer_37084_5
15.00
37084|0.00|15.00|500585
#buffer_37084_6
15.39
37084|0.00|15.39|500587
