#chest_26043_1
102.21
26043|0.00|102.21|10933
#chest_26043_10
87.83
26043|0.00|87.83|20935
#chest_26043_11
87.47
26043|0.00|87.47|30935
#chest_26043_12
87.64
26043|0.00|87.64|40935
#chest_26043_13
118.07
26043|0.00|118.07|10936
#chest_26043_14
118.25
26043|0.00|118.25|20936
#chest_26043_15
117.99
26043|0.00|117.99|30936
#chest_26043_16
118.07
26043|0.00|118.07|40936
#chest_26043_17
130.46
26043|0.00|130.46|10937
#chest_26043_18
130.41
26043|0.00|130.41|20937
#chest_26043_19
130.01
26043|0.00|130.01|30937
#chest_26043_2
102.26
26043|0.00|102.26|20933
#chest_26043_20
130.13
26043|0.00|130.13|40937
#chest_26043_21
94.67
26043|0.00|94.67|10938
#chest_26043_22
94.54
26043|0.00|94.54|20938
#chest_26043_23
94.85
26043|0.00|94.85|30938
#chest_26043_24
94.73
26043|0.00|94.73|40938
#chest_26043_25
93.79
26043|0.00|93.79|10939
#chest_26043_26
94.00
26043|0.00|94.00|20939
#chest_26043_27
94.27
26043|0.00|94.27|30939
#chest_26043_28
94.05
26043|0.00|94.05|40939
#chest_26043_29
102.07
26043|0.00|102.07|10940
#chest_26043_3
102.37
26043|0.00|102.37|30933
#chest_26043_30
102.36
26043|0.00|102.36|20940
#chest_26043_31
102.03
26043|0.00|102.03|30940
#chest_26043_32
102.24
26043|0.00|102.24|40940
#chest_26043_33
117.28
26043|0.00|117.28|10941
#chest_26043_34
117.20
26043|0.00|117.20|20941
#chest_26043_35
117.53
26043|0.00|117.53|30941
#chest_26043_36
117.36
26043|0.00|117.36|40941
#chest_26043_37
121.16
26043|0.00|121.16|10942
#chest_26043_38
121.79
26043|0.00|121.79|20942
#chest_26043_39
122.03
26043|0.00|122.03|30942
#chest_26043_4
102.21
26043|0.00|102.21|40933
#chest_26043_40
121.43
26043|0.00|121.43|40942
#chest_26043_5
107.46
26043|0.00|107.46|10934
#chest_26043_6
107.59
26043|0.00|107.59|20934
#chest_26043_7
107.59
26043|0.00|107.59|30934
#chest_26043_8
107.53
26043|0.00|107.53|40934
#chest_26043_9
87.89
26043|0.00|87.89|10935
