#group_44499_1_1
64.98
11001|5.71|23.69|20011
11001|5.61|23.76|20012
11001|5.71|23.39|20013
11001|5.71|24.08|20014
11001|5.71|23.45|20015
11001|5.71|23.99|20016
11001|6.21|22.76|20017
11001|6.51|23.02|20018
11001|6.21|23.05|20019
11001|6.21|22.97|20020
11001|5.44|22.75|30001
11001|6.24|23.06|30002
11001|6.34|22.87|30003
11001|6.14|24.13|30004
11001|10.65|28.75|10011
11001|10.55|28.68|10012
11001|10.65|28.67|10013
11001|10.65|29.03|10014
11001|10.65|28.37|10015
11001|10.65|29.10|10016
11001|12.01|28.51|20061
11001|12.01|29.21|20062
11001|12.01|27.98|20063
11001|12.01|27.90|20064
11001|12.01|28.53|20065
11007|10.95|35.00|30401
11007|10.95|37.21|30402
11007|10.95|36.42|30403
11007|10.95|36.51|30404
11007|10.95|35.58|30405
11007|17.51|43.21|10416
11007|17.51|41.18|10417
11007|17.51|46.70|10418
11007|17.51|45.98|10419
11007|17.51|44.90|10420
11010|17.44|55.75|20488
11010|17.44|50.01|20489
11007|17.97|47.98|30396
11007|17.97|43.96|30397
11007|17.97|55.56|30398
11007|17.97|51.12|30399
11007|17.97|44.48|30400
11001|17.83|41.04|40071
11001|17.83|40.73|40072
11001|17.83|40.56|40073
11001|17.83|40.03|40074
11001|17.83|40.49|40075
11001|17.83|40.22|40076
11001|18.23|39.83|40077
11007|22.81|42.90|10406
11007|22.81|43.06|10407
11007|22.81|42.55|10408
11007|22.81|42.19|10409
11007|22.81|42.23|10410
11010|22.72|43.76|20486
11010|22.72|50.25|20487
11007|22.46|49.27|30416
11007|22.46|46.17|30417
11007|22.46|52.94|30418
11007|22.46|50.86|30419
11007|22.46|49.91|30420
11010|22.40|43.60|40486
11010|22.40|49.83|40487
11001|28.37|49.55|10041
11001|28.37|49.46|10042
11001|28.37|49.21|10043
11001|28.37|49.69|10044
11001|28.37|50.14|10045
11001|28.37|49.88|10046
11001|28.37|49.31|10047
11007|28.46|57.92|20396
11007|28.46|54.45|20397
11007|28.46|64.98|20398
11007|28.46|62.03|20399
11007|28.46|55.00|20400
11001|28.80|47.00|30011
11001|28.70|46.96|30012
11001|28.80|46.60|30013
11001|28.80|47.02|30014
11001|28.80|46.79|30015
11001|28.80|47.22|30016
11001|29.30|46.01|30017
11010|29.03|50.23|40486
11010|29.03|56.46|40487
#group_44499_1_10
63.42
11010|5.61|35.27|20482
11010|5.61|30.05|20483
11001|5.80|27.10|30041
11001|5.80|27.00|30042
11001|5.80|26.71|30043
11001|5.80|27.09|30044
11001|5.80|27.66|30045
11001|5.80|27.32|30046
11001|5.80|26.75|30047
11007|5.83|35.84|30396
11007|5.83|31.82|30397
11007|5.83|43.42|30398
11007|5.83|38.98|30399
11007|5.83|32.34|30400
11001|10.49|28.59|10011
11001|10.39|28.52|10012
11001|10.49|28.51|10013
11001|10.49|28.87|10014
11001|10.49|28.21|10015
11001|10.49|28.94|10016
11001|10.99|27.56|10017
11001|10.74|27.53|20021
11001|11.16|28.09|20022
11001|11.58|28.45|20023
11001|12.00|28.87|20024
11001|12.42|29.34|20025
11001|12.84|29.77|20026
11001|13.26|30.15|20027
11001|11.23|28.04|40002
11001|11.33|27.96|40003
11001|11.13|29.10|40004
11001|11.03|28.52|40005
11001|10.93|28.02|40006
11001|11.23|27.38|40007
11001|18.14|35.37|10001
11001|18.94|35.80|10002
11001|19.04|35.55|10003
11001|18.84|36.77|10004
11001|18.74|36.29|10005
11001|18.64|35.69|10006
11001|18.94|35.07|10007
11001|18.23|36.30|40011
11001|18.13|36.29|40012
11001|18.23|35.72|40013
11001|18.23|36.51|40014
11001|18.23|36.17|40015
11001|18.23|36.69|40016
11001|18.73|35.37|40017
11001|25.45|46.63|10041
11001|25.45|46.54|10042
11001|25.45|46.29|10043
11001|25.45|46.77|10044
11001|25.45|47.22|10045
11001|25.45|46.96|10046
11001|25.45|46.39|10047
11010|25.86|53.12|20484
11010|25.86|52.44|20485
11007|25.83|55.84|30396
11007|25.83|51.82|30397
11007|25.83|63.42|30398
11007|25.83|58.98|30399
11007|25.83|52.34|30400
11001|25.57|42.87|40001
11001|26.37|43.18|40002
11001|26.47|43.10|40003
11001|26.27|44.24|40004
11001|26.17|43.66|40005
11001|26.07|43.16|40006
11001|26.37|42.52|40007
#group_44499_1_11
52.62
11001|5.28|21.08|10051
11001|5.28|18.84|10052
11001|5.28|17.62|10053
11001|5.28|19.04|10054
11001|5.28|18.98|10055
11001|5.28|18.22|10056
11001|5.28|18.11|10057
11007|5.41|34.87|20396
11007|5.41|31.40|20397
11007|5.41|41.93|20398
11007|5.41|38.98|20399
11001|6.04|24.02|20011
11001|5.94|24.09|20012
11001|6.04|23.72|20013
11001|6.04|24.41|20014
11001|6.04|23.78|20015
11001|6.04|24.32|20016
11001|6.54|23.09|20017
11001|12.86|29.98|10021
11001|13.28|30.20|10022
11001|13.70|30.68|10023
11001|14.12|31.04|10024
11001|14.54|31.43|10025
11001|14.96|31.88|10026
11001|15.38|32.32|10027
11007|13.41|42.87|20396
11007|13.41|39.40|20397
11007|13.41|49.93|20398
11007|13.41|46.98|20399
11007|13.41|39.95|20400
11001|13.30|36.51|40071
11001|13.30|36.20|40072
11001|13.30|36.03|40073
11001|13.30|35.50|40074
11001|13.30|35.96|40075
11001|13.30|35.69|40076
11001|13.70|35.30|40077
11010|19.44|52.62|10492
11010|19.44|52.23|10493
11001|19.24|37.22|20011
11001|19.14|37.29|20012
11001|19.24|36.92|20013
11001|19.24|37.61|20014
11001|19.24|36.98|20015
11001|19.24|37.52|20016
11001|19.74|36.29|20017
11007|18.68|42.54|40401
11007|18.68|44.93|40402
11007|18.68|44.15|40403
11007|18.68|44.12|40404
11007|18.68|43.41|40405
11001|26.49|42.99|20061
11001|26.49|43.69|20062
11001|26.49|42.46|20063
11001|26.49|42.38|20064
11001|26.49|43.01|20065
11001|25.44|44.55|20066
11001|25.74|43.39|20067
11001|25.45|42.76|30001
11001|26.25|43.07|30002
11001|26.35|42.88|30003
11001|26.15|44.14|30004
11001|26.05|43.59|30005
11001|25.95|43.05|30006
11001|26.25|42.36|30007
11001|26.05|44.00|30008
11001|25.45|43.52|30009
11001|26.05|43.02|30010
11001|25.39|42.34|40021
11001|25.81|42.72|40022
11001|26.23|43.15|40023
11001|26.65|43.56|40024
#group_44499_1_12
51.45
11007|5.20|30.90|10416
11007|5.20|28.87|10417
11007|5.20|34.39|10418
11007|5.20|33.67|10419
11001|5.22|21.92|30021
11001|5.64|22.54|30022
11001|6.06|22.98|30023
11001|6.48|23.45|30024
11001|6.90|23.75|30025
11001|7.32|24.28|30026
11001|7.74|24.66|30027
11001|5.08|20.41|40051
11001|5.08|18.49|40052
11001|5.08|17.46|40053
11001|5.08|18.63|40054
11001|5.08|18.58|40055
11001|5.08|18.00|40056
11001|5.08|17.81|40057
11001|10.87|34.11|10071
11001|10.87|33.83|10072
11001|10.87|33.39|10073
11001|10.87|33.24|10074
11001|10.87|33.35|10075
11001|10.87|33.06|10076
11001|11.27|33.04|10077
11001|11.07|32.54|10078
11001|10.87|30.95|10079
11001|11.67|32.32|10080
11001|11.26|28.53|20001
11001|12.06|28.91|20002
11001|12.16|28.77|20003
11001|11.96|29.90|20004
11001|11.86|29.39|20005
11001|11.76|28.82|20006
11001|12.06|28.16|20007
11001|11.86|29.78|20008
11001|11.26|29.34|20009
11001|11.86|28.77|20010
11001|10.65|27.96|30001
11001|11.45|28.27|30002
11001|11.55|28.08|30003
11001|11.35|29.34|30004
11007|10.67|40.81|40396
11007|10.67|36.93|40397
11007|10.67|48.38|40398
11007|10.67|43.73|40399
11001|17.92|39.89|10050
11001|17.84|35.11|20001
11001|18.64|35.49|20002
11001|18.74|35.35|20003
11001|18.54|36.48|20004
11001|18.44|35.97|20005
11001|18.34|35.40|20006
11001|18.64|34.74|20007
11001|24.90|41.21|10031
11001|24.90|41.28|10032
11001|24.90|41.15|10033
11001|24.90|40.99|10034
11001|24.90|41.59|10035
11001|24.90|40.83|10036
11001|24.90|40.27|10037
11007|24.50|44.78|20421
11007|24.50|44.19|20422
11007|24.50|43.61|20423
11007|24.50|43.00|20424
11007|25.20|49.06|40401
11007|25.20|51.45|40402
11007|25.20|50.67|40403
11007|25.20|50.64|40404
#group_44499_1_13
48.67
11001|5.20|26.38|10041
11001|5.20|26.29|10042
11001|5.20|26.04|10043
11001|5.20|26.52|10044
11001|5.20|26.97|10045
11001|5.20|26.71|10046
11001|5.20|26.14|10047
11001|5.95|23.93|20011
11001|5.85|24.00|20012
11001|5.95|23.63|20013
11001|5.95|24.32|20014
11001|5.95|23.69|20015
11001|5.95|24.23|20016
11001|6.45|23.00|20017
11010|5.05|25.96|30486
11010|5.05|32.85|30487
11001|5.21|22.51|40001
11001|6.01|22.82|40002
11001|6.11|22.74|40003
11001|5.91|23.88|40004
11001|5.81|23.30|40005
11001|5.71|22.80|40006
11001|6.01|22.16|40007
11007|6.42|26.55|30406
11007|6.42|26.67|30407
11007|6.42|26.08|30408
11007|6.42|25.85|30409
11007|6.42|25.91|30410
11001|14.29|30.77|10061
11001|14.29|31.26|10062
11001|14.29|30.26|10063
11001|14.29|29.97|10064
11001|14.29|30.76|10065
11001|13.24|32.37|10066
11001|13.54|30.94|10067
11001|13.31|31.38|40011
11001|13.21|31.37|40012
11001|13.31|30.80|40013
11001|13.31|31.59|40014
11001|13.31|31.25|40015
11001|13.31|31.77|40016
11001|13.81|30.45|40017
11010|19.05|48.67|10482
11010|19.05|43.32|10483
11001|19.23|40.47|20041
11001|19.23|40.35|20042
11001|19.23|40.07|20043
11001|19.23|40.59|20044
11001|19.23|41.22|20045
11001|19.23|40.68|20046
11001|19.23|40.21|20047
11001|18.86|36.93|40011
11001|18.76|36.92|40012
11001|18.86|36.35|40013
11001|18.86|37.14|40014
11001|18.86|36.80|40015
11001|18.86|37.32|40016
11001|26.38|47.62|20041
11001|26.38|47.50|20042
11001|26.38|47.22|20043
11001|26.38|47.74|20044
11001|26.38|48.37|20045
11001|26.38|47.83|20046
11001|26.38|47.36|20047
11007|26.42|46.55|30406
11007|26.42|46.67|30407
11007|26.42|46.08|30408
11007|26.42|45.85|30409
11007|26.42|45.91|30410
11001|26.78|43.11|40031
11001|26.78|43.20|40032
11001|26.78|43.00|40033
11001|26.78|42.99|40034
11001|26.78|43.67|40035
11001|26.78|42.70|40036
11001|26.78|42.15|40037
#group_44499_1_14
58.68
11001|5.59|21.39|10051
11001|5.59|19.15|10052
11001|5.59|17.93|10053
11001|5.59|19.35|10054
11001|5.59|19.29|10055
11001|5.59|18.53|10056
11001|5.59|18.42|10057
11010|5.24|43.55|20488
11010|5.24|37.81|20489
11001|5.25|26.56|40041
11001|5.25|26.40|40042
11001|5.25|26.15|40043
11001|5.25|26.52|40044
11001|5.25|27.21|40045
11001|5.25|26.76|40046
11001|5.25|26.28|40047
11007|6.11|30.16|30401
11007|6.11|32.37|30402
11007|6.11|31.58|30403
11007|6.11|31.67|30404
11007|6.11|30.74|30405
11001|13.26|30.05|20021
11001|13.68|30.61|20022
11001|14.10|30.97|20023
11001|14.52|31.39|20024
11001|14.94|31.86|20025
11001|15.36|32.29|20026
11001|15.78|32.67|20027
11010|13.64|45.34|30480
11010|13.64|45.06|30481
11001|13.82|37.03|40071
11001|13.82|36.72|40072
11001|13.82|36.55|40073
11001|13.82|36.02|40074
11001|13.82|36.48|40075
11001|13.82|36.21|40076
11001|14.22|35.82|40077
11001|18.73|35.04|10031
11001|18.73|35.11|10032
11001|18.73|34.98|10033
11001|18.73|34.82|10034
11001|18.73|35.42|10035
11001|18.73|34.66|10036
11001|18.73|34.10|10037
11007|19.02|48.48|20396
11007|19.02|45.01|20397
11007|19.02|55.54|20398
11007|19.02|52.59|20399
11007|19.02|45.56|20400
11007|18.67|38.80|30406
11007|18.67|38.92|30407
11007|18.67|38.33|30408
11007|18.67|38.10|30409
11007|18.67|38.16|30410
11001|18.49|41.70|40071
11001|18.49|41.39|40072
11001|18.49|41.22|40073
11001|18.49|40.69|40074
11001|18.49|41.15|40075
11001|18.49|40.88|40076
11001|18.89|40.49|40077
11010|26.71|58.68|10480
11010|26.71|58.48|10481
11007|26.11|50.16|30401
11007|26.11|52.37|30402
11007|26.11|51.58|30403
11007|26.11|51.67|30404
11007|26.11|50.74|30405
11001|26.58|44.65|40011
11001|26.48|44.64|40012
11001|26.58|44.07|40013
11001|26.58|44.86|40014
11001|26.58|44.52|40015
11001|26.58|45.04|40016
11001|27.08|43.72|40017
#group_44499_1_15
48.44
11007|5.06|25.49|10421
11007|5.06|24.90|10422
11007|5.06|24.13|10423
11007|5.06|23.66|10424
11007|5.06|23.67|10425
11001|5.51|23.61|10011
11001|5.41|23.54|10012
11001|5.51|23.53|10013
11001|5.51|23.89|10014
11001|5.51|23.23|10015
11001|5.51|23.96|10016
11001|6.01|22.58|10017
11010|5.85|26.76|30486
11010|5.85|33.65|30487
11007|11.25|27.60|10426
11007|11.25|27.60|10427
11007|11.25|27.75|10428
11007|11.25|28.11|10429
11007|11.25|27.73|10430
11001|10.85|28.15|40001
11001|11.65|28.46|40002
11001|11.75|28.38|40003
11001|11.55|29.52|40004
11001|11.45|28.94|40005
11001|11.35|28.44|40006
11001|11.65|27.80|40007
11007|18.81|38.82|10411
11007|18.81|38.59|10412
11007|18.81|37.87|10413
11007|18.81|39.16|10414
11007|18.81|35.50|10415
11001|19.41|42.83|20071
11001|19.41|42.30|20072
11001|19.41|41.93|20073
11001|19.41|41.56|20074
11001|19.41|41.81|20075
11001|19.41|41.58|20076
11001|19.81|41.41|20077
11007|19.22|35.49|30426
11007|19.22|35.52|30427
11007|19.22|35.72|30428
11007|19.22|36.08|30429
11007|19.22|35.72|30430
11001|18.87|36.94|40011
11001|18.77|36.93|40012
11001|18.87|36.36|40013
11001|18.87|37.15|40014
11001|18.87|36.81|40015
11001|18.87|37.33|40016
11001|19.37|36.01|40017
11001|26.37|42.68|10031
11001|26.37|42.75|10032
11001|26.37|42.62|10033
11001|26.37|42.46|10034
11001|26.37|43.06|10035
11001|26.37|42.30|10036
11001|26.37|41.74|10037
11001|27.50|44.00|20061
11001|27.50|44.70|20062
11001|27.50|43.47|20063
11001|27.50|43.39|20064
11001|27.50|44.02|20065
11001|26.45|45.56|20066
11001|26.75|44.40|20067
11001|26.58|47.88|30041
11001|26.58|47.78|30042
11001|26.58|47.49|30043
11001|26.58|47.87|30044
11001|26.58|48.44|30045
11001|26.58|48.10|30046
11001|26.58|47.53|30047
11007|26.97|46.99|40406
11007|26.97|47.20|40407
11007|26.97|46.60|40408
11007|26.97|46.41|40409
11007|26.97|46.46|40410
#group_44499_1_2
55.05
11001|5.27|23.37|10011
11001|5.17|23.30|10012
11001|5.27|23.29|10013
11001|5.27|23.65|10014
11001|5.27|22.99|10015
11001|5.27|23.72|10016
11001|5.77|22.34|10017
11007|5.89|29.75|40401
11007|5.89|32.14|40402
11007|5.89|31.36|40403
11007|5.89|31.33|40404
11007|5.89|30.62|40405
11001|11.33|29.43|10011
11001|11.23|29.36|10012
11001|11.33|29.35|10013
11001|11.33|29.71|10014
11001|11.33|29.05|10015
11001|11.33|29.78|10016
11001|11.83|28.40|10017
11010|11.88|50.19|20488
11010|11.88|44.45|20489
11001|12.92|29.51|30061
11001|12.92|30.21|30062
11001|12.92|28.96|30063
11001|12.92|28.62|30064
11001|12.92|29.56|30065
11001|11.87|31.17|30066
11001|12.17|29.54|30067
11001|18.02|41.26|10071
11001|18.02|40.98|10072
11001|18.02|40.54|10073
11001|18.02|40.39|10074
11001|18.02|40.50|10075
11001|18.02|40.21|10076
11001|18.42|40.19|10077
11001|18.22|39.69|10078
11001|18.02|38.10|10079
11001|18.82|39.47|10080
11001|18.04|36.02|20011
11001|17.94|36.09|20012
11001|18.04|35.72|20013
11001|18.04|36.41|20014
11007|18.49|34.76|30426
11007|18.49|34.79|30427
11007|18.49|34.99|30428
11007|18.49|35.35|30429
11007|18.49|34.99|30430
11007|18.25|44.69|40416
11007|18.25|42.00|40417
11007|18.25|48.69|40418
11007|18.25|46.66|40419
11007|18.25|45.50|40420
11001|23.63|39.43|10051
11001|23.63|37.19|10052
11001|23.63|35.97|10053
11001|23.63|37.39|10054
11001|23.63|37.33|10055
11001|23.63|36.57|10056
11001|23.63|36.46|10057
11010|24.46|49.23|20490
11010|24.46|55.05|20491
11007|24.11|48.16|30401
11007|24.11|50.37|30402
11007|24.11|49.58|30403
11007|24.11|49.67|30404
11007|24.11|48.74|30405
11001|24.46|41.76|40001
11001|25.26|42.07|40002
11001|25.36|41.99|40003
11001|25.16|43.13|40004
11001|25.06|42.55|40005
11001|24.96|42.05|40006
11001|25.26|41.41|40007
#group_44499_1_3
48.94
11001|5.75|23.85|10011
11001|5.65|23.78|10012
11001|5.75|23.77|10013
11001|5.75|24.13|10014
11001|5.75|23.47|10015
11001|5.75|24.20|10016
11001|6.25|22.82|10017
11001|6.55|22.95|10018
11001|6.25|23.00|10019
11001|6.25|22.86|10020
11001|5.25|21.57|30031
11001|5.25|21.61|30032
11001|5.25|21.50|30033
11001|5.25|21.25|30034
11001|5.25|22.00|30035
11001|5.25|21.23|30036
11001|5.25|20.59|30037
11007|5.44|25.29|40411
11007|5.44|25.33|40412
11007|5.44|24.44|40413
11007|5.44|25.98|40414
11007|5.44|22.21|40415
11010|12.96|46.14|10492
11010|12.96|45.75|10493
11001|12.90|36.32|20071
11001|12.90|35.79|20072
11001|12.90|35.42|20073
11001|12.90|35.05|20074
11001|12.90|35.30|20075
11001|12.90|35.07|20076
11001|13.30|34.90|20077
11001|13.20|34.50|30041
11001|13.20|34.40|30042
11001|13.20|34.11|30043
11001|13.20|34.49|30044
11001|13.20|35.06|30045
11001|13.20|34.72|30046
11001|13.20|34.15|30047
11007|12.61|36.47|40401
11007|12.61|38.86|40402
11007|12.61|38.08|40403
11007|12.61|38.05|40404
11007|12.61|37.34|40405
11001|19.99|37.22|10001
11001|20.79|37.65|10002
11001|20.89|37.40|10003
11001|20.69|38.62|10004
11001|20.59|38.14|10005
11001|20.49|37.54|10006
11001|20.79|36.92|10007
11007|19.57|46.04|20416
11007|19.57|43.41|20417
11007|19.57|48.94|20418
11007|19.57|48.15|20419
11007|19.57|47.32|20420
11001|19.79|36.12|40031
11001|19.79|36.21|40032
11001|19.79|36.01|40033
11001|19.79|36.00|40034
11001|19.79|36.68|40035
11001|19.79|35.71|40036
11001|19.79|35.16|40037
11007|26.27|46.70|10421
11007|26.27|46.11|10422
11007|26.27|45.34|10423
11007|26.27|44.87|10424
11007|26.27|44.88|10425
11001|26.31|42.42|30051
11001|26.31|39.66|30052
11001|26.31|38.64|30053
11001|26.31|39.89|30054
11001|26.31|39.82|30055
11001|26.31|39.42|30056
11001|26.31|39.11|30057
11001|25.77|47.08|40041
11001|25.77|46.92|40042
11001|25.77|46.67|40043
11001|25.77|47.04|40044
11001|25.77|47.73|40045
11001|25.77|47.28|40046
11001|25.77|46.80|40047
#group_44499_1_4
52.69
11001|5.34|28.58|10071
11001|5.34|28.30|10072
11001|5.34|27.86|10073
11001|5.34|27.71|10074
11001|5.34|27.82|10075
11001|5.34|27.53|10076
11001|5.74|27.51|10077
11001|5.54|27.01|10078
11001|5.34|25.42|10079
11001|6.14|26.79|10080
11001|5.65|23.63|20011
11001|5.55|23.70|20012
11001|5.65|23.33|20013
11001|5.65|24.02|20014
11001|7.02|23.53|40061
11001|7.02|24.21|40062
11001|7.02|23.05|40063
11001|7.02|22.54|40064
11001|7.02|23.65|40065
11001|5.97|25.09|40066
11001|6.27|23.72|40067
11001|12.79|30.89|10011
11001|12.69|30.82|10012
11001|12.79|30.81|10013
11001|12.79|31.17|10014
11001|12.79|30.51|10015
11001|12.79|31.24|10016
11001|13.29|29.86|10017
11001|12.91|29.02|30051
11001|12.91|26.26|30052
11001|12.91|25.24|30053
11001|12.91|26.49|30054
11001|12.91|26.42|30055
11001|12.91|26.02|30056
11001|12.91|25.71|30057
11001|19.57|36.80|10001
11001|20.37|37.23|10002
11001|20.47|36.98|10003
11001|20.27|38.20|10004
11001|20.17|37.72|10005
11001|20.07|37.12|10006
11001|20.37|36.50|10007
11010|19.53|52.69|20492
11010|19.53|52.46|20493
11001|19.34|42.71|30071
11001|19.34|42.08|30072
11001|19.34|42.15|30073
11001|19.34|41.46|30074
11001|19.34|42.06|30075
11001|19.34|41.69|30076
11001|19.74|41.43|30077
11007|19.26|35.55|40426
11007|19.26|35.60|40427
11007|19.26|35.72|40428
11007|19.26|36.15|40429
11007|19.26|35.73|40430
11001|24.57|42.67|10011
11001|24.47|42.60|10012
11001|24.57|42.59|10013
11001|24.57|42.95|10014
11001|24.57|42.29|10015
11001|24.57|43.02|10016
11001|25.07|41.64|10017
11001|25.37|41.77|10018
11001|25.07|41.82|10019
11001|25.07|41.68|10020
11001|25.95|42.45|20061
11001|25.95|43.15|20062
11001|25.95|41.92|20063
11001|25.95|41.84|20064
11001|24.77|41.10|40031
11001|24.77|41.19|40032
11001|24.77|40.99|40033
11001|24.77|40.98|40034
11001|24.77|41.66|40035
11001|24.77|40.69|40036
11001|24.77|40.14|40037
#group_44499_1_5
59.19
11001|5.53|22.76|10001
11001|6.33|23.19|10002
11001|6.43|22.94|10003
11001|6.23|24.16|10004
11001|6.13|23.68|10005
11001|6.03|23.08|10006
11001|6.33|22.46|10007
11007|5.57|25.51|20411
11007|5.57|25.40|20412
11007|5.57|24.72|20413
11007|5.57|26.05|20414
11001|5.19|21.30|30051
11001|5.19|18.54|30052
11001|5.19|17.52|30053
11001|5.19|18.77|30054
11001|5.19|18.70|30055
11001|5.19|18.30|30056
11001|5.19|17.99|30057
11007|12.38|28.73|10426
11007|12.38|28.73|10427
11007|12.38|28.88|10428
11007|12.38|29.24|10429
11001|11.71|28.50|20021
11001|12.13|29.06|20022
11001|12.55|29.42|20023
11001|12.97|29.84|20024
11001|13.39|30.31|20025
11001|13.81|30.74|20026
11001|14.23|31.12|20027
11007|11.82|38.63|30416
11007|11.82|35.53|30417
11007|11.82|42.30|30418
11007|11.82|40.22|30419
11001|18.19|35.31|10021
11001|18.61|35.53|10022
11001|19.03|36.01|10023
11001|19.45|36.37|10024
11001|19.87|36.76|10025
11001|20.29|37.21|10026
11001|20.71|37.65|10027
11001|21.13|38.09|10028
11001|21.55|38.45|10029
11001|21.97|39.08|10030
11001|18.48|41.90|20071
11001|18.48|41.37|20072
11001|18.48|41.00|20073
11001|18.48|40.63|20074
11007|17.81|47.95|40396
11007|17.81|44.07|40397
11007|17.81|55.52|40398
11007|17.81|50.87|40399
11007|24.08|40.43|10426
11007|24.08|40.43|10427
11007|24.08|40.58|10428
11007|24.08|40.94|10429
11007|23.85|47.95|20401
11007|23.85|49.93|20402
11007|23.85|49.33|20403
11007|23.85|49.31|20404
11001|23.56|39.88|30031
11001|23.56|39.92|30032
11001|23.56|39.81|30033
11001|23.56|39.56|30034
11001|23.56|40.31|30035
11001|23.56|39.54|30036
11001|23.56|38.90|30037
11007|29.78|55.48|10416
11007|29.78|53.45|10417
11007|29.78|58.97|10418
11007|29.78|58.25|10419
11007|29.80|49.89|20406
11007|29.80|50.01|20407
11007|29.80|49.41|20408
11007|29.80|49.20|20409
11010|29.57|59.19|30482
11010|29.57|54.19|30483
11007|29.41|49.26|40411
11007|29.41|49.30|40412
11007|29.41|48.41|40413
11007|29.41|49.95|40414
#group_44499_1_6
62.28
11001|5.60|22.72|10021
11001|6.02|22.94|10022
11001|6.44|23.42|10023
11001|6.86|23.78|10024
11001|7.28|24.17|10025
11001|7.70|24.62|10026
11001|8.12|25.06|10027
11001|5.80|22.14|20031
11001|5.80|22.21|20032
11001|5.80|22.03|20033
11001|5.80|21.90|20034
11001|5.80|22.58|20035
11001|5.80|21.78|20036
11001|5.80|21.17|20037
11007|5.57|35.71|40396
11007|5.57|31.83|40397
11007|5.57|43.28|40398
11007|5.57|38.63|40399
11010|5.70|35.32|30482
11010|5.70|30.32|30483
11001|5.04|26.35|40041
11001|5.04|26.19|40042
11001|5.04|25.94|40043
11001|5.04|26.31|40044
11001|5.04|27.00|40045
11001|5.04|26.55|40046
11001|5.04|26.07|40047
11001|10.92|27.23|10031
11001|10.92|27.30|10032
11001|10.92|27.17|10033
11001|10.92|27.01|10034
11001|10.92|27.61|10035
11001|10.92|26.85|10036
11001|10.92|26.29|10037
11001|10.81|27.15|20031
11001|10.81|27.22|20032
11001|10.81|27.04|20033
11001|10.81|26.91|20034
11001|10.81|27.59|20035
11001|10.81|26.79|20036
11001|10.81|26.18|20037
11010|16.98|37.92|10486
11010|16.98|44.39|10487
11007|17.14|43.61|20416
11007|17.14|40.98|20417
11007|17.14|46.51|20418
11007|17.14|45.72|20419
11007|17.14|44.89|20420
11001|16.69|33.39|30021
11001|17.11|34.01|30022
11001|17.53|34.45|30023
11001|17.95|34.92|30024
11001|18.37|35.22|30025
11001|18.79|35.75|30026
11001|19.21|36.13|30027
11001|19.63|36.50|30028
11001|20.05|36.97|30029
11001|20.47|37.36|30030
11001|16.57|33.87|40001
11001|17.37|34.18|40002
11001|17.47|34.10|40003
11001|17.27|35.24|40004
11001|24.22|39.80|20051
11001|24.22|37.80|20052
11001|24.22|36.60|20053
11001|24.22|37.81|20054
11001|24.22|37.77|20055
11001|24.22|37.15|20056
11001|24.22|37.07|20057
11007|24.57|54.71|40396
11007|24.57|50.83|40397
11007|24.57|62.28|40398
11007|24.57|57.63|40399
11007|24.57|51.14|40400
#group_44499_1_7
49.12
11001|5.68|28.92|10071
11001|5.68|28.64|10072
11001|5.68|28.20|10073
11001|5.68|28.05|10074
11001|5.68|28.16|10075
11001|5.68|27.87|10076
11001|6.08|27.85|10077
11010|5.93|30.70|20490
11010|5.93|36.52|20491
11007|5.76|29.81|30401
11007|5.76|32.02|30402
11007|5.76|31.23|30403
11007|5.76|31.32|30404
11007|5.78|29.64|40401
11007|5.78|32.03|40402
11007|5.78|31.25|40403
11007|5.78|31.22|40404
11001|11.16|28.28|10021
11001|11.58|28.50|10022
11001|12.00|28.98|10023
11001|12.42|29.34|10024
11001|12.84|29.73|10025
11001|13.26|30.18|10026
11001|13.68|30.62|10027
11007|11.75|31.84|20406
11007|11.75|31.96|20407
11007|11.75|31.36|20408
11007|11.75|31.15|20409
11001|11.35|26.68|40051
11001|11.35|24.76|40052
11001|11.35|23.73|40053
11001|11.35|24.90|40054
11001|11.35|24.85|40055
11001|11.35|24.27|40056
11001|11.35|24.08|40057
11001|21.04|37.54|20061
11001|21.04|38.24|20062
11001|21.04|37.01|20063
11001|21.04|36.93|20064
11001|21.04|37.56|20065
11001|19.99|39.10|20066
11001|20.29|37.94|20067
11007|19.88|43.93|30401
11007|19.88|46.14|30402
11007|19.88|45.35|30403
11007|19.88|45.44|30404
11001|19.49|40.80|40041
11001|19.49|40.64|40042
11001|19.49|40.39|40043
11001|19.49|40.76|40044
11001|19.49|41.45|40045
11001|19.49|41.00|40046
11001|19.49|40.52|40047
11001|27.35|49.12|10077
11001|27.15|48.62|10078
11001|26.95|47.03|10079
11001|27.75|48.40|10080
11001|27.26|48.86|20077
11001|27.06|48.26|20078
11001|26.86|46.90|20079
11001|27.66|48.28|20080
11001|27.36|44.67|30001
11001|28.16|44.98|30002
11001|28.26|44.79|30003
11001|28.06|46.05|30004
11001|27.96|45.50|30005
11001|27.86|44.96|30006
11001|28.16|44.27|30007
11001|27.96|45.91|30008
11001|27.36|45.43|30009
11001|27.96|44.93|30010
11001|27.77|44.28|40061
11001|27.77|44.96|40062
11001|27.77|43.80|40063
11001|27.77|43.29|40064
#group_44499_1_8
52.53
11001|5.62|22.85|10001
11001|6.42|23.28|10002
11001|6.52|23.03|10003
11001|6.32|24.25|10004
11001|6.22|23.77|10005
11001|6.12|23.17|10006
11001|6.42|22.55|10007
11007|5.67|21.96|20426
11007|5.67|22.00|20427
11007|5.67|22.34|20428
11007|5.67|22.53|20429
11001|5.90|27.21|40041
11001|5.90|27.05|40042
11001|5.90|26.80|40043
11001|5.90|27.17|40044
11001|5.90|27.86|40045
11001|5.90|27.41|40046
11001|5.90|26.93|40047
11001|13.07|34.31|20041
11001|13.07|34.19|20042
11001|13.07|33.91|20043
11001|13.07|34.43|20044
11001|13.07|35.06|20045
11001|13.07|34.52|20046
11001|13.07|34.05|20047
11007|12.46|28.73|30426
11007|12.46|28.76|30427
11007|12.46|28.96|30428
11007|12.46|29.32|30429
11007|12.61|39.05|40416
11007|12.61|36.36|40417
11007|12.61|43.05|40418
11007|12.61|41.02|40419
11001|18.42|36.52|10011
11001|18.32|36.45|10012
11001|18.42|36.44|10013
11001|18.42|36.80|10014
11001|18.42|36.14|10015
11001|18.42|36.87|10016
11001|18.92|35.49|10017
11001|19.22|35.62|10018
11001|18.92|35.67|10019
11001|18.92|35.53|10020
11001|19.24|36.51|20001
11001|20.04|36.89|20002
11001|20.14|36.75|20003
11001|19.94|37.88|20004
11007|18.84|45.65|30416
11007|18.84|42.55|30417
11007|18.84|49.32|30418
11007|18.84|47.24|30419
11007|18.88|38.73|40411
11007|18.88|38.77|40412
11007|18.88|37.88|40413
11007|18.88|39.42|40414
11007|26.65|42.94|20426
11007|26.65|42.98|20427
11007|26.65|43.32|20428
11007|26.65|43.51|20429
11001|26.79|48.09|30041
11001|26.79|47.99|30042
11001|26.79|47.70|30043
11001|26.79|48.08|30044
11001|26.79|48.65|30045
11001|26.79|48.31|30046
11001|26.79|47.74|30047
11007|26.28|50.14|40401
11007|26.28|52.53|40402
11007|26.28|51.75|40403
11007|26.28|51.72|40404
#group_44499_1_9
48.89
11001|5.12|28.54|20071
11001|5.12|28.01|20072
11001|5.12|27.64|20073
11001|5.12|27.27|20074
11001|5.12|27.52|20075
11001|5.12|27.29|20076
11001|5.52|27.12|20077
11007|5.97|26.10|30406
11007|5.97|26.22|30407
11007|5.97|25.63|30408
11007|5.97|25.40|30409
11007|5.97|25.46|30410
11007|5.13|25.15|40406
11007|5.13|25.36|40407
11007|5.13|24.76|40408
11007|5.13|24.57|40409
11007|5.13|24.62|40410
11001|12.92|29.26|20031
11001|12.92|29.33|20032
11001|12.92|29.15|20033
11001|12.92|29.02|20034
11001|12.92|29.70|20035
11001|12.92|28.90|20036
11001|12.92|28.29|20037
11007|12.81|32.94|30406
11007|12.81|33.06|30407
11007|12.81|32.47|30408
11007|12.81|32.24|30409
11007|12.81|32.30|30410
11001|13.37|36.58|40071
11001|13.37|36.27|40072
11001|13.37|36.10|40073
11001|13.37|35.57|40074
11001|13.37|36.03|40075
11001|13.37|35.76|40076
11001|13.77|35.37|40077
11001|19.05|37.15|10011
11001|18.95|37.08|10012
11001|19.05|37.07|10013
11001|19.05|37.43|10014
11001|19.05|36.77|10015
11001|19.05|37.50|10016
11001|19.55|36.12|10017
11001|19.85|36.25|10018
11001|19.55|36.30|10019
11001|20.02|36.89|20023
11001|20.44|37.31|20024
11001|20.86|37.78|20025
11001|21.28|38.21|20026
11001|21.70|38.59|20027
11001|22.12|39.00|20028
11001|22.54|39.53|20029
11001|22.96|39.78|20030
11001|19.21|35.54|40031
11001|19.21|35.63|40032
11001|19.21|35.43|40033
11001|19.21|35.42|40034
11001|19.21|36.10|40035
11001|19.21|35.13|40036
11001|19.21|34.58|40037
11001|26.19|43.31|10021
11001|26.61|43.53|10022
11001|27.03|44.01|10023
11001|27.45|44.37|10024
11001|27.87|44.76|10025
11001|28.29|45.21|10026
11001|28.71|45.65|10027
11001|25.52|48.89|30071
11001|25.52|48.26|30072
11001|25.52|48.33|30073
11001|25.52|47.64|30074
11001|25.52|48.24|30075
11001|25.52|47.87|30076
11001|25.92|47.61|30077
11007|22.81|42.94|30406
11007|22.81|43.06|30407
11007|22.81|42.47|30408
11007|22.81|42.24|30409
11007|22.81|42.30|30410
#group_44499_2_1
53.94
11010|5.09|38.27|10492
11010|5.09|37.88|10493
11005|5.97|27.28|20347
11005|5.97|28.56|20348
11005|5.97|27.25|20349
11005|5.97|26.66|20350
11005|5.97|28.22|20351
11005|5.97|29.17|20352
11005|5.97|28.34|20353
11005|5.17|20.41|30340
11005|5.17|20.56|30341
11005|5.17|20.84|30342
11005|5.17|20.62|30343
11005|5.17|20.50|30344
11005|5.17|20.56|30345
11005|5.17|20.94|30346
11007|5.11|24.96|40411
11007|5.11|25.00|40412
11007|5.11|24.11|40413
11007|5.11|25.65|40414
11007|5.11|21.88|40415
11004|10.88|30.35|10289
11004|10.88|31.56|10290
11004|10.88|28.84|10291
11004|10.88|27.11|10292
11004|10.88|30.06|10293
11004|10.88|30.17|10294
11004|10.88|28.31|10295
11004|10.88|30.16|10296
11002|10.84|30.89|20101
11002|10.84|29.79|20102
11002|10.84|30.16|20103
11002|10.84|30.45|20104
11002|10.84|29.75|20105
11002|10.84|30.76|20106
11002|10.84|27.49|20107
11002|10.84|30.45|20108
11002|10.84|28.99|20109
11002|10.84|29.67|20110
11008|10.59|29.30|30439
11008|10.59|29.36|30440
11008|10.59|29.14|30441
11008|10.59|30.18|30442
11007|11.01|41.15|40396
11007|11.01|37.27|40397
11007|11.01|48.72|40398
11007|11.01|44.07|40399
11007|11.01|37.58|40400
11001|17.99|36.09|10011
11001|17.89|36.02|10012
11001|17.99|36.01|10013
11001|17.99|36.37|10014
11001|17.99|35.71|10015
11001|17.99|36.44|10016
11001|18.49|35.06|10017
11001|18.79|35.19|10018
11001|18.49|35.24|10019
11001|18.49|35.10|10020
11006|18.35|37.11|20372
11006|18.35|37.26|20373
11006|18.35|37.60|20374
11006|18.35|37.77|20375
11006|18.35|36.70|20376
11006|18.35|36.98|20377
11001|18.64|35.34|30021
11001|19.06|35.96|30022
11001|19.48|36.40|30023
11001|19.90|36.87|30024
11001|20.32|37.17|30025
11001|20.74|37.70|30026
11001|21.16|38.08|30027
11001|21.58|38.45|30028
11001|22.00|38.92|30029
11001|22.42|39.31|30030
11010|18.18|43.06|40490
11010|18.18|48.91|40491
11010|26.53|47.47|10486
11010|26.53|53.94|10487
#group_44499_2_10
51.60
11010|5.46|38.64|10492
11010|5.46|38.25|10493
11010|5.77|26.81|20486
11010|5.77|33.30|20487
11004|5.55|20.73|30281
11004|5.55|21.04|30282
11004|5.55|21.42|30283
11004|5.55|22.25|30284
11004|5.55|22.39|30285
11004|5.55|21.15|30286
11002|5.79|24.70|40111
11002|5.79|24.17|40112
11002|5.79|24.06|40113
11002|5.79|24.96|40114
11002|5.79|24.83|40115
11002|5.79|24.19|40116
11002|5.19|26.20|40117
11001|13.22|30.34|10021
11001|13.64|30.56|10022
11001|14.06|31.04|10023
11001|14.48|31.40|10024
11001|14.90|31.79|10025
11001|15.32|32.24|10026
11001|15.74|32.68|10027
11001|12.57|28.15|20051
11001|12.57|26.15|20052
11001|12.57|24.95|20053
11001|12.57|26.16|20054
11001|12.57|26.12|20055
11001|12.57|25.50|20056
11001|12.57|25.42|20057
11006|12.83|31.58|30366
11006|12.83|30.90|30367
11006|12.83|31.12|30368
11006|12.83|31.53|30369
11004|12.54|36.45|40249
11004|12.54|35.23|40250
11004|12.54|36.82|40251
11004|12.54|35.99|40252
11004|12.54|36.29|40253
11004|12.54|36.22|40254
11002|19.95|35.36|10131
11002|19.95|35.60|10132
11002|19.95|33.96|10133
11002|19.95|35.24|10134
11002|19.95|33.46|10135
11002|19.95|33.17|10136
11002|19.95|33.92|10137
11006|19.67|38.43|20372
11006|19.67|38.58|20373
11006|19.67|38.92|20374
11006|19.67|39.09|20375
11007|19.55|43.60|30401
11007|19.55|45.81|30402
11007|19.55|45.02|30403
11007|19.55|45.11|30404
11010|19.35|40.55|40486
11010|19.35|46.78|40487
11005|24.88|44.79|10305
11005|24.88|44.72|10306
11005|24.88|44.87|10307
11005|24.88|45.00|10308
11005|24.88|45.34|10309
11004|25.40|46.89|20297
11004|25.40|46.91|20298
11004|25.40|47.61|20299
11004|25.40|47.68|20300
11004|25.40|47.36|20301
11004|25.40|46.51|20302
11007|25.34|49.39|30401
11007|25.34|51.60|30402
11007|25.34|50.81|30403
11007|25.34|50.90|30404
11005|24.83|44.85|40326
11005|24.83|43.64|40327
11005|24.83|45.87|40328
11005|24.83|45.69|40329
11005|24.83|47.90|40330
#group_44499_2_11
53.37
11003|5.28|28.66|10170
11003|5.28|27.69|10171
11003|5.28|26.79|10172
11003|6.08|27.37|10173
11003|6.08|30.02|10174
11003|6.08|31.14|10175
11005|5.03|20.40|20340
11005|5.03|20.25|20341
11005|5.03|20.56|20342
11005|5.03|20.50|20343
11005|5.03|20.12|20344
11002|5.67|19.69|30091
11002|5.67|19.73|30092
11002|5.67|19.27|30093
11002|5.67|19.78|30094
11002|5.67|19.74|30095
11002|5.07|20.96|30096
11002|5.07|20.70|30097
11005|5.39|25.41|40326
11005|5.39|24.20|40327
11005|5.39|26.43|40328
11005|5.39|26.25|40329
11005|5.39|28.46|40330
11007|13.24|42.73|10396
11007|13.24|39.37|10397
11007|13.24|50.26|10398
11007|13.24|47.39|10399
11006|12.99|33.37|20390
11006|12.99|32.78|20391
11006|12.99|33.84|20392
11006|12.99|33.39|20393
11010|13.59|46.89|30492
11010|13.59|46.16|30493
11003|13.64|37.90|40206
11003|13.64|38.07|40207
11003|13.64|37.79|40208
11003|13.64|37.92|40209
11003|13.64|37.78|40210
11003|15.14|37.63|40211
11002|20.89|36.30|10131
11002|20.89|36.54|10132
11002|20.89|34.90|10133
11002|20.89|36.18|10134
11002|20.89|34.40|10135
11002|20.89|34.11|10136
11002|20.89|34.86|10137
11010|20.21|53.37|20492
11010|20.21|53.14|20493
11003|20.68|43.99|30170
11003|20.68|43.03|30171
11003|20.68|42.14|30172
11003|21.48|42.14|30173
11003|21.48|44.52|30174
11003|21.48|45.83|30175
11010|20.22|47.64|40484
11010|20.22|46.41|40485
11002|28.33|44.21|10141
11002|28.33|44.57|10142
11002|28.33|43.99|10143
11002|28.33|44.60|10144
11002|28.33|43.93|10145
11002|28.33|44.35|10146
11002|28.33|44.00|10147
11002|28.58|44.14|20131
11002|28.58|39.06|20132
11002|28.58|42.58|20133
11002|28.58|43.35|20134
11002|28.58|42.13|20135
11002|28.58|41.48|20136
11002|28.58|42.60|20137
11002|28.62|44.30|30141
11002|28.62|44.83|30142
11002|28.62|44.31|30143
11002|28.62|44.75|30144
11002|28.62|44.24|30145
11002|28.62|44.65|30146
11002|28.62|44.31|30147
11004|28.26|49.34|40241
11004|28.26|49.15|40242
11004|28.26|48.49|40243
11004|28.26|48.72|40244
11004|28.26|48.90|40245
11004|28.26|49.88|40246
#group_44499_2_12
55.20
11008|5.06|20.64|10455
11008|5.06|20.61|10456
11008|5.06|17.93|10457
11008|5.06|16.45|10458
11004|5.04|22.71|20257
11004|5.64|23.25|20258
11004|6.24|23.89|20259
11004|6.84|24.45|20260
11004|7.44|25.05|20261
11004|8.04|25.70|20262
11002|5.48|33.44|30081
11002|5.73|33.75|30082
11002|5.78|33.73|30083
11002|5.98|33.73|30084
11002|5.48|35.33|30085
11002|6.48|34.82|30086
11002|7.08|35.49|30087
11003|5.53|27.35|40197
11003|5.53|27.73|40198
11003|5.53|27.15|40199
11003|5.53|27.73|40200
11003|5.53|27.57|40201
11003|5.53|26.60|40202
11005|11.99|32.44|10326
11005|11.99|30.91|10327
11005|11.99|33.06|10328
11005|11.99|32.75|10329
11005|11.99|35.63|10330
11005|11.97|32.13|20326
11005|11.97|30.88|20327
11005|11.97|32.67|20328
11005|11.97|32.99|20329
11007|12.01|31.88|30411
11007|12.01|31.85|30412
11007|12.01|31.11|30413
11007|12.01|32.42|30414
11002|12.75|31.66|40111
11002|12.75|31.13|40112
11002|12.75|31.02|40113
11002|12.75|31.92|40114
11002|12.75|31.79|40115
11002|12.75|31.15|40116
11002|12.15|33.16|40117
11008|18.90|33.51|10443
11008|18.90|32.46|10444
11008|18.90|34.33|10445
11008|18.90|33.30|10446
11002|18.94|34.60|20141
11002|18.94|35.21|20142
11002|18.94|34.55|20143
11002|18.94|35.20|20144
11002|18.94|34.58|20145
11002|18.94|35.04|20146
11002|18.94|34.65|20147
11002|18.95|37.84|30121
11002|19.30|38.09|30122
11002|19.65|38.86|30123
11002|20.00|39.17|30124
11002|20.35|39.47|30125
11002|20.70|39.89|30126
11002|21.05|40.17|30127
11008|18.73|34.47|40455
11008|18.73|34.15|40456
11008|18.73|31.47|40457
11008|18.73|30.23|40458
11003|24.31|48.63|10206
11003|24.31|48.95|10207
11003|24.31|48.59|10208
11003|24.31|48.59|10209
11003|24.31|48.50|10210
11003|25.81|48.54|10211
11005|23.83|37.67|20319
11005|24.48|38.28|20320
11005|25.13|38.94|20321
11005|25.78|39.58|20322
11005|26.43|40.29|20323
11008|24.25|38.90|30443
11008|24.25|37.83|30444
11008|24.25|39.65|30445
11008|24.25|38.71|30446
11010|24.47|49.35|40490
11010|24.47|55.20|40491
11007|29.65|46.00|10426
11007|29.65|46.00|10427
11007|29.65|46.15|10428
11007|29.65|46.51|10429
11001|29.40|50.64|20041
11001|29.40|50.52|20042
11001|29.40|50.24|20043
11001|29.40|50.76|20044
11001|29.40|51.39|20045
11001|29.40|50.85|20046
11001|29.40|50.38|20047
#group_44499_2_13
52.02
11007|5.59|26.02|10421
11007|5.59|25.43|10422
11007|5.59|24.66|10423
11007|5.59|24.19|10424
11007|5.66|25.94|20421
11007|5.66|25.35|20422
11007|5.66|24.77|20423
11007|5.66|24.16|20424
11005|5.23|25.13|30305
11005|5.23|25.03|30306
11005|5.23|25.12|30307
11005|5.23|25.31|30308
11005|5.23|25.55|30309
11004|5.15|26.56|40297
11004|5.15|26.57|40298
11004|5.15|27.33|40299
11004|5.15|27.44|40300
11004|5.15|27.05|40301
11004|5.15|26.24|40302
11004|13.44|31.89|10265
11004|13.44|30.99|10266
11004|13.44|31.84|10267
11004|13.44|32.33|10268
11004|13.44|33.01|10269
11004|13.44|32.82|10270
11003|13.46|36.82|20179
11003|13.46|37.17|20180
11003|13.46|35.80|20181
11003|13.46|37.68|20182
11003|13.46|36.55|20183
11003|13.46|35.50|20184
11003|13.62|35.49|30197
11003|13.62|35.83|30198
11003|13.62|35.25|30199
11003|13.62|35.84|30200
11003|13.62|35.63|30201
11003|13.62|34.55|30202
11005|13.03|32.96|40305
11005|13.03|32.76|40306
11005|13.03|32.85|40307
11005|13.03|33.03|40308
11005|13.03|33.40|40309
11003|19.47|38.05|10161
11003|19.47|37.29|10162
11003|19.47|38.62|10163
11003|20.27|38.50|10164
11003|19.87|39.65|10165
11003|18.87|37.10|10166
11010|18.86|52.02|20492
11010|18.86|51.79|20493
11007|19.47|46.28|30416
11007|19.47|43.18|30417
11007|19.47|49.95|30418
11007|19.47|47.87|30419
11007|19.45|45.89|40416
11007|19.45|43.20|40417
11007|19.45|49.89|40418
11007|19.45|47.86|40419
11001|25.48|43.58|10011
11001|25.38|43.51|10012
11001|25.48|43.50|10013
11001|25.48|43.86|10014
11001|25.48|43.20|10015
11001|25.48|43.93|10016
11001|25.98|42.55|10017
11004|25.70|49.61|20249
11004|25.70|48.39|20250
11004|25.70|49.98|20251
11004|25.70|49.15|20252
11004|25.70|49.45|20253
11004|25.70|49.38|20254
11005|25.50|45.40|30305
11005|25.50|45.30|30306
11005|25.50|45.39|30307
11005|25.50|45.58|30308
11005|25.50|45.82|30309
11003|25.43|44.02|40161
11003|25.43|43.08|40162
11003|25.43|44.65|40163
11003|26.23|44.60|40164
11003|25.83|45.56|40165
11003|24.83|43.08|40166
#group_44499_2_14
48.84
11001|5.97|24.07|10011
11001|5.87|24.00|10012
11001|5.97|23.99|10013
11001|5.97|24.35|10014
11001|5.97|23.69|10015
11001|5.97|24.42|10016
11001|6.47|23.04|10017
11006|5.44|25.82|20390
11006|5.44|25.23|20391
11006|5.44|26.29|20392
11006|5.44|25.84|20393
11008|5.65|25.16|30451
11008|5.65|24.39|30452
11008|5.65|23.75|30453
11008|5.65|24.42|30454
11007|5.70|25.72|40406
11007|5.70|25.93|40407
11007|5.70|25.33|40408
11007|5.70|25.14|40409
11007|5.70|25.19|40410
11006|10.50|30.75|10360
11006|10.50|30.48|10361
11006|10.50|31.18|10362
11006|10.50|30.29|10363
11001|10.38|27.17|20021
11001|10.80|27.73|20022
11001|11.22|28.09|20023
11001|11.64|28.51|20024
11001|12.06|28.98|20025
11001|12.48|29.41|20026
11001|12.90|29.79|20027
11005|10.89|32.22|30347
11005|10.89|33.47|30348
11005|10.89|32.30|30349
11005|10.89|31.61|30350
11005|10.89|33.20|30351
11003|10.59|26.28|40188
11003|10.59|25.82|40189
11003|10.59|26.27|40190
11003|10.59|27.16|40191
11003|10.59|25.95|40192
11003|10.59|27.11|40193
11008|16.19|34.86|10447
11008|16.19|36.64|10448
11008|16.19|35.97|10449
11008|16.19|36.33|10450
11007|16.00|36.28|20421
11007|16.00|35.69|20422
11007|16.00|35.11|20423
11007|16.00|34.50|20424
11007|16.00|34.65|20425
11007|15.41|35.28|30411
11007|15.41|35.25|30412
11007|15.41|34.51|30413
11007|15.41|35.82|30414
11007|15.41|32.18|30415
11003|16.40|38.22|40197
11003|16.40|38.60|40198
11003|16.40|38.02|40199
11003|16.40|38.60|40200
11003|16.40|38.44|40201
11003|16.40|37.47|40202
11003|23.09|46.47|10170
11003|23.09|45.50|10171
11003|23.09|44.60|10172
11003|23.89|45.18|10173
11003|23.89|47.83|10174
11003|24.19|48.84|10178
11003|24.07|42.91|20161
11003|24.07|41.95|20162
11003|24.07|43.43|20163
11003|24.87|43.14|20164
11003|24.47|44.18|20165
11003|23.47|41.72|20166
11002|23.23|42.16|30111
11002|23.23|41.76|30112
11002|23.23|41.48|30113
11002|23.23|42.03|30114
11002|23.23|42.30|30115
11002|23.23|41.65|30116
11002|22.63|43.62|30117
11008|23.08|42.57|40451
11008|23.08|41.71|40452
11008|23.08|41.17|40453
11008|23.08|41.79|40454
#group_44499_2_15
47.14
11010|5.26|32.42|10484
11010|5.26|31.52|10485
11001|5.48|21.06|20051
11001|5.48|19.06|20052
11001|5.48|17.86|20053
11001|5.48|19.07|20054
11001|5.48|19.03|20055
11001|5.48|18.41|20056
11001|5.48|18.33|20057
11010|5.43|38.73|30492
11010|5.43|38.00|30493
11010|5.30|32.72|40484
11010|5.30|31.49|40485
11007|13.64|29.99|10426
11007|13.64|29.99|10427
11007|13.64|30.14|10428
11007|13.64|30.50|10429
11003|15.50|31.62|20224
11003|15.50|34.04|20225
11003|15.90|33.44|20226
11003|16.50|33.09|20227
11003|16.60|32.32|20228
11003|17.50|32.53|20229
11002|14.33|33.26|30111
11002|14.33|32.86|30112
11002|14.33|32.58|30113
11002|14.33|33.13|30114
11002|14.33|33.40|30115
11002|14.33|32.75|30116
11002|13.73|34.72|30117
11006|13.71|39.48|40354
11006|13.71|38.94|40355
11006|13.71|39.64|40356
11006|13.71|38.47|40357
11004|19.45|43.36|10249
11004|19.45|42.14|10250
11004|19.45|43.73|10251
11004|19.45|42.90|10252
11004|19.45|43.20|10253
11004|19.45|43.13|10254
11004|19.20|43.11|20249
11004|19.20|41.89|20250
11004|19.20|43.48|20251
11004|19.20|42.65|20252
11004|19.20|42.95|20253
11004|19.20|42.88|20254
11003|19.51|43.11|30179
11003|19.51|43.53|30180
11003|19.51|41.84|30181
11003|19.51|43.95|30182
11003|19.51|42.66|30183
11003|19.51|41.59|30184
11001|19.49|37.56|40011
11001|19.39|37.55|40012
11001|19.49|36.98|40013
11001|19.49|37.77|40014
11001|19.49|37.43|40015
11001|19.49|37.95|40016
11001|19.99|36.63|40017
11003|27.44|43.93|10224
11003|27.44|45.80|10225
11003|27.84|45.41|10226
11003|28.44|45.12|10227
11003|28.54|44.13|10228
11003|29.44|44.42|10229
11003|24.77|46.66|20197
11003|24.77|46.93|20198
11003|24.77|46.28|20199
11003|24.77|46.99|20200
11003|24.77|46.79|20201
11003|24.77|45.69|20202
11003|24.92|46.79|30197
11003|24.92|47.13|30198
11003|24.92|46.55|30199
11003|24.92|47.14|30200
11003|24.92|46.93|30201
11003|24.92|45.85|30202
11003|25.48|41.17|40188
11003|25.48|40.71|40189
11003|25.48|41.16|40190
11003|25.48|42.05|40191
11003|25.48|40.84|40192
11003|25.48|42.00|40193
#group_44499_2_2
46.90
11007|5.18|34.67|10396
11007|5.18|31.31|10397
11007|5.18|42.20|10398
11007|5.18|39.33|10399
11010|5.49|26.53|20486
11010|5.49|33.02|20487
11007|5.51|25.68|30421
11007|5.51|25.19|30422
11007|5.51|24.59|30423
11007|5.51|24.13|30424
11003|5.78|29.10|40170
11003|5.78|28.25|40171
11003|5.78|27.27|40172
11003|6.58|27.36|40173
11003|6.58|29.91|40174
11003|6.58|30.96|40175
11008|11.55|31.01|10451
11008|11.55|30.15|10452
11008|11.55|29.60|10453
11008|11.55|30.34|10454
11003|11.73|27.41|20188
11003|11.73|26.99|20189
11003|11.73|27.39|20190
11003|11.73|28.04|20191
11003|11.73|27.17|20192
11003|11.73|28.06|20193
11008|11.05|30.56|30451
11008|11.05|29.79|30452
11008|11.05|29.15|30453
11008|11.05|29.82|30454
11008|11.68|26.29|40443
11008|11.68|25.25|40444
11008|11.68|27.04|40445
11008|11.68|26.10|40446
11001|18.01|41.25|10071
11001|18.01|40.97|10072
11001|18.01|40.53|10073
11001|18.01|40.38|10074
11001|18.01|40.49|10075
11001|18.01|40.20|10076
11001|18.41|40.18|10077
11001|17.55|38.79|20041
11001|17.55|38.67|20042
11001|17.55|38.39|20043
11001|17.55|38.91|20044
11001|17.55|39.54|20045
11001|17.55|39.00|20046
11001|17.55|38.53|20047
11007|18.49|38.66|30421
11007|18.49|38.17|30422
11007|18.49|37.57|30423
11007|18.49|37.11|30424
11001|18.08|41.29|40071
11001|18.08|40.98|40072
11001|18.08|40.81|40073
11001|18.08|40.28|40074
11001|18.08|40.74|40075
11001|18.08|40.47|40076
11001|18.48|40.08|40077
11003|24.57|43.15|10161
11003|24.57|42.39|10162
11003|24.57|43.72|10163
11003|25.37|43.60|10164
11003|24.97|44.75|10165
11003|23.97|42.20|10166
11006|24.07|44.83|20384
11006|24.77|45.55|20385
11006|25.47|46.18|20386
11006|26.17|46.90|20387
11006|24.43|43.12|30372
11006|24.43|43.29|30373
11006|24.43|43.63|30374
11006|24.43|43.82|30375
11002|24.98|39.07|40091
11002|24.98|39.05|40092
11002|24.98|38.56|40093
11002|24.98|39.04|40094
11002|24.98|39.06|40095
11002|24.38|40.37|40096
11002|24.38|40.07|40097
#group_44499_2_3
54.83
11001|5.51|23.61|10011
11001|5.41|23.54|10012
11001|5.51|23.53|10013
11001|5.51|23.89|10014
11001|5.51|23.23|10015
11001|5.51|23.96|10016
11001|6.01|22.58|10017
11004|5.27|22.94|20257
11004|5.87|23.48|20258
11004|6.47|24.12|20259
11004|7.07|24.68|20260
11004|7.67|25.28|20261
11004|8.27|25.93|20262
11002|5.46|33.42|30081
11002|5.71|33.73|30082
11002|5.76|33.71|30083
11002|5.96|33.71|30084
11002|5.46|35.31|30085
11002|6.46|34.80|30086
11002|7.06|35.47|30087
11003|7.05|23.17|40224
11003|7.05|25.51|40225
11003|7.45|24.94|40226
11003|8.05|24.79|40227
11003|8.15|23.78|40228
11003|9.05|24.02|40229
11007|12.33|36.35|10401
11007|12.33|38.42|10402
11007|12.33|37.75|10403
11007|12.33|37.84|10404
11002|12.60|31.58|20111
11002|12.60|31.17|20112
11002|12.60|31.01|20113
11002|12.60|31.50|20114
11002|12.60|31.71|20115
11002|12.60|31.10|20116
11002|12.00|32.26|20117
11003|11.88|37.85|30215
11003|11.88|38.09|30216
11003|11.88|38.72|30217
11003|11.88|37.99|30218
11003|11.88|38.17|30219
11003|11.88|38.46|30220
11007|12.55|32.57|40406
11007|12.55|32.78|40407
11007|12.55|32.18|40408
11007|12.55|31.99|40409
11003|19.00|35.49|10224
11003|19.00|37.36|10225
11003|19.40|36.97|10226
11003|20.00|36.68|10227
11003|20.10|35.69|10228
11003|21.00|35.98|10229
11008|16.90|36.01|20439
11008|16.90|35.70|20440
11008|16.90|35.57|20441
11001|17.02|35.22|30011
11001|16.92|35.18|30012
11001|17.02|34.82|30013
11001|17.02|35.24|30014
11001|17.02|35.01|30015
11001|17.02|35.44|30016
11001|17.52|34.23|30017
11007|17.12|47.26|40396
11007|17.12|43.38|40397
11007|17.12|54.83|40398
11007|17.12|50.18|40399
11001|24.00|45.18|10041
11001|24.00|45.09|10042
11001|24.00|44.84|10043
11001|24.00|45.32|10044
11001|24.00|45.77|10045
11001|24.00|45.51|10046
11001|24.00|44.94|10047
11007|23.92|48.02|20401
11007|23.92|50.00|20402
11007|23.92|49.40|20403
11007|23.92|49.38|20404
11002|24.67|38.69|30091
11002|24.67|38.73|30092
11002|24.67|38.27|30093
11002|24.67|38.78|30094
11002|24.67|38.74|30095
11002|24.07|39.96|30096
11002|24.07|39.70|30097
11004|24.02|47.93|40249
11004|24.02|46.71|40250
11004|24.02|48.30|40251
11004|24.02|47.47|40252
11004|24.02|47.77|40253
11004|24.02|47.70|40254
#group_44499_2_4
56.13
11005|5.97|25.88|10305
11005|5.97|25.81|10306
11005|5.97|25.96|10307
11005|5.97|26.09|10308
11005|5.97|26.43|10309
11002|5.11|19.09|20151
11002|5.11|17.96|20152
11002|5.11|19.77|20153
11002|5.11|20.44|20154
11002|5.11|18.36|20155
11002|5.11|19.07|20156
11002|5.11|19.03|20157
11002|5.36|33.32|30081
11002|5.61|33.63|30082
11002|5.66|33.61|30083
11002|5.86|33.61|30084
11002|5.36|35.21|30085
11002|6.36|34.70|30086
11002|6.96|35.37|30087
11004|5.83|23.43|40257
11004|6.43|24.07|40258
11004|7.03|24.72|40259
11004|7.63|25.28|40260
11004|8.23|25.84|40261
11004|8.83|26.48|40262
11005|13.27|31.18|10312
11005|13.27|31.94|10313
11005|13.27|31.73|10314
11005|13.27|37.26|10315
11005|13.27|34.12|10316
11008|13.38|33.00|20451
11008|13.38|32.02|20452
11008|13.38|31.49|20453
11008|13.38|32.16|20454
11004|13.82|31.49|30257
11004|14.42|31.97|30258
11004|15.02|32.64|30259
11004|15.62|33.31|30260
11004|16.22|33.83|30261
11004|16.82|34.44|30262
11005|12.99|34.36|40347
11005|12.99|35.66|40348
11005|12.99|34.32|40349
11005|12.99|33.73|40350
11005|12.99|35.30|40351
11003|19.61|42.99|10170
11003|19.61|42.02|10171
11003|19.61|41.12|10172
11003|20.41|41.70|10173
11003|20.41|44.35|10174
11003|20.41|45.47|10175
11006|19.76|45.61|20354
11006|19.76|44.99|20355
11006|19.76|45.40|20356
11006|19.76|44.51|20357
11005|20.47|34.41|30319
11005|21.12|34.94|30320
11005|21.77|35.56|30321
11005|22.42|36.35|30322
11005|23.07|36.77|30323
11008|19.73|49.29|40435
11008|19.73|48.92|40436
11008|19.73|40.70|40437
11008|19.73|44.74|40438
11004|26.33|47.47|10241
11004|26.33|47.23|10242
11004|26.33|46.54|10243
11004|26.33|46.75|10244
11004|26.33|47.79|10245
11004|26.33|48.33|10246
11006|26.08|44.84|20372
11006|26.08|44.99|20373
11006|26.08|45.33|20374
11006|26.08|45.50|20375
11002|26.08|41.67|30131
11002|26.08|41.35|30132
11002|26.08|40.13|30133
11002|26.08|41.13|30134
11002|26.08|39.43|30135
11002|26.08|39.12|30136
11002|26.08|40.20|30137
11010|26.43|56.13|40482
11010|26.43|51.12|40483
#group_44499_2_5
56.19
11001|5.14|20.94|10051
11001|5.14|18.70|10052
11001|5.14|17.48|10053
11001|5.14|18.90|10054
11001|5.14|18.84|10055
11001|5.14|18.08|10056
11001|5.14|17.97|10057
11005|5.95|27.26|20347
11005|5.95|28.54|20348
11005|5.95|27.23|20349
11005|5.95|26.64|20350
11005|5.95|28.20|20351
11002|5.84|20.04|30151
11002|5.84|18.65|30152
11002|5.84|20.70|30153
11002|5.84|21.13|30154
11002|5.84|19.07|30155
11002|5.84|19.84|30156
11002|5.84|19.89|30157
11002|6.30|20.39|40091
11002|6.30|20.37|40092
11002|6.30|19.88|40093
11002|6.30|20.36|40094
11002|6.30|20.38|40095
11002|5.70|21.69|40096
11002|5.70|21.39|40097
11002|10.93|25.11|10151
11002|10.93|23.34|10152
11002|10.93|25.69|10153
11002|10.93|26.19|10154
11002|10.93|23.86|10155
11002|10.93|24.83|10156
11002|10.93|24.89|10157
11010|10.98|35.75|20490
11010|10.98|41.57|20491
11003|11.05|26.70|30188
11003|11.05|26.26|30189
11003|11.05|26.74|30190
11003|11.05|27.18|30191
11003|11.05|26.46|30192
11003|11.05|27.54|30193
11002|11.43|25.52|40091
11002|11.43|25.50|40092
11002|11.43|25.01|40093
11002|11.43|25.49|40094
11002|11.43|25.51|40095
11002|10.83|26.82|40096
11002|10.83|26.52|40097
11002|16.59|35.63|10121
11002|16.94|36.10|10122
11002|17.29|36.40|10123
11002|17.64|36.87|10124
11002|17.99|37.43|10125
11002|18.34|37.57|10126
11002|18.69|37.90|10127
11010|15.78|48.94|20492
11010|15.78|48.71|20493
11005|15.85|29.79|30319
11005|16.50|30.32|30320
11005|17.15|30.94|30321
11005|17.80|31.73|30322
11005|18.45|32.15|30323
11007|16.17|46.31|40396
11007|16.17|42.43|40397
11007|16.17|53.88|40398
11007|16.17|49.23|40399
11010|23.01|56.19|10492
11010|23.01|55.80|10493
11002|23.22|37.20|20151
11002|23.22|36.07|20152
11002|23.22|37.88|20153
11002|23.22|38.55|20154
11002|23.22|36.47|20155
11002|23.22|37.18|20156
11002|23.22|37.14|20157
11003|22.98|44.85|30197
11003|22.98|45.19|30198
11003|22.98|44.61|30199
11003|22.98|45.20|30200
11003|22.98|44.99|30201
11003|22.98|43.91|30202
11004|22.76|44.03|40233
11004|22.76|43.53|40234
11004|22.76|43.83|40235
11004|22.76|43.55|40236
11004|22.76|43.86|40237
11004|22.76|43.74|40238
#group_44499_2_6
57.53
11003|5.50|27.22|10197
11003|5.50|27.61|10198
11003|5.50|26.97|10199
11003|5.50|27.71|10200
11003|5.50|27.50|10201
11003|5.50|26.50|10202
11001|5.41|26.65|20041
11001|5.41|26.53|20042
11001|5.41|26.25|20043
11001|5.41|26.77|20044
11001|5.41|27.40|20045
11001|5.41|26.86|20046
11001|5.41|26.39|20047
11007|5.80|22.07|30426
11007|5.80|22.10|30427
11007|5.80|22.30|30428
11007|5.80|22.66|30429
11008|5.94|35.50|40435
11008|5.94|35.13|40436
11008|5.94|26.91|40437
11008|5.94|30.95|40438
11001|12.88|28.68|10051
11001|12.88|26.44|10052
11001|12.88|25.22|10053
11001|12.88|26.64|10054
11001|12.88|26.58|10055
11001|12.88|25.82|10056
11001|12.88|25.71|10057
11001|13.79|30.29|20061
11001|13.79|30.99|20062
11001|13.79|29.76|20063
11001|13.79|29.68|20064
11001|13.79|30.31|20065
11001|12.74|31.85|20066
11001|13.04|30.69|20067
11005|12.51|30.38|30312
11005|12.51|30.52|30313
11005|12.51|31.47|30314
11005|12.51|35.79|30315
11005|12.51|33.26|30316
11003|12.56|34.38|40197
11003|12.56|34.76|40198
11003|12.56|34.18|40199
11003|12.56|34.76|40200
11003|12.56|34.60|40201
11003|12.56|33.63|40202
11002|18.68|34.09|10131
11002|18.68|34.33|10132
11002|18.68|32.69|10133
11002|18.68|33.97|10134
11002|18.68|32.19|10135
11002|18.68|31.90|10136
11002|18.68|32.65|10137
11010|19.22|57.53|20488
11010|19.22|51.79|20489
11006|18.94|39.30|30360
11006|18.94|39.00|30361
11006|18.94|39.29|30362
11006|18.94|38.81|30363
11006|19.25|45.02|40354
11006|19.25|44.48|40355
11006|19.25|45.18|40356
11006|19.25|44.01|40357
11002|25.90|44.70|10111
11002|25.90|44.33|10112
11002|25.90|44.16|10113
11002|25.90|45.09|10114
11002|25.90|45.32|10115
11002|25.90|44.29|10116
11002|25.30|45.86|10117
11006|24.83|43.28|20366
11006|24.83|43.05|20367
11006|24.83|43.24|20368
11006|24.83|43.44|20369
11004|25.48|45.01|30289
11004|25.48|46.30|30290
11004|25.48|43.36|30291
11004|25.48|41.65|30292
11004|25.48|44.66|30293
11004|25.48|44.80|30294
11002|25.76|41.64|40141
11002|25.76|41.86|40142
11002|25.76|41.41|40143
11002|25.76|42.02|40144
11002|25.76|41.39|40145
11002|25.76|41.27|40146
11002|25.76|41.48|40147
#group_44499_2_7
65.08
11003|5.88|27.60|10197
11003|5.88|27.99|10198
11003|5.88|27.35|10199
11003|5.88|28.09|10200
11003|5.88|27.88|10201
11003|5.88|26.88|10202
11005|5.32|25.48|20326
11005|5.32|24.23|20327
11005|5.32|26.02|20328
11005|5.32|26.34|20329
11005|5.32|29.28|20330
11005|5.32|26.78|20331
11005|5.32|24.42|20332
11010|5.09|26.00|30486
11010|5.09|32.89|30487
11008|5.57|20.18|40443
11008|5.57|19.14|40444
11008|5.57|20.93|40445
11008|5.57|19.99|40446
11008|13.31|27.92|10443
11008|13.31|26.87|10444
11008|13.31|28.74|10445
11008|13.31|27.71|10446
11006|12.82|33.13|20360
11006|12.82|32.79|20361
11006|12.82|33.59|20362
11006|12.82|32.68|20363
11006|12.82|31.99|20364
11006|12.82|31.79|20365
11007|12.82|32.99|30421
11007|12.82|32.50|30422
11007|12.82|31.90|30423
11007|12.82|31.44|30424
11007|12.82|31.32|30425
11003|12.94|36.59|40179
11003|12.94|37.05|40180
11003|12.94|35.21|40181
11003|12.94|37.45|40182
11003|12.94|36.09|40183
11003|12.94|35.03|40184
11002|19.47|33.50|10091
11002|19.47|33.61|10092
11002|19.47|33.15|10093
11002|19.47|33.32|10094
11002|19.47|33.45|10095
11002|18.87|34.73|10096
11002|18.87|34.51|10097
11007|19.51|39.79|20421
11007|19.51|39.20|20422
11007|19.51|38.62|20423
11007|19.51|38.01|20424
11007|19.51|38.16|20425
11008|19.41|34.06|30443
11008|19.41|32.99|30444
11008|19.41|34.81|30445
11008|19.41|33.87|30446
11003|19.03|42.35|40170
11003|19.03|41.50|40171
11003|19.03|40.52|40172
11003|19.83|40.61|40173
11003|19.83|43.16|40174
11003|19.83|44.21|40175
11001|27.03|43.34|10031
11001|27.03|43.41|10032
11001|27.03|43.28|10033
11001|27.03|43.12|10034
11001|27.03|43.72|10035
11001|27.03|42.96|10036
11001|27.03|42.40|10037
11010|26.77|65.08|20488
11010|26.77|59.34|20489
11006|27.24|45.99|30366
11006|27.24|45.31|30367
11006|27.24|45.53|30368
11006|27.24|45.94|30369
11006|27.24|45.79|30370
11006|27.24|45.35|30371
11005|26.48|45.18|40333
11005|26.48|44.37|40334
11005|26.48|45.31|40335
11005|26.48|44.63|40336
11005|26.48|45.80|40337
11005|26.48|46.22|40338
11005|26.48|45.12|40339
#group_44499_2_8
58.23
11004|5.98|21.10|10273
11004|5.98|21.36|10274
11004|5.98|21.86|10275
11004|5.98|21.56|10276
11004|5.98|21.70|10277
11004|5.98|22.23|10278
11003|5.50|31.49|20215
11003|5.50|31.66|20216
11003|5.50|32.30|20217
11003|5.50|31.70|20218
11003|5.50|31.95|20219
11003|5.50|32.07|20220
11008|5.73|21.27|30455
11008|5.73|21.05|30456
11008|5.73|18.60|30457
11003|5.93|31.92|40215
11003|5.93|32.13|40216
11003|5.93|32.78|40217
11003|5.93|32.05|40218
11003|5.93|32.28|40219
11003|5.93|32.54|40220
11006|12.91|32.24|10378
11006|12.91|32.80|10379
11006|12.91|32.54|10380
11006|12.91|32.37|10381
11002|13.39|32.55|20121
11002|13.74|32.60|20122
11002|14.09|33.21|20123
11002|14.44|33.87|20124
11002|14.79|34.21|20125
11002|15.14|34.28|20126
11002|15.49|34.64|20127
11004|13.23|28.34|30273
11004|13.23|28.63|30274
11004|13.23|29.06|30275
11004|13.23|28.81|30276
11004|13.23|28.93|30277
11004|13.23|29.48|30278
11004|12.57|30.17|40257
11004|13.17|30.81|40258
11004|13.77|31.46|40259
11004|14.37|32.02|40260
11004|14.97|32.58|40261
11004|15.57|33.22|40262
11003|20.37|36.86|10224
11003|20.37|38.73|10225
11003|20.77|38.34|10226
11003|21.37|38.05|10227
11003|21.47|37.06|10228
11003|22.37|37.35|10229
11004|18.47|36.67|20265
11004|18.47|36.32|20266
11004|18.47|36.90|20267
11004|18.47|37.35|20268
11004|18.47|37.80|20269
11004|18.47|37.56|20270
11007|17.82|47.83|30396
11007|17.82|43.81|30397
11007|17.82|55.41|30398
11007|17.82|50.97|30399
11008|18.08|32.69|40443
11008|18.08|31.65|40444
11008|18.08|33.44|40445
11010|23.80|53.42|10482
11010|23.80|48.07|10483
11010|23.44|53.10|20482
11010|23.44|47.88|20483
11003|24.24|42.93|30161
11003|24.24|42.14|30162
11003|24.24|43.42|30163
11003|25.04|43.39|30164
11003|24.64|44.49|30165
11003|23.64|41.90|30166
11002|23.28|39.16|40141
11002|23.28|39.38|40142
11002|23.28|38.93|40143
11002|23.28|39.54|40144
11002|23.28|38.91|40145
11002|23.28|38.79|40146
11002|23.28|39.00|40147
11010|28.61|58.23|10482
11010|28.61|52.88|10483
11008|29.21|47.82|20447
11008|29.21|49.58|20448
11008|29.21|49.11|20449
11001|28.90|52.27|30071
11001|28.90|51.64|30072
11001|28.90|51.71|30073
11001|28.90|51.02|30074
11001|28.90|51.62|30075
11001|28.90|51.25|30076
11001|29.30|50.99|30077
11008|29.38|48.68|40431
11008|29.38|48.76|40432
11008|29.38|50.14|40433
#group_44499_2_9
61.66
11002|6.41|20.44|10091
11002|6.41|20.55|10092
11002|6.41|20.09|10093
11002|6.41|20.26|10094
11002|6.41|20.39|10095
11002|5.81|21.67|10096
11002|5.81|21.45|10097
11007|5.96|32.43|20416
11007|5.96|29.80|20417
11007|5.96|35.33|20418
11007|5.96|34.54|20419
11007|5.96|33.71|20420
11003|5.46|27.33|30197
11003|5.46|27.67|30198
11003|5.46|27.09|30199
11003|5.46|27.68|30200
11003|5.46|27.47|30201
11003|5.46|26.39|30202
11001|5.18|26.49|40041
11001|5.18|26.33|40042
11001|5.18|26.08|40043
11001|5.18|26.45|40044
11001|5.18|27.14|40045
11001|5.18|26.69|40046
11001|5.18|26.21|40047
11004|10.19|31.33|10241
11004|10.19|31.09|10242
11004|10.19|30.40|10243
11004|10.19|30.61|10244
11004|10.19|31.65|10245
11004|10.19|32.19|10246
11003|10.16|32.05|20197
11003|10.16|32.32|20198
11003|10.16|31.67|20199
11003|10.16|32.38|20200
11003|10.16|32.18|20201
11003|10.16|31.08|20202
11007|10.99|27.26|30426
11007|10.99|27.29|30427
11007|10.99|27.49|30428
11007|10.99|27.85|30429
11007|10.99|27.49|30430
11005|10.41|28.40|40312
11005|10.41|28.74|40313
11005|10.41|28.92|40314
11005|10.41|32.82|40315
11005|10.41|30.75|40316
11005|17.79|36.52|10333
11005|17.79|35.74|10334
11005|17.79|36.59|10335
11005|17.79|35.94|10336
11005|17.79|37.31|10337
11010|17.62|49.59|20480
11010|17.62|49.39|20481
11005|17.36|35.96|30333
11005|17.36|35.19|30334
11005|17.36|36.18|30335
11005|17.36|35.43|30336
11005|17.36|36.78|30337
11010|17.23|50.46|40492
11010|17.23|49.88|40493
11010|23.42|61.66|10488
11010|23.42|55.75|10489
11004|24.10|48.01|20249
11004|24.10|46.79|20250
11004|24.10|48.38|20251
11004|24.10|47.55|20252
11004|24.10|47.85|20253
11004|24.10|47.78|20254
11001|23.42|40.12|30021
11001|23.84|40.74|30022
11001|24.26|41.18|30023
11001|24.68|41.65|30024
11001|25.10|41.95|30025
11001|25.52|42.48|30026
11001|25.94|42.86|30027
11003|24.41|43.00|40161
11003|24.41|42.06|40162
11003|24.41|43.63|40163
11003|25.21|43.58|40164
11003|24.81|44.54|40165
11003|23.81|42.06|40166
#group_44499_3_1
64.18
11004|5.89|23.67|10257
11004|6.49|24.12|10258
11004|7.09|24.69|10259
11004|7.69|25.28|10260
11004|8.29|25.94|10261
11004|8.89|26.54|10262
11004|9.49|27.13|10263
11004|10.09|27.73|10264
11001|6.06|24.04|20011
11001|5.96|24.11|20012
11001|6.06|23.74|20013
11001|6.06|24.43|20014
11001|6.06|23.80|20015
11001|6.06|24.34|20016
11001|6.56|23.11|20017
11001|6.86|23.37|20018
11001|6.56|23.40|20019
11001|6.56|23.32|20020
11003|5.55|29.15|30179
11003|5.55|29.57|30180
11003|5.55|27.88|30181
11003|5.55|29.99|30182
11003|5.55|28.70|30183
11003|5.55|27.63|30184
11003|5.55|31.69|30185
11003|5.55|28.53|30186
11003|5.55|29.26|30187
11017|5.64|39.85|40556
11010|11.43|38.59|10484
11010|11.43|37.69|10485
11009|11.52|42.54|20477
11009|11.52|42.69|20478
11009|11.52|42.22|20479
11006|11.54|31.79|30390
11006|11.54|31.14|30391
11006|11.54|32.15|30392
11006|11.54|31.92|30393
11006|11.54|31.04|30394
11006|11.54|31.24|30395
11002|11.49|27.37|40141
11002|11.49|27.59|40142
11002|11.49|27.14|40143
11002|11.49|27.75|40144
11002|11.49|27.12|40145
11002|11.49|27.00|40146
11002|11.49|27.21|40147
11002|11.49|26.83|40148
11002|11.49|26.94|40149
11002|11.49|26.49|40150
11001|18.54|34.34|10051
11001|18.54|32.10|10052
11001|18.54|30.88|10053
11001|18.54|32.30|10054
11001|18.54|32.24|10055
11001|18.54|31.48|10056
11001|18.54|31.37|10057
11001|18.54|30.75|10058
11001|18.54|32.68|10059
11001|18.54|32.75|10060
11007|18.00|34.29|20426
11007|18.00|34.33|20427
11007|18.00|34.67|20428
11007|18.00|34.86|20429
11007|18.00|34.48|20430
11017|18.89|64.18|30560
11011|18.81|51.85|40498
11009|25.03|56.44|10477
11009|25.03|56.21|10478
11009|25.03|55.68|10479
11010|24.29|56.26|20480
11010|24.29|56.06|20481
11009|25.07|56.41|30477
11009|25.07|56.47|30478
11009|25.07|56.19|30479
11013|25.07|58.13|40518
#group_44499_3_10
64.77
11008|5.52|21.10|10455
11008|5.52|21.07|10456
11008|5.52|18.39|10457
11008|5.52|16.91|10458
11006|5.13|25.44|20360
11006|5.13|25.10|20361
11006|5.13|25.90|20362
11006|5.13|24.99|20363
11001|5.09|22.40|30001
11001|5.89|22.71|30002
11001|5.99|22.52|30003
11001|5.79|23.78|30004
11001|5.69|23.23|30005
11001|5.59|22.69|30006
11001|5.89|22.00|30007
11012|5.65|38.15|40504
11012|10.35|42.24|10504
11003|11.65|30.49|20161
11003|11.65|29.53|20162
11003|11.65|31.01|20163
11003|12.45|30.72|20164
11003|12.05|31.76|20165
11003|11.05|29.30|20166
11005|10.41|24.35|30319
11005|11.06|24.88|30320
11005|11.71|25.50|30321
11005|12.36|26.29|30322
11005|13.01|26.71|30323
11003|10.28|25.97|40188
11003|10.28|25.51|40189
11003|10.28|25.96|40190
11003|10.28|26.85|40191
11003|10.28|25.64|40192
11003|10.28|26.80|40193
11009|16.23|47.64|10477
11009|16.23|47.41|10478
11009|16.23|46.88|10479
11002|15.93|31.49|20131
11002|15.93|26.41|20132
11002|15.93|29.93|20133
11002|15.93|30.70|20134
11002|15.93|29.48|20135
11002|15.93|28.83|20136
11002|15.93|29.95|20137
11002|16.14|31.73|30131
11002|16.14|31.41|30132
11002|16.14|30.19|30133
11002|16.14|31.19|30134
11002|16.14|29.49|30135
11002|16.14|29.18|30136
11002|16.14|30.26|30137
11003|16.98|35.57|40161
11003|16.98|34.63|40162
11003|16.98|36.20|40163
11003|17.78|36.15|40164
11003|17.38|37.11|40165
11003|16.38|34.63|40166
11008|24.16|43.62|10451
11008|24.16|42.76|10452
11008|24.16|42.21|10453
11008|24.16|42.95|10454
11005|24.26|45.57|20347
11005|24.26|46.85|20348
11005|24.26|45.54|20349
11005|24.26|44.95|20350
11005|24.26|46.51|20351
11007|24.15|44.28|30406
11007|24.15|44.40|30407
11007|24.15|43.81|30408
11007|24.15|43.58|30409
11009|24.59|43.53|40462
11009|25.79|44.65|40463
11009|26.99|45.94|40464
11009|29.56|60.43|10468
11009|29.56|57.21|10469
11009|29.56|61.32|10470
11007|29.52|45.81|20426
11007|29.52|45.85|20427
11007|29.52|46.19|20428
11007|29.52|46.38|20429
11012|29.01|64.77|30510
11002|29.55|43.49|40151
11002|29.55|42.52|40152
11002|29.55|44.22|40153
11002|29.55|44.91|40154
11002|29.55|42.92|40155
11002|29.55|43.40|40156
11002|29.55|43.62|40157
#group_44499_3_11
54.48
11009|5.30|27.27|10471
11009|5.30|26.53|10472
11009|5.30|27.66|10473
11003|5.62|28.98|20179
11003|5.62|29.33|20180
11003|5.62|27.96|20181
11003|5.62|29.84|20182
11003|5.62|28.71|20183
11003|5.62|27.66|20184
11003|5.62|31.75|20185
11003|5.62|28.67|20186
11003|5.62|29.25|20187
11012|5.71|40.83|30506
11013|5.66|37.67|40523
11005|10.82|28.73|10312
11005|10.82|29.49|10313
11005|10.82|29.28|10314
11005|10.82|34.81|10315
11005|10.82|31.67|10316
11005|10.82|28.97|10317
11005|10.82|28.79|10318
11009|11.04|42.06|20477
11009|11.04|42.21|20478
11009|11.04|41.74|20479
11012|11.53|39.21|30509
11007|10.97|27.26|40426
11007|10.97|27.31|40427
11007|10.97|27.43|40428
11007|10.97|27.86|40429
11007|10.97|27.44|40430
11004|16.87|38.33|10297
11004|16.87|38.29|10298
11004|16.87|39.03|10299
11004|16.87|39.05|10300
11004|16.87|38.61|10301
11004|16.87|37.83|10302
11004|16.87|37.38|10303
11004|16.87|39.65|10304
11004|16.94|38.43|20297
11004|16.94|38.45|20298
11004|16.94|39.15|20299
11004|16.94|39.22|20300
11004|16.94|38.90|20301
11004|16.94|38.05|20302
11004|16.94|37.36|20303
11004|16.94|39.81|20304
11009|17.42|39.29|30471
11009|17.42|38.54|30472
11009|17.42|39.55|30473
11009|17.58|40.29|40459
11009|17.58|42.41|40460
11009|17.58|43.28|40461
11005|23.55|42.28|10333
11005|23.55|41.50|10334
11005|23.55|42.35|10335
11005|23.55|41.70|10336
11005|23.55|43.07|10337
11005|23.55|43.30|10338
11005|23.55|42.39|10339
11002|24.12|52.14|20081
11002|24.37|52.47|20082
11002|24.42|52.49|20083
11002|24.62|52.47|20084
11002|24.12|54.17|20085
11002|25.12|53.76|20086
11002|25.72|54.48|20087
11002|25.72|53.97|20088
11002|25.72|53.83|20089
11002|25.72|52.99|20090
11008|24.41|43.69|30431
11008|24.41|43.64|30432
11008|24.41|45.08|30433
11008|24.41|43.58|30434
11010|24.33|51.75|40484
11010|24.33|50.52|40485
#group_44499_3_12
61.25
11007|5.04|29.06|10401
11007|5.04|31.13|10402
11007|5.04|30.46|10403
11007|5.04|30.55|10404
11007|5.04|29.74|10405
11003|5.35|28.68|20170
11003|5.35|27.78|20171
11003|5.35|26.85|20172
11003|6.15|27.32|20173
11003|6.15|30.27|20174
11003|6.15|31.99|20175
11003|6.15|32.51|20176
11003|5.35|30.83|20177
11003|6.45|31.09|20178
11006|5.99|26.35|30360
11006|5.99|26.05|30361
11006|5.99|26.34|30362
11006|5.99|25.86|30363
11006|5.99|25.08|30364
11006|5.99|24.95|30365
11007|5.12|21.41|40426
11007|5.12|21.46|40427
11007|5.12|21.58|40428
11007|5.12|22.01|40429
11007|5.12|21.59|40430
11003|11.64|37.57|10215
11003|11.64|37.81|10216
11003|11.64|38.47|10217
11003|11.64|37.81|10218
11003|11.64|37.96|10219
11003|11.64|38.28|10220
11003|11.64|38.32|10221
11003|11.64|39.77|10222
11003|11.64|39.91|10223
11010|12.11|45.27|20492
11010|12.11|45.04|20493
11010|12.13|50.59|30488
11010|12.13|45.23|30489
11001|13.38|29.89|40061
11001|13.38|30.57|40062
11001|13.38|29.41|40063
11001|13.38|28.90|40064
11001|13.38|30.01|40065
11001|12.33|31.45|40066
11001|12.63|30.08|40067
11005|17.90|38.35|10326
11005|17.90|36.82|10327
11005|17.90|38.97|10328
11005|17.90|38.66|10329
11005|17.90|41.54|10330
11005|17.90|39.87|10331
11005|17.90|37.17|10332
11001|17.22|33.56|20031
11001|17.22|33.63|20032
11001|17.22|33.45|20033
11001|17.22|33.32|20034
11001|17.22|34.00|20035
11001|17.22|33.20|20036
11001|17.22|32.59|20037
11007|18.14|42.19|30401
11007|18.14|44.40|30402
11007|18.14|43.61|30403
11007|18.14|43.70|30404
11007|18.14|42.77|30405
11001|18.11|34.44|40031
11001|18.11|34.53|40032
11001|18.11|34.33|40033
11001|18.11|34.32|40034
11001|18.11|35.00|40035
11001|18.11|34.03|40036
11001|18.11|33.48|40037
11011|23.22|59.70|10496
11007|22.73|39.02|20426
11007|22.73|39.06|20427
11007|22.73|39.40|20428
11007|22.73|39.59|20429
11007|22.73|39.21|20430
11012|23.13|61.25|30513
11002|22.97|36.91|40151
11002|22.97|35.94|40152
11002|22.97|37.64|40153
11002|22.97|38.33|40154
11002|22.97|36.34|40155
11002|22.97|36.82|40156
11002|22.97|37.04|40157
#group_44499_3_13
57.70
11002|5.90|19.93|10091
11002|5.90|20.04|10092
11002|5.90|19.58|10093
11002|5.90|19.75|10094
11002|5.90|19.88|10095
11002|5.30|21.16|10096
11002|5.30|20.94|10097
11001|5.31|22.10|20021
11001|5.73|22.66|20022
11001|6.15|23.02|20023
11001|6.57|23.44|20024
11001|6.99|23.91|20025
11001|7.41|24.34|20026
11001|7.83|24.72|20027
11002|5.16|19.36|30151
11002|5.16|17.97|30152
11002|5.16|20.02|30153
11002|5.16|20.45|30154
11002|5.16|18.39|30155
11002|5.16|19.16|30156
11002|5.16|19.21|30157
11011|5.12|35.58|40494
11008|10.77|39.46|10435
11008|10.77|39.14|10436
11008|10.77|31.69|10437
11008|10.77|34.80|10438
11008|11.54|30.65|20439
11008|11.54|30.34|20440
11008|11.54|30.21|20441
11008|11.54|31.15|20442
11003|11.68|33.55|30197
11003|11.68|33.89|30198
11003|11.68|33.31|30199
11003|11.68|33.90|30200
11003|11.68|33.69|30201
11003|11.68|32.61|30202
11017|11.31|57.03|40558
11003|17.52|43.45|10215
11003|17.52|43.69|10216
11003|17.52|44.35|10217
11003|17.52|43.69|10218
11003|17.52|43.84|10219
11003|17.52|44.16|10220
11011|16.98|45.26|20495
11008|17.20|35.91|30439
11008|17.20|35.97|30440
11008|17.20|35.75|30441
11008|17.20|36.79|30442
11008|17.26|46.82|40435
11008|17.26|46.45|40436
11008|17.26|38.23|40437
11008|17.26|42.27|40438
11003|23.17|44.89|10197
11003|23.17|45.28|10198
11003|23.17|44.64|10199
11003|23.17|45.38|10200
11003|23.17|45.17|10201
11003|23.17|44.17|10202
11001|23.34|39.68|20031
11001|23.34|39.75|20032
11001|23.34|39.57|20033
11001|23.34|39.44|20034
11001|23.34|40.12|20035
11001|23.34|39.32|20036
11001|23.34|38.71|20037
11013|22.89|54.19|30517
11010|23.37|48.25|40490
11010|23.37|54.10|40491
11007|28.51|54.21|10416
11007|28.51|52.18|10417
11007|28.51|57.70|10418
11007|28.51|56.98|10419
11007|28.51|55.90|10420
11009|29.30|51.16|20471
11009|29.30|50.45|20472
11009|29.30|51.67|20473
11002|28.80|48.87|30101
11002|28.80|47.79|30102
11002|28.80|48.23|30103
11002|28.80|48.52|30104
11002|28.80|47.65|30105
11002|28.80|48.85|30106
11002|28.80|45.45|30107
11004|28.73|50.00|40233
11004|28.73|49.50|40234
11004|28.73|49.80|40235
11004|28.73|49.52|40236
11004|28.73|49.83|40237
11004|28.73|49.71|40238
11004|28.73|50.05|40239
11004|28.73|50.09|40240
#group_44499_3_14
61.55
11012|5.93|41.81|10510
11003|5.12|28.48|20179
11003|5.12|28.83|20180
11003|5.12|27.46|20181
11003|5.12|29.34|20182
11003|5.12|28.21|20183
11003|5.12|27.16|20184
11013|5.99|33.22|30514
11006|5.55|24.22|40366
11006|5.55|23.66|40367
11006|5.55|23.86|40368
11006|5.55|24.07|40369
11006|5.55|23.83|40370
11006|5.55|23.61|40371
11006|11.44|30.77|10378
11006|11.44|31.33|10379
11006|11.44|31.07|10380
11006|11.44|30.90|10381
11006|11.44|28.37|10382
11006|11.44|31.13|10383
11013|11.36|38.43|20514
11003|10.79|26.44|30188
11003|10.79|26.00|30189
11003|10.79|26.48|30190
11003|10.79|26.92|30191
11003|10.79|26.20|30192
11003|10.79|27.28|30193
11001|11.04|27.37|40031
11001|11.04|27.46|40032
11001|11.04|27.26|40033
11001|11.04|27.25|40034
11001|11.04|27.93|40035
11001|11.04|26.96|40036
11001|11.04|26.41|40037
11011|18.43|61.55|10502
11002|18.87|32.85|20151
11002|18.87|31.72|20152
11002|18.87|33.53|20153
11002|18.87|34.20|20154
11002|18.87|32.12|20155
11002|18.87|32.83|20156
11002|18.87|32.79|20157
11009|18.21|34.21|30474
11009|18.21|32.72|30475
11009|18.21|35.96|30476
11001|18.44|33.77|40051
11001|18.44|31.85|40052
11001|18.44|30.82|40053
11001|18.44|31.99|40054
11001|18.44|31.94|40055
11001|18.44|31.36|40056
11001|18.44|31.17|40057
11013|26.01|59.06|10518
11002|25.79|40.09|20091
11002|25.79|39.94|20092
11002|25.79|39.37|20093
11002|25.79|39.90|20094
11002|25.79|39.93|20095
11002|25.19|41.08|20096
11002|25.19|40.96|20097
11003|27.11|43.35|30224
11003|27.11|45.75|30225
11003|27.51|45.02|30226
11003|28.11|44.74|30227
11003|28.21|43.98|30228
11003|29.11|44.07|30229
11001|25.17|46.48|40041
11001|25.17|46.32|40042
11001|25.17|46.07|40043
11001|25.17|46.44|40044
11001|25.17|47.13|40045
11001|25.17|46.68|40046
11001|25.17|46.20|40047
#group_44499_3_15
63.35
11007|5.92|29.94|10401
11007|5.92|32.01|10402
11007|5.92|31.34|10403
11007|5.92|31.43|10404
11007|5.92|30.62|10405
11010|5.33|32.59|20484
11010|5.33|31.91|20485
11002|5.64|21.32|30141
11002|5.64|21.85|30142
11002|5.64|21.33|30143
11002|5.64|21.77|30144
11002|5.64|21.26|30145
11002|5.64|21.67|30146
11002|5.64|21.33|30147
11002|5.70|25.65|40101
11002|5.70|24.67|40102
11002|5.70|25.05|40103
11002|5.70|25.39|40104
11002|5.70|24.51|40105
11002|5.70|25.66|40106
11002|5.70|22.35|40107
11003|12.88|38.81|10215
11003|12.88|39.05|10216
11003|12.88|39.71|10217
11003|12.88|39.05|10218
11003|12.88|39.20|10219
11003|12.88|39.52|10220
11002|13.28|28.84|20131
11002|13.28|23.76|20132
11002|13.28|27.28|20133
11002|13.28|28.05|20134
11002|13.28|26.83|20135
11002|13.28|26.18|20136
11002|13.28|27.30|20137
11007|13.23|37.28|30401
11007|13.23|39.49|30402
11007|13.23|38.70|30403
11007|13.23|38.79|30404
11007|13.23|37.86|30405
11013|13.20|53.95|40519
11005|20.16|33.96|10319
11005|20.81|34.56|10320
11005|21.46|35.25|10321
11005|22.11|35.93|10322
11005|22.76|36.51|10323
11005|23.41|37.14|10324
11005|24.06|37.79|10325
11007|19.54|46.01|20416
11007|19.54|43.38|20417
11007|19.54|48.91|20418
11007|19.54|48.12|20419
11007|19.54|47.29|20420
11004|20.11|37.78|30257
11004|20.71|38.26|30258
11004|21.31|38.93|30259
11004|21.91|39.60|30260
11004|22.51|40.12|30261
11004|23.11|40.73|30262
11004|23.71|41.32|30263
11004|24.31|41.88|30264
11007|19.96|39.81|40411
11007|19.96|39.85|40412
11007|19.96|38.96|40413
11007|19.96|40.50|40414
11007|19.96|36.73|40415
11007|26.33|55.82|10396
11007|26.33|52.46|10397
11007|26.33|63.35|10398
11007|26.33|60.48|10399
11007|26.33|52.47|10400
11009|26.81|57.83|20477
11009|26.81|57.98|20478
11009|26.81|57.51|20479
11011|26.44|60.85|30499
11007|26.38|46.23|40411
11007|26.38|46.27|40412
11007|26.38|45.38|40413
11007|26.38|46.92|40414
11007|26.38|43.15|40415
#group_44499_3_2
66.59
11003|5.31|31.24|10215
11003|5.31|31.48|10216
11003|5.31|32.14|10217
11003|5.31|31.48|10218
11003|5.31|31.63|10219
11003|5.31|31.95|10220
11003|5.31|31.99|10221
11003|5.31|33.44|10222
11003|5.31|33.58|10223
11010|5.25|43.56|20488
11010|5.25|37.82|20489
11009|5.33|24.10|30462
11009|6.53|25.53|30463
11009|7.73|26.60|30464
11010|5.79|37.41|40480
11010|5.79|37.35|40481
11011|12.58|44.87|10503
11006|12.53|38.38|20354
11006|12.53|37.76|20355
11006|12.53|38.17|20356
11006|12.53|37.28|20357
11006|12.53|38.40|20358
11006|12.53|38.32|20359
11004|13.03|28.14|30273
11004|13.03|28.43|30274
11004|13.03|28.86|30275
11004|13.03|28.61|30276
11004|13.03|28.73|30277
11004|13.03|29.28|30278
11004|13.03|28.98|30279
11004|13.03|29.29|30280
11006|12.34|31.01|40366
11006|12.34|30.45|40367
11006|12.34|30.65|40368
11006|12.34|30.86|40369
11006|12.34|30.62|40370
11006|12.34|30.40|40371
11017|18.52|66.59|10561
11009|18.10|49.09|20468
11009|18.10|45.79|20469
11009|18.10|49.85|20470
11011|17.92|54.64|30496
11012|17.93|51.16|40505
11013|26.09|55.82|10515
11017|26.14|50.40|20557
11001|25.87|43.18|30001
11001|26.67|43.49|30002
11001|26.77|43.30|30003
11001|26.57|44.56|30004
11001|26.47|44.01|30005
11001|26.37|43.47|30006
11001|26.67|42.78|30007
11001|26.47|44.42|30008
11001|25.87|43.94|30009
11001|26.47|43.44|30010
11001|26.08|43.38|40001
11001|26.88|43.69|40002
11001|26.98|43.61|40003
11001|26.78|44.75|40004
11001|26.68|44.17|40005
11001|26.58|43.67|40006
11001|26.88|43.03|40007
11001|26.68|44.57|40008
11001|26.08|44.01|40009
11001|26.68|43.62|40010
#group_44499_3_3
61.18
11010|5.15|32.31|10484
11010|5.15|31.41|10485
11005|5.22|25.15|20305
11005|5.22|24.96|20306
11005|5.22|25.15|20307
11005|5.22|25.27|20308
11005|5.22|25.62|20309
11005|5.22|24.97|20310
11005|5.22|24.29|20311
11002|5.78|33.74|30081
11002|6.03|34.05|30082
11002|6.08|34.03|30083
11002|6.28|34.03|30084
11002|5.78|35.63|30085
11002|6.78|35.12|30086
11002|7.38|35.79|30087
11002|5.84|24.77|40121
11002|6.19|25.08|40122
11002|6.54|25.75|40123
11002|6.89|26.07|40124
11002|7.24|26.42|40125
11002|7.59|26.81|40126
11002|7.94|27.13|40127
11007|11.05|40.54|10396
11007|11.05|37.18|10397
11007|11.05|48.07|10398
11007|11.05|45.20|10399
11007|11.05|37.19|10400
11008|11.64|27.20|20455
11008|11.64|26.82|20456
11008|11.64|24.47|20457
11008|11.64|23.12|20458
11009|11.30|35.35|30465
11009|11.30|39.79|30466
11009|11.30|33.06|30467
11007|11.46|37.90|40416
11007|11.46|35.21|40417
11007|11.46|41.90|40418
11007|11.46|39.87|40419
11007|11.46|38.71|40420
11008|18.20|33.78|10455
11008|18.20|33.75|10456
11008|18.20|31.07|10457
11008|18.20|29.59|10458
11007|17.93|38.21|20421
11007|17.93|37.62|20422
11007|17.93|37.04|20423
11007|17.93|36.43|20424
11007|17.93|36.58|20425
11003|18.75|44.72|30215
11003|18.75|44.96|30216
11003|18.75|45.59|30217
11003|18.75|44.86|30218
11003|18.75|45.04|30219
11003|18.75|45.33|30220
11002|18.80|32.89|40091
11002|18.80|32.87|40092
11002|18.80|32.38|40093
11002|18.80|32.86|40094
11002|18.80|32.88|40095
11002|18.20|34.19|40096
11002|18.20|33.89|40097
11007|22.79|48.49|10416
11007|22.79|46.46|10417
11007|22.79|51.98|10418
11007|22.79|51.26|10419
11007|22.79|50.18|10420
11013|23.28|55.88|20518
11009|23.26|45.89|30459
11009|23.26|48.10|30460
11009|23.26|48.98|30461
11010|22.81|61.18|40488
11010|22.81|55.90|40489
11005|29.41|49.32|10305
11005|29.41|49.25|10306
11005|29.41|49.40|10307
11005|29.41|49.53|10308
11005|29.41|49.87|10309
11005|29.41|49.13|10310
11005|29.41|48.60|10311
11001|29.93|51.17|20041
11001|29.93|51.05|20042
11001|29.93|50.77|20043
11001|29.93|51.29|20044
11001|29.93|51.92|20045
11001|29.93|51.38|20046
11001|29.93|50.91|20047
#group_44499_3_4
55.43
11001|5.08|21.39|10031
11001|5.08|21.46|10032
11001|5.08|21.33|10033
11001|5.08|21.17|10034
11001|5.08|21.77|10035
11001|5.08|21.01|10036
11001|5.08|20.45|10037
11009|5.93|29.82|20465
11009|5.93|35.85|20466
11009|5.93|27.99|20467
11005|5.30|23.17|30312
11005|5.30|23.31|30313
11005|5.30|24.26|30314
11005|5.30|28.58|30315
11005|5.30|26.05|30316
11005|5.30|23.05|30317
11005|5.30|22.95|30318
11017|5.17|50.89|40558
11010|11.22|35.76|10490
11010|11.22|41.86|10491
11001|11.40|29.38|20011
11001|11.30|29.45|20012
11001|11.40|29.08|20013
11001|11.40|29.77|20014
11001|11.40|29.14|20015
11001|11.40|29.68|20016
11001|11.90|28.45|20017
11006|11.25|30.52|30378
11006|11.25|31.39|30379
11006|11.25|31.00|30380
11006|11.25|29.75|30381
11006|11.25|28.13|30382
11006|11.25|31.25|30383
11001|10.93|34.14|40071
11001|10.93|33.83|40072
11001|10.93|33.66|40073
11001|10.93|33.13|40074
11001|10.93|33.59|40075
11001|10.93|33.32|40076
11001|11.33|32.93|40077
11004|18.19|35.97|10257
11004|18.79|36.42|10258
11004|19.39|36.99|10259
11004|19.99|37.58|10260
11004|20.59|38.24|10261
11004|21.19|38.84|10262
11001|18.20|39.44|20041
11001|18.20|39.32|20042
11001|18.20|39.04|20043
11001|18.20|39.56|20044
11001|18.20|40.19|20045
11001|18.20|39.65|20046
11001|18.20|39.18|20047
11011|18.27|52.68|30499
11001|18.21|39.52|40041
11001|18.21|39.36|40042
11001|18.21|39.11|40043
11001|18.21|39.48|40044
11001|18.21|40.17|40045
11001|18.21|39.72|40046
11001|18.21|39.24|40047
11005|26.74|45.47|10333
11005|26.74|44.69|10334
11005|26.74|45.54|10335
11005|26.74|44.89|10336
11005|26.74|46.26|10337
11005|26.74|46.49|10338
11005|26.74|45.58|10339
11007|26.06|52.53|20416
11007|26.06|49.90|20417
11007|26.06|55.43|20418
11007|26.06|54.64|20419
11007|26.06|53.81|20420
11005|25.82|41.06|30340
11005|25.82|41.21|30341
11005|25.82|41.49|30342
11005|25.82|41.27|30343
11005|25.82|41.15|30344
11005|25.82|41.21|30345
11005|25.82|41.59|30346
11003|26.48|50.13|40179
11003|26.48|50.59|40180
11003|26.48|48.75|40181
11003|26.48|50.99|40182
11003|26.48|49.63|40183
11003|26.48|48.57|40184
#group_44499_3_5
76.96
11001|5.98|21.78|10051
11001|5.98|19.54|10052
11001|5.98|18.32|10053
11001|5.98|19.74|10054
11001|5.98|19.68|10055
11001|5.98|18.92|10056
11001|5.98|18.81|10057
11009|5.56|21.60|20474
11009|5.56|20.04|20475
11009|5.56|23.19|20476
11003|5.04|28.35|30170
11003|5.04|27.39|30171
11003|5.04|26.50|30172
11003|5.84|26.50|30173
11003|5.84|28.88|30174
11003|5.84|30.19|30175
11001|5.26|28.47|40071
11001|5.26|28.16|40072
11001|5.26|27.99|40073
11001|5.26|27.46|40074
11001|5.26|27.92|40075
11001|5.26|27.65|40076
11001|5.66|27.26|40077
11001|11.53|28.76|10001
11001|12.33|29.19|10002
11001|12.43|28.94|10003
11001|12.23|30.16|10004
11001|12.13|29.68|10005
11001|12.03|29.08|10006
11001|12.33|28.46|10007
11008|11.22|40.48|20435
11008|11.22|39.59|20436
11008|11.22|32.19|20437
11008|11.22|36.16|20438
11011|11.47|38.22|30501
11003|11.47|34.79|40170
11003|11.47|33.94|40171
11003|11.47|32.96|40172
11003|12.27|33.05|40173
11003|12.27|35.60|40174
11003|12.27|36.65|40175
11008|17.67|36.91|10431
11008|17.67|37.00|10432
11008|17.67|38.65|10433
11008|17.67|37.03|10434
11002|18.83|33.13|20091
11002|18.83|32.98|20092
11002|18.83|32.41|20093
11002|18.83|32.94|20094
11002|18.83|32.97|20095
11002|18.23|34.12|20096
11002|18.23|34.00|20097
11004|18.22|37.75|30289
11004|18.22|39.04|30290
11004|18.22|36.10|30291
11004|18.22|34.39|30292
11004|18.22|37.40|30293
11004|18.22|37.54|30294
11004|18.22|35.60|30295
11004|18.22|37.43|30296
11007|18.16|38.01|40411
11007|18.16|38.05|40412
11007|18.16|37.16|40413
11007|18.16|38.70|40414
11007|18.16|34.93|40415
11017|23.54|76.96|10563
11003|23.69|47.05|20179
11003|23.69|47.40|20180
11003|23.69|46.03|20181
11003|23.69|47.91|20182
11003|23.69|46.78|20183
11003|23.69|45.73|20184
11006|24.28|43.03|30366
11006|24.28|42.35|30367
11006|24.28|42.57|30368
11006|24.28|42.98|30369
11006|24.28|42.83|30370
11006|24.28|42.39|30371
11011|24.07|67.88|40500
#group_44499_3_6
52.60
11003|5.08|31.01|10215
11003|5.08|31.25|10216
11003|5.08|31.91|10217
11003|5.08|31.25|10218
11003|5.08|31.40|10219
11003|5.08|31.72|10220
11001|5.70|22.49|20021
11001|6.12|23.05|20022
11001|6.54|23.41|20023
11001|6.96|23.83|20024
11001|7.38|24.30|20025
11001|7.80|24.73|20026
11001|8.22|25.11|20027
11003|6.27|24.96|30161
11003|6.27|24.17|30162
11003|6.27|25.45|30163
11003|7.07|25.42|30164
11003|6.67|26.52|30165
11003|5.67|23.93|30166
11009|5.01|26.85|40471
11009|5.01|26.18|40472
11009|5.01|27.03|40473
11001|12.51|30.61|10011
11001|12.41|30.54|10012
11001|12.51|30.53|10013
11001|12.51|30.89|10014
11001|12.51|30.23|10015
11001|12.51|30.96|10016
11001|13.01|29.58|10017
11002|11.87|25.85|20151
11002|11.87|24.72|20152
11002|11.87|26.53|20153
11002|11.87|27.20|20154
11002|11.87|25.12|20155
11002|11.87|25.83|20156
11002|11.87|25.79|20157
11001|12.11|28.22|30051
11001|12.11|25.46|30052
11001|12.11|24.44|30053
11001|12.11|25.69|30054
11001|12.11|25.62|30055
11001|12.11|25.22|30056
11001|12.11|24.91|30057
11017|12.10|48.04|40559
11008|19.67|35.25|10455
11008|19.67|35.22|10456
11008|19.67|32.54|10457
11008|19.67|31.06|10458
11010|18.76|46.02|20484
11010|18.76|45.34|20485
11002|19.54|33.74|30151
11002|19.54|32.35|30152
11002|19.54|34.40|30153
11002|19.54|34.83|30154
11002|19.54|32.77|30155
11002|19.54|33.54|30156
11002|19.54|33.59|30157
11002|19.48|47.43|40081
11002|19.73|48.04|40082
11002|19.78|47.71|40083
11002|19.98|47.74|40084
11002|19.48|49.27|40085
11002|20.48|48.82|40086
11002|21.08|49.48|40087
11001|25.16|40.96|10051
11001|25.16|38.72|10052
11001|25.16|37.50|10053
11001|25.16|38.92|10054
11001|25.16|38.86|10055
11001|25.16|38.10|10056
11001|25.16|37.99|10057
11005|25.13|38.97|20319
11005|25.78|39.58|20320
11005|26.43|40.24|20321
11005|27.08|40.88|20322
11005|27.73|41.59|20323
11005|28.38|42.24|20324
11005|29.03|42.72|20325
11001|24.73|41.43|30021
11001|25.15|42.05|30022
11001|25.57|42.49|30023
11001|25.99|42.96|30024
11001|26.41|43.26|30025
11001|26.83|43.79|30026
11001|27.25|44.17|30027
11010|25.17|46.37|40486
11010|25.17|52.60|40487
#group_44499_3_7
58.97
11004|5.90|27.36|10297
11004|5.90|27.32|10298
11004|5.90|28.06|10299
11004|5.90|28.08|10300
11004|5.90|27.64|10301
11004|5.90|26.86|10302
11001|6.91|23.41|20061
11001|6.91|24.11|20062
11001|6.91|22.88|20063
11001|6.91|22.80|20064
11001|6.91|23.43|20065
11001|5.86|24.97|20066
11001|6.16|23.81|20067
11007|5.72|25.89|30421
11007|5.72|25.40|30422
11007|5.72|24.80|30423
11007|5.72|24.34|30424
11007|5.72|24.22|30425
11001|6.20|22.71|40061
11001|6.20|23.39|40062
11001|6.20|22.23|40063
11001|6.20|21.72|40064
11001|6.20|22.83|40065
11001|5.15|24.27|40066
11001|5.45|22.90|40067
11001|13.89|35.07|10041
11001|13.89|34.98|10042
11001|13.89|34.73|10043
11001|13.89|35.21|10044
11001|13.89|35.66|10045
11001|13.89|35.40|10046
11001|13.89|34.83|10047
11003|13.22|36.58|20179
11003|13.22|36.93|20180
11003|13.22|35.56|20181
11003|13.22|37.44|20182
11003|13.22|36.31|20183
11003|13.22|35.26|20184
11017|13.35|41.44|30555
11004|13.72|28.86|40281
11004|13.72|29.16|40282
11004|13.72|29.46|40283
11004|13.72|30.35|40284
11004|13.72|30.48|40285
11004|13.72|29.35|40286
11006|20.15|38.85|10366
11006|20.15|38.39|10367
11006|20.15|38.54|10368
11006|20.15|38.91|10369
11006|20.15|38.43|10370
11006|20.15|38.22|10371
11001|20.13|36.92|20021
11001|20.55|37.48|20022
11001|20.97|37.84|20023
11001|21.39|38.26|20024
11001|21.81|38.73|20025
11001|22.23|39.16|20026
11001|22.65|39.54|20027
11006|20.00|40.36|30360
11006|20.00|40.06|30361
11006|20.00|40.35|30362
11006|20.00|39.87|30363
11006|20.00|39.09|30364
11006|20.00|38.96|30365
11001|20.28|37.58|40001
11001|21.08|37.89|40002
11001|21.18|37.81|40003
11001|20.98|38.95|40004
11001|20.88|38.37|40005
11001|20.78|37.87|40006
11001|21.08|37.23|40007
11001|20.88|38.77|40008
11001|20.28|38.21|40009
11001|20.88|37.82|40010
11001|27.50|44.73|10001
11001|28.30|45.16|10002
11001|28.40|44.91|10003
11001|28.20|46.13|10004
11005|28.23|48.39|20326
11005|28.23|47.14|20327
11005|28.23|48.93|20328
11005|28.23|49.25|20329
11005|28.23|52.19|20330
11013|27.39|58.97|30515
11003|28.27|51.59|40170
11003|28.27|50.74|40171
11003|28.27|49.76|40172
11003|29.07|49.85|40173
11003|29.07|52.40|40174
11003|29.07|53.45|40175
#group_44499_3_8
52.98
11005|5.94|24.67|10333
11005|5.94|23.89|10334
11005|5.94|24.74|10335
11005|5.94|24.09|10336
11005|5.94|25.46|10337
11005|5.94|25.69|10338
11005|5.94|24.78|10339
11003|5.19|20.87|20188
11003|5.19|20.45|20189
11003|5.19|20.85|20190
11003|5.19|21.50|20191
11003|5.19|20.63|20192
11003|5.19|21.52|20193
11003|7.40|23.64|30224
11003|7.40|26.04|30225
11003|7.80|25.31|30226
11003|8.40|25.03|30227
11003|8.50|24.27|30228
11003|9.40|24.36|30229
11007|5.02|28.88|40401
11007|5.02|31.27|40402
11007|5.02|30.49|40403
11007|5.02|30.46|40404
11007|5.02|29.75|40405
11002|10.58|25.99|10131
11002|10.58|26.23|10132
11002|10.58|24.59|10133
11002|10.58|25.87|10134
11002|10.58|24.09|10135
11002|10.58|23.80|10136
11002|10.58|24.55|10137
11011|11.06|44.14|20498
11002|10.39|25.98|30131
11002|10.39|25.66|30132
11002|10.39|24.44|30133
11002|10.39|25.44|30134
11002|10.39|23.74|30135
11002|10.39|23.43|30136
11002|10.39|24.51|30137
11010|10.48|48.85|40488
11010|10.48|43.57|40489
11007|18.56|38.99|10421
11007|18.56|38.40|10422
11007|18.56|37.63|10423
11007|18.56|37.16|10424
11007|18.56|37.17|10425
11003|18.11|33.79|20188
11003|18.11|33.37|20189
11003|18.11|33.77|20190
11003|18.11|34.42|20191
11003|18.11|33.55|20192
11003|18.11|34.44|20193
11011|18.57|52.98|30499
11013|18.11|48.91|40515
11003|25.94|42.43|10224
11003|25.94|44.30|10225
11003|26.34|43.91|10226
11003|26.94|43.62|10227
11003|27.04|42.63|10228
11003|27.94|42.92|10229
11001|24.29|39.87|20051
11001|24.29|37.87|20052
11001|24.29|36.67|20053
11001|24.29|37.88|20054
11001|24.29|37.84|20055
11001|24.29|37.22|20056
11001|24.29|37.14|20057
11005|24.48|45.81|30347
11005|24.48|47.06|30348
11005|24.48|45.89|30349
11005|24.48|45.20|30350
11005|24.48|46.79|30351
11005|24.48|47.45|30352
11005|24.48|46.87|30353
11004|24.41|45.82|40297
11004|24.41|45.83|40298
11004|24.41|46.59|40299
11004|24.41|46.70|40300
11004|24.41|46.31|40301
11004|24.41|45.50|40302
#group_44499_3_9
56.22
11011|5.36|48.19|10500
11002|5.50|24.66|20121
11002|5.85|24.71|20122
11002|6.20|25.32|20123
11002|6.55|25.98|20124
11002|6.90|26.32|20125
11002|7.25|26.39|20126
11002|7.60|26.75|20127
11008|5.08|24.36|30431
11008|5.08|24.31|30432
11008|5.08|25.75|30433
11008|5.08|24.25|30434
11009|5.14|36.02|40468
11009|5.14|32.64|40469
11009|5.14|36.57|40470
11009|11.05|41.92|10468
11009|11.05|38.70|10469
11009|11.05|42.81|10470
11002|10.86|30.91|20101
11002|10.86|29.81|20102
11002|10.86|30.18|20103
11002|10.86|30.47|20104
11002|10.86|29.77|20105
11002|10.86|30.78|20106
11002|10.86|27.51|20107
11010|10.85|35.54|30490
11010|10.85|41.29|30491
11005|10.95|32.32|40347
11005|10.95|33.62|40348
11005|10.95|32.28|40349
11005|10.95|31.69|40350
11005|10.95|33.26|40351
11005|10.95|34.32|40352
11005|10.95|32.94|40353
11008|16.70|35.67|10439
11008|16.70|35.51|10440
11008|16.70|35.32|10441
11008|16.70|35.90|10442
11005|17.47|35.74|20312
11005|17.47|36.11|20313
11005|17.47|36.04|20314
11005|17.47|41.04|20315
11005|17.47|38.37|20316
11005|17.47|36.11|20317
11005|17.47|35.67|20318
11010|17.05|50.35|30492
11010|17.05|49.62|30493
11003|18.93|35.05|40224
11003|18.93|37.39|40225
11003|19.33|36.82|40226
11003|19.93|36.67|40227
11003|20.03|35.66|40228
11003|20.93|35.90|40229
11007|23.08|43.09|10411
11007|23.08|42.86|10412
11007|23.08|42.14|10413
11007|23.08|43.43|10414
11007|23.08|39.77|10415
11005|23.10|44.41|20347
11005|23.10|45.69|20348
11005|23.10|44.38|20349
11005|23.10|43.79|20350
11005|23.10|45.35|20351
11005|23.10|46.30|20352
11005|23.10|45.47|20353
11003|22.25|46.53|30206
11003|22.25|46.68|30207
11003|22.25|46.38|30208
11003|22.25|46.65|30209
11003|22.25|46.19|30210
11003|23.75|46.24|30211
11013|23.16|56.22|40518
11009|28.76|51.57|10459
11009|28.76|53.53|10460
11009|28.76|54.50|10461
11007|29.13|49.41|20421
11007|29.13|48.82|20422
11007|29.13|48.24|20423
11007|29.13|47.63|20424
11007|29.13|47.78|20425
11001|29.43|45.54|30051
11001|29.43|42.78|30052
11001|29.43|41.76|30053
11001|29.43|43.01|30054
11001|29.43|42.94|30055
11001|29.43|42.54|30056
11001|29.43|42.23|30057
11009|28.97|45.00|40474
11009|28.97|43.45|40475
11009|28.97|46.66|40476
