#rainbow_44005_1
19.84
55121|0.00|17.84|510703
55106|1.00|18.84|510703
55121|2.00|19.84|510703
55121|1.00|18.73|510704
55121|1.00|18.95|510705
#rainbow_44005_10
26.22
55120|0.00|20.22|520733
55120|1.00|21.22|520733
55120|2.00|22.22|520733
55120|3.00|23.22|520733
55120|4.00|24.22|520733
55120|5.00|25.22|520733
55120|6.00|26.22|520733
55121|0.00|20.02|520734
55121|1.00|21.02|520734
55121|2.00|22.02|520734
55121|3.00|23.02|520734
55121|4.00|24.02|520734
55121|5.00|25.02|520734
55121|6.00|26.02|520734
#rainbow_44005_11
26.35
55120|0.00|20.35|530733
55120|1.00|21.35|530733
55120|2.00|22.35|530733
55120|3.00|23.35|530733
55120|4.00|24.35|530733
55120|5.00|25.35|530733
55120|6.00|26.35|530733
55121|0.00|20.04|530734
55121|1.00|21.04|530734
55121|2.00|22.04|530734
55121|3.00|23.04|530734
55121|4.00|24.04|530734
55121|5.00|25.04|530734
55121|6.00|26.04|530734
#rainbow_44005_12
26.19
55120|0.00|20.19|540733
55120|1.00|21.19|540733
55120|2.00|22.19|540733
55120|3.00|23.19|540733
55120|4.00|24.19|540733
55120|5.00|25.19|540733
55120|6.00|26.19|540733
55121|0.00|20.00|540734
55121|1.00|21.00|540734
55121|2.00|22.00|540734
55121|3.00|23.00|540734
55121|4.00|24.00|540734
55121|5.00|25.00|540734
55121|6.00|26.00|540734
#rainbow_44005_13
34.76
55121|0.00|30.76|510748
55121|0.40|31.16|510750
55121|0.40|31.07|510752
55121|2.00|32.76|510748
55121|2.00|32.80|510749
55121|2.00|32.52|510751
55121|3.60|34.36|510750
55121|3.60|34.27|510752
55121|4.00|34.76|510748
#rainbow_44005_14
34.72
55121|0.00|30.72|520748
55121|0.40|31.16|520750
55121|0.40|31.11|520752
55121|2.00|32.72|520748
55121|2.00|32.72|520749
55121|2.00|32.72|520751
55121|3.60|34.36|520750
55121|3.60|34.31|520752
55121|4.00|34.72|520748
#rainbow_44005_15
34.76
55121|0.00|30.76|530748
55121|0.40|31.12|530750
55121|0.40|31.15|530752
55121|2.00|32.76|530748
55121|2.00|32.68|530749
55121|2.00|32.76|530751
55121|3.60|34.32|530750
55121|3.60|34.35|530752
55121|4.00|34.76|530748
#rainbow_44005_16
34.76
55121|0.00|30.76|540748
55121|0.40|31.12|540750
55121|0.40|31.23|540752
55121|2.00|32.76|540748
55121|2.00|32.64|540749
55121|2.00|32.76|540751
55121|3.60|34.32|540750
55121|3.60|34.43|540752
55121|4.00|34.76|540748
#rainbow_44005_17
18.41
55121|0.00|15.41|510768
55121|1.00|16.41|510768
55121|2.00|17.41|510768
55121|3.00|18.41|510768
55120|0.50|15.91|510767
55120|1.50|16.91|510767
55120|2.50|17.91|510767
55121|1.00|16.47|510766
55121|2.00|17.47|510766
55121|0.00|15.37|510771
55121|1.00|16.37|510771
55121|2.00|17.37|510771
55121|3.00|18.37|510771
55120|0.50|15.89|510770
55120|1.50|16.89|510770
55120|2.50|17.89|510770
55121|1.00|16.41|510769
55121|2.00|17.41|510769
#rainbow_44005_18
18.41
55121|0.00|15.41|520768
55121|1.00|16.41|520768
55121|2.00|17.41|520768
55121|3.00|18.41|520768
55120|0.50|15.89|520767
55120|1.50|16.89|520767
55120|2.50|17.89|520767
55121|1.00|16.43|520766
55121|2.00|17.43|520766
55121|0.00|15.41|520771
55121|1.00|16.41|520771
55121|2.00|17.41|520771
55121|3.00|18.41|520771
55120|0.50|15.87|520770
55120|1.50|16.87|520770
55120|2.50|17.87|520770
55121|1.00|16.39|520769
55121|2.00|17.39|520769
#rainbow_44005_19
18.39
55121|0.00|15.39|530768
55121|1.00|16.39|530768
55121|2.00|17.39|530768
55121|3.00|18.39|530768
55120|0.50|15.87|530767
55120|1.50|16.87|530767
55120|2.50|17.87|530767
55121|1.00|16.41|530766
55121|2.00|17.41|530766
55121|0.00|15.37|530771
55121|1.00|16.37|530771
55121|2.00|17.37|530771
55121|3.00|18.37|530771
55120|0.50|15.87|530770
55120|1.50|16.87|530770
55120|2.50|17.87|530770
55121|1.00|16.43|530769
55121|2.00|17.43|530769
#rainbow_44005_2
19.71
55121|0.00|17.71|520703
55106|1.00|18.71|520703
55121|2.00|19.71|520703
55121|1.00|18.74|520704
55121|1.00|18.85|520705
#rainbow_44005_20
18.41
55121|0.00|15.41|540768
55121|1.00|16.41|540768
55121|2.00|17.41|540768
55121|3.00|18.41|540768
55120|0.50|15.89|540767
55120|1.50|16.89|540767
55120|2.50|17.89|540767
55121|1.00|16.43|540766
55121|2.00|17.43|540766
55121|0.00|15.41|540771
55121|1.00|16.41|540771
55121|2.00|17.41|540771
55121|3.00|18.41|540771
55120|0.50|15.93|540770
55120|1.50|16.93|540770
55120|2.50|17.93|540770
55121|1.00|16.45|540769
55121|2.00|17.45|540769
#rainbow_44005_21
21.23
55106|1.00|18.64|510727
11086|0.00|17.23|510728
11086|0.00|17.05|510729
11086|2.00|19.08|510730
11086|2.00|19.08|510731
55106|3.00|20.64|510727
11086|4.00|21.23|510728
11086|4.00|21.05|510729
#rainbow_44005_22
21.42
55106|1.00|18.56|520727
11086|0.00|17.42|520728
11086|0.00|17.11|520729
11086|2.00|19.26|520730
11086|2.00|19.07|520731
55106|3.00|20.56|520727
11086|4.00|21.42|520728
11086|4.00|21.11|520729
#rainbow_44005_23
21.05
55106|1.00|18.54|530727
11086|0.00|17.05|530728
11086|0.00|16.92|530729
11086|2.00|19.13|530730
11086|2.00|18.92|530731
55106|3.00|20.54|530727
11086|4.00|21.05|530728
11086|4.00|20.92|530729
#rainbow_44005_24
21.39
55106|1.00|19.17|540727
11086|0.00|17.39|540728
11086|0.00|16.94|540729
11086|2.00|19.17|540730
11086|2.00|19.23|540731
55106|3.00|21.17|540727
11086|4.00|21.39|540728
11086|4.00|20.94|540729
#rainbow_44005_25
26.80
55121|0.00|23.09|510757
55121|0.00|23.80|510758
55121|0.00|22.74|510761
55121|0.00|22.72|510762
55121|0.00|22.96|510759
55121|0.00|22.78|510760
55121|1.00|24.09|510757
55121|1.00|24.80|510758
55121|1.00|23.74|510761
55121|1.00|23.72|510762
55121|1.00|23.96|510759
55121|1.00|23.78|510760
55121|2.00|25.09|510757
55121|2.00|25.80|510758
55121|2.00|24.74|510761
55121|2.00|24.72|510762
55121|2.00|24.96|510759
55121|2.00|24.78|510760
55121|3.00|26.09|510757
55121|3.00|26.80|510758
55121|3.00|25.74|510761
55121|3.00|25.72|510762
55121|3.00|25.96|510759
55121|3.00|25.78|510760
#rainbow_44005_26
26.52
55121|0.00|23.52|520757
55121|0.00|23.32|520758
55121|0.00|22.80|520761
55121|0.00|22.73|520762
55121|0.00|22.50|520759
55121|0.00|22.76|520760
55121|1.00|24.52|520757
55121|1.00|24.32|520758
55121|1.00|23.80|520761
55121|1.00|23.73|520762
55121|1.00|23.50|520759
55121|1.00|23.76|520760
55121|2.00|25.52|520757
55121|2.00|25.32|520758
55121|2.00|24.80|520761
55121|2.00|24.73|520762
55121|2.00|24.50|520759
55121|2.00|24.76|520760
55121|3.00|26.52|520757
55121|3.00|26.32|520758
55121|3.00|25.80|520761
55121|3.00|25.73|520762
55121|3.00|25.50|520759
55121|3.00|25.76|520760
#rainbow_44005_27
26.60
55121|0.00|23.19|530757
55121|0.00|23.60|530758
55121|0.00|23.03|530761
55121|0.00|22.65|530762
55121|0.00|22.54|530759
55121|0.00|22.87|530760
55121|1.00|24.19|530757
55121|1.00|24.60|530758
55121|1.00|24.03|530761
55121|1.00|23.65|530762
55121|1.00|23.54|530759
55121|1.00|23.87|530760
55121|2.00|25.19|530757
55121|2.00|25.60|530758
55121|2.00|25.03|530761
55121|2.00|24.65|530762
55121|2.00|24.54|530759
55121|2.00|24.87|530760
55121|3.00|26.19|530757
55121|3.00|26.60|530758
55121|3.00|26.03|530761
55121|3.00|25.65|530762
55121|3.00|25.54|530759
55121|3.00|25.87|530760
#rainbow_44005_28
26.90
55121|0.00|22.77|540757
55121|0.00|23.90|540758
55121|0.00|22.97|540761
55121|0.00|22.75|540762
55121|0.00|22.69|540759
55121|0.00|22.87|540760
55121|1.00|23.77|540757
55121|1.00|24.90|540758
55121|1.00|23.97|540761
55121|1.00|23.75|540762
55121|1.00|23.69|540759
55121|1.00|23.87|540760
55121|2.00|24.77|540757
55121|2.00|25.90|540758
55121|2.00|24.97|540761
55121|2.00|24.75|540762
55121|2.00|24.69|540759
55121|2.00|24.87|540760
55121|3.00|25.77|540757
55121|3.00|26.90|540758
55121|3.00|25.97|540761
55121|3.00|25.75|540762
55121|3.00|25.69|540759
55121|3.00|25.87|540760
#rainbow_44005_29
19.45
55121|0.00|15.39|510763
55121|0.00|15.39|510764
55121|0.00|15.45|510765
55121|1.00|16.39|510764
55121|1.00|16.45|510765
55121|2.00|17.39|510764
55121|2.00|17.45|510765
55121|3.00|18.39|510764
55121|3.00|18.45|510765
55121|4.00|19.39|510763
55121|4.00|19.39|510764
55121|4.00|19.45|510765
55105|1.00|16.39|510763
55105|2.00|17.39|510763
55105|3.00|18.39|510763
#rainbow_44005_3
19.75
55121|0.00|17.75|530703
55106|1.00|18.75|530703
55121|2.00|19.75|530703
55121|1.00|18.71|530704
55121|1.00|18.77|530705
#rainbow_44005_30
19.41
55121|0.00|15.41|520763
55121|0.00|15.33|520764
55121|0.00|15.41|520765
55121|1.00|16.33|520764
55121|1.00|16.41|520765
55121|2.00|17.33|520764
55121|2.00|17.41|520765
55121|3.00|18.33|520764
55121|3.00|18.41|520765
55121|4.00|19.41|520763
55121|4.00|19.33|520764
55121|4.00|19.41|520765
55105|1.00|16.41|520763
55105|2.00|17.41|520763
55105|3.00|18.41|520763
#rainbow_44005_31
19.45
55121|0.00|15.39|530763
55121|0.00|15.37|530764
55121|0.00|15.45|530765
55121|1.00|16.37|530764
55121|1.00|16.45|530765
55121|2.00|17.37|530764
55121|2.00|17.45|530765
55121|3.00|18.37|530764
55121|3.00|18.45|530765
55121|4.00|19.39|530763
55121|4.00|19.37|530764
55121|4.00|19.45|530765
55105|1.00|16.39|530763
55105|2.00|17.39|530763
55105|3.00|18.39|530763
#rainbow_44005_32
19.51
55121|0.00|15.51|540763
55121|0.00|15.39|540764
55121|0.00|15.37|540765
55121|1.00|16.39|540764
55121|1.00|16.37|540765
55121|2.00|17.39|540764
55121|2.00|17.37|540765
55121|3.00|18.39|540764
55121|3.00|18.37|540765
55121|4.00|19.51|540763
55121|4.00|19.39|540764
55121|4.00|19.37|540765
55105|1.00|16.51|540763
55105|2.00|17.51|540763
55105|3.00|18.51|540763
#rainbow_44005_33
54.84
55108|0.00|54.84|510775
#rainbow_44005_34
54.68
55108|0.00|54.68|520775
#rainbow_44005_35
54.44
55108|0.00|54.44|530775
#rainbow_44005_36
54.53
55108|0.00|54.53|540775
#rainbow_44005_37
34.76
11086|0.00|30.76|510776
11086|0.40|31.28|510778
11086|0.40|31.11|510780
55107|2.00|32.76|510776
11086|2.00|32.76|510777
11086|2.00|32.88|510779
11086|3.60|34.48|510778
11086|3.60|34.31|510780
11086|4.00|34.76|510776
#rainbow_44005_38
34.76
11086|0.00|30.76|520776
11086|0.40|31.24|520778
11086|0.40|31.19|520780
55107|2.00|32.76|520776
11086|2.00|32.76|520777
11086|2.00|32.88|520779
11086|3.60|34.44|520778
11086|3.60|34.39|520780
11086|4.00|34.76|520776
#rainbow_44005_39
34.76
11086|0.00|30.76|530776
11086|0.40|31.28|530778
11086|0.40|31.23|530780
55107|2.00|32.76|530776
11086|2.00|32.80|530777
11086|2.00|32.80|530779
11086|3.60|34.48|530778
11086|3.60|34.43|530780
11086|4.00|34.76|530776
#rainbow_44005_4
19.64
55121|0.00|17.64|540703
55106|1.00|18.64|540703
55121|2.00|19.64|540703
55121|1.00|18.62|540704
55121|1.00|19.03|540705
#rainbow_44005_40
34.76
11086|0.00|30.76|540776
11086|0.40|31.32|540778
11086|0.40|31.11|540780
55107|2.00|32.76|540776
11086|2.00|32.68|540777
11086|2.00|32.84|540779
11086|3.60|34.52|540778
11086|3.60|34.31|540780
11086|4.00|34.76|540776
#rainbow_44005_41
66.13
55108|0.00|66.13|510781
#rainbow_44005_42
66.24
55108|0.00|66.24|520781
#rainbow_44005_43
66.04
55108|0.00|66.04|530781
#rainbow_44005_44
66.15
55108|0.00|66.15|540781
#rainbow_44005_5
20.33
55121|0.00|19.20|510736
55121|0.00|17.75|510737
55121|0.00|17.48|510738
55121|0.00|19.33|510739
55121|0.50|19.70|510736
55121|0.50|18.25|510737
55121|0.50|17.98|510738
55121|0.50|19.83|510739
55121|1.00|20.20|510736
55121|1.00|18.75|510737
55121|1.00|18.48|510738
55121|1.00|20.33|510739
#rainbow_44005_6
20.36
55121|0.00|19.21|520736
55121|0.00|17.77|520737
55121|0.00|17.46|520738
55121|0.00|19.36|520739
55121|0.50|19.71|520736
55121|0.50|18.27|520737
55121|0.50|17.96|520738
55121|0.50|19.86|520739
55121|1.00|20.21|520736
55121|1.00|18.77|520737
55121|1.00|18.46|520738
55121|1.00|20.36|520739
#rainbow_44005_7
20.28
55121|0.00|19.24|530736
55121|0.00|17.54|530737
55121|0.00|17.81|530738
55121|0.00|19.28|530739
55121|0.50|19.74|530736
55121|0.50|18.04|530737
55121|0.50|18.31|530738
55121|0.50|19.78|530739
55121|1.00|20.24|530736
55121|1.00|18.54|530737
55121|1.00|18.81|530738
55121|1.00|20.28|530739
#rainbow_44005_8
20.34
55121|0.00|19.21|540736
55121|0.00|17.47|540737
55121|0.00|17.75|540738
55121|0.00|19.34|540739
55121|0.50|19.71|540736
55121|0.50|17.97|540737
55121|0.50|18.25|540738
55121|0.50|19.84|540739
55121|1.00|20.21|540736
55121|1.00|18.47|540737
55121|1.00|18.75|540738
55121|1.00|20.34|540739
#rainbow_44005_9
26.20
55120|0.00|20.20|510733
55120|1.00|21.20|510733
55120|2.00|22.20|510733
55120|3.00|23.20|510733
55120|4.00|24.20|510733
55120|5.00|25.20|510733
55120|6.00|26.20|510733
55121|0.00|20.18|510734
55121|1.00|21.18|510734
55121|2.00|22.18|510734
55121|3.00|23.18|510734
55121|4.00|24.18|510734
55121|5.00|25.18|510734
55121|6.00|26.18|510734
