#random_29054_1
64.75
29054|0.00|64.75|10943
#random_29054_10
65.63
29054|0.00|65.63|20945
#random_29054_11
65.61
29054|0.00|65.61|30945
#random_29054_12
65.70
29054|0.00|65.70|40945
#random_29054_13
72.51
29054|0.00|72.51|10946
#random_29054_14
72.52
29054|0.00|72.52|20946
#random_29054_15
72.23
29054|0.00|72.23|30946
#random_29054_16
72.11
29054|0.00|72.11|40946
#random_29054_17
70.21
29054|0.00|70.21|10947
#random_29054_18
70.06
29054|0.00|70.06|20947
#random_29054_19
70.47
29054|0.00|70.47|30947
#random_29054_2
64.75
29054|0.00|64.75|20943
#random_29054_20
70.25
29054|0.00|70.25|40947
#random_29054_21
63.25
29054|0.00|63.25|10948
#random_29054_22
63.24
29054|0.00|63.24|20948
#random_29054_23
63.19
29054|0.00|63.19|30948
#random_29054_24
63.29
29054|0.00|63.29|40948
#random_29054_3
64.79
29054|0.00|64.79|30943
#random_29054_4
64.67
29054|0.00|64.67|40943
#random_29054_5
79.56
29054|0.00|79.56|10944
#random_29054_6
79.78
29054|0.00|79.78|20944
#random_29054_7
79.50
29054|0.00|79.50|30944
#random_29054_8
79.20
29054|0.00|79.20|40944
#random_29054_9
65.58
29054|0.00|65.58|10945
#random_29067_1
79.19
29067|0.00|79.19|10949
#random_29067_10
65.61
29067|0.00|65.61|20951
#random_29067_11
65.55
29067|0.00|65.55|30951
#random_29067_12
65.59
29067|0.00|65.59|40951
#random_29067_13
72.45
29067|0.00|72.45|10952
#random_29067_14
72.41
29067|0.00|72.41|20952
#random_29067_15
72.23
29067|0.00|72.23|30952
#random_29067_16
72.27
29067|0.00|72.27|40952
#random_29067_17
70.06
29067|0.00|70.06|10953
#random_29067_18
69.97
29067|0.00|69.97|20953
#random_29067_19
70.33
29067|0.00|70.33|30953
#random_29067_2
79.13
29067|0.00|79.13|20949
#random_29067_20
70.04
29067|0.00|70.04|40953
#random_29067_21
63.18
29067|0.00|63.18|10954
#random_29067_22
63.06
29067|0.00|63.06|20954
#random_29067_23
63.38
29067|0.00|63.38|30954
#random_29067_24
63.19
29067|0.00|63.19|40954
#random_29067_3
79.09
29067|0.00|79.09|30949
#random_29067_4
78.89
29067|0.00|78.89|40949
#random_29067_5
79.28
29067|0.00|79.28|10950
#random_29067_6
79.54
29067|0.00|79.54|20950
#random_29067_7
79.66
29067|0.00|79.66|30950
#random_29067_8
79.27
29067|0.00|79.27|40950
#random_29067_9
65.59
29067|0.00|65.59|10951
#random_29068_1
78.59
29068|0.00|78.59|10955
#random_29068_10
65.63
29068|0.00|65.63|20957
#random_29068_11
65.45
29068|0.00|65.45|30957
#random_29068_12
65.63
29068|0.00|65.63|40957
#random_29068_13
72.35
29068|0.00|72.35|10958
#random_29068_14
72.43
29068|0.00|72.43|20958
#random_29068_15
72.31
29068|0.00|72.31|30958
#random_29068_16
72.32
29068|0.00|72.32|40958
#random_29068_17
70.09
29068|0.00|70.09|10959
#random_29068_18
70.05
29068|0.00|70.05|20959
#random_29068_19
70.29
29068|0.00|70.29|30959
#random_29068_2
79.04
29068|0.00|79.04|20955
#random_29068_20
70.15
29068|0.00|70.15|40959
#random_29068_21
63.10
29068|0.00|63.10|10960
#random_29068_22
63.09
29068|0.00|63.09|20960
#random_29068_23
63.18
29068|0.00|63.18|30960
#random_29068_24
63.27
29068|0.00|63.27|40960
#random_29068_3
79.12
29068|0.00|79.12|30955
#random_29068_4
79.14
29068|0.00|79.14|40955
#random_29068_5
79.28
29068|0.00|79.28|10956
#random_29068_6
79.56
29068|0.00|79.56|20956
#random_29068_7
79.77
29068|0.00|79.77|30956
#random_29068_8
79.35
29068|0.00|79.35|40956
#random_29068_9
65.66
29068|0.00|65.66|10957
#random_29069_1
79.13
29069|0.00|79.13|10961
#random_29069_10
65.55
29069|0.00|65.55|20963
#random_29069_11
65.53
29069|0.00|65.53|30963
#random_29069_12
65.58
29069|0.00|65.58|40963
#random_29069_13
72.22
29069|0.00|72.22|10964
#random_29069_14
72.44
29069|0.00|72.44|20964
#random_29069_15
72.34
29069|0.00|72.34|30964
#random_29069_16
72.37
29069|0.00|72.37|40964
#random_29069_17
70.08
29069|0.00|70.08|10965
#random_29069_18
70.12
29069|0.00|70.12|20965
#random_29069_19
70.36
29069|0.00|70.36|30965
#random_29069_2
79.21
29069|0.00|79.21|20961
#random_29069_20
70.15
29069|0.00|70.15|40965
#random_29069_21
63.20
29069|0.00|63.20|10966
#random_29069_22
63.16
29069|0.00|63.16|20966
#random_29069_23
63.05
29069|0.00|63.05|30966
#random_29069_24
63.20
29069|0.00|63.20|40966
#random_29069_3
79.13
29069|0.00|79.13|30961
#random_29069_4
79.23
29069|0.00|79.23|40961
#random_29069_5
79.44
29069|0.00|79.44|10962
#random_29069_6
79.52
29069|0.00|79.52|20962
#random_29069_7
79.28
29069|0.00|79.28|30962
#random_29069_8
79.11
29069|0.00|79.11|40962
#random_29069_9
65.56
29069|0.00|65.56|10963
