#tide_44002_1
51.11
11005|4.00|30.56|50007
11005|5.00|31.56|50007
11005|6.00|32.56|50007
11005|7.00|33.56|50007
11005|8.00|34.56|50007
11005|9.00|35.56|50007
11005|10.00|36.56|50007
11005|11.00|37.56|50007
11005|12.00|38.56|50007
11005|13.00|39.56|50007
11005|14.00|40.56|50007
11005|15.00|41.56|50007
11005|16.00|42.56|50007
11005|17.00|43.56|50007
11005|18.00|44.56|50007
11005|19.00|45.56|50007
11005|20.00|46.56|50007
11005|21.00|47.56|50007
11005|22.00|48.56|50007
11005|23.00|49.56|50007
11005|24.00|50.56|50007
11003|4.00|30.56|50008
11003|5.00|31.56|50008
11003|6.00|32.56|50008
11003|7.00|33.56|50008
11003|8.00|34.56|50008
11003|9.00|35.56|50008
11003|10.00|36.56|50008
11003|11.00|37.56|50008
11003|12.00|38.56|50008
11003|13.00|39.56|50008
11003|14.00|40.56|50008
11003|15.00|41.56|50008
11003|16.00|42.56|50008
11003|17.00|43.56|50008
11003|18.00|44.56|50008
11003|19.00|45.56|50008
11003|20.00|46.56|50008
11003|21.00|47.56|50008
11003|22.00|48.56|50008
11003|23.00|49.56|50008
11003|24.00|50.56|50008
11003|4.00|30.74|50011
11003|5.00|31.74|50011
11003|6.00|32.74|50011
11003|7.00|33.74|50011
11003|8.00|34.74|50011
11003|9.00|35.74|50011
11003|10.00|36.74|50011
11003|11.00|37.74|50011
11003|12.00|38.74|50011
11003|13.00|39.74|50011
11003|14.00|40.74|50011
11003|15.00|41.74|50011
11003|16.00|42.74|50011
11003|17.00|43.74|50011
11003|18.00|44.74|50011
11003|19.00|45.74|50011
11003|20.00|46.74|50011
11003|21.00|47.74|50011
11003|22.00|48.74|50011
11003|23.00|49.74|50011
11003|24.00|50.74|50011
11005|4.00|31.11|50013
11005|5.00|32.11|50013
11005|6.00|33.11|50013
11005|7.00|34.11|50013
11005|8.00|35.11|50013
11005|9.00|36.11|50013
11005|10.00|37.11|50013
11005|11.00|38.11|50013
11005|12.00|39.11|50013
11005|13.00|40.11|50013
11005|14.00|41.11|50013
11005|15.00|42.11|50013
11005|16.00|43.11|50013
11005|17.00|44.11|50013
11005|18.00|45.11|50013
11005|19.00|46.11|50013
11005|20.00|47.11|50013
11005|21.00|48.11|50013
11005|22.00|49.11|50013
11005|23.00|50.11|50013
11005|24.00|51.11|50013
11003|4.00|30.82|50014
11003|5.00|31.82|50014
11003|6.00|32.82|50014
11003|7.00|33.82|50014
11003|8.00|34.82|50014
11003|9.00|35.82|50014
11003|10.00|36.82|50014
11003|11.00|37.82|50014
11003|12.00|38.82|50014
11003|13.00|39.82|50014
11003|14.00|40.82|50014
11003|15.00|41.82|50014
11003|16.00|42.82|50014
11003|17.00|43.82|50014
11003|18.00|44.82|50014
11003|19.00|45.82|50014
11003|20.00|46.82|50014
11003|21.00|47.82|50014
11003|22.00|48.82|50014
11003|23.00|49.82|50014
11003|24.00|50.82|50014
11003|4.00|30.73|50015
11003|5.00|31.73|50015
11003|6.00|32.73|50015
11003|7.00|33.73|50015
11003|8.00|34.73|50015
11003|9.00|35.73|50015
11003|10.00|36.73|50015
11003|11.00|37.73|50015
11003|12.00|38.73|50015
11003|13.00|39.73|50015
11003|14.00|40.73|50015
11003|15.00|41.73|50015
11003|16.00|42.73|50015
11003|17.00|43.73|50015
11003|18.00|44.73|50015
11003|19.00|45.73|50015
11003|20.00|46.73|50015
11003|21.00|47.73|50015
11003|22.00|48.73|50015
11003|23.00|49.73|50015
11003|24.00|50.73|50015
14017|4.00|30.92|50017
14017|20.50|47.42|50017
#tide_44002_2
78.70
55102|4.00|38.66|50018
11004|5.00|39.66|50018
55102|6.00|40.66|50018
11004|7.00|41.66|50018
55102|8.00|42.66|50018
11004|9.00|43.66|50018
55102|10.00|44.66|50018
11004|11.00|45.66|50018
55102|12.00|46.66|50018
11004|13.00|47.66|50018
55102|14.00|48.66|50018
11004|15.00|49.66|50018
55102|16.00|50.66|50018
11004|17.00|51.66|50018
55102|18.00|52.66|50018
11004|19.00|53.66|50018
55102|20.00|54.66|50018
11004|21.00|55.66|50018
55102|22.00|56.66|50018
11004|23.00|57.66|50018
55102|24.00|58.66|50018
11004|25.00|59.66|50018
55102|26.00|60.66|50018
11004|27.00|61.66|50018
55102|28.00|62.66|50018
11004|29.00|63.66|50018
55102|30.00|64.66|50018
11004|31.00|65.66|50018
55102|32.00|66.66|50018
11004|33.00|67.66|50018
55102|34.00|68.66|50018
11004|35.00|69.66|50018
55102|36.00|70.66|50018
11004|37.00|71.66|50018
55102|38.00|72.66|50018
11004|39.00|73.66|50018
55102|40.00|74.66|50018
11004|41.00|75.66|50018
55102|42.00|76.66|50018
11004|43.00|77.66|50018
55102|44.00|78.66|50018
55102|4.00|38.70|50019
11004|5.00|39.70|50019
55102|6.00|40.70|50019
11004|7.00|41.70|50019
55102|8.00|42.70|50019
11004|9.00|43.70|50019
55102|10.00|44.70|50019
11004|11.00|45.70|50019
55102|12.00|46.70|50019
11004|13.00|47.70|50019
55102|14.00|48.70|50019
11004|15.00|49.70|50019
55102|16.00|50.70|50019
11004|17.00|51.70|50019
55102|18.00|52.70|50019
11004|19.00|53.70|50019
55102|20.00|54.70|50019
11004|21.00|55.70|50019
55102|22.00|56.70|50019
11004|23.00|57.70|50019
55102|24.00|58.70|50019
11004|25.00|59.70|50019
55102|26.00|60.70|50019
11004|27.00|61.70|50019
55102|28.00|62.70|50019
11004|29.00|63.70|50019
55102|30.00|64.70|50019
11004|31.00|65.70|50019
55102|32.00|66.70|50019
11004|33.00|67.70|50019
55102|34.00|68.70|50019
11004|35.00|69.70|50019
55102|36.00|70.70|50019
11004|37.00|71.70|50019
55102|38.00|72.70|50019
11004|39.00|73.70|50019
55102|40.00|74.70|50019
11004|41.00|75.70|50019
55102|42.00|76.70|50019
11004|43.00|77.70|50019
55102|44.00|78.70|50019
11004|4.00|37.49|50020
55102|5.00|38.49|50020
11004|6.00|39.49|50020
55102|7.00|40.49|50020
11004|8.00|41.49|50020
55102|9.00|42.49|50020
11004|10.00|43.49|50020
55102|11.00|44.49|50020
11004|12.00|45.49|50020
55102|13.00|46.49|50020
11004|14.00|47.49|50020
55102|15.00|48.49|50020
11004|16.00|49.49|50020
55102|17.00|50.49|50020
11004|18.00|51.49|50020
55102|19.00|52.49|50020
11004|20.00|53.49|50020
55102|21.00|54.49|50020
11004|22.00|55.49|50020
55102|23.00|56.49|50020
11004|24.00|57.49|50020
55102|25.00|58.49|50020
11004|26.00|59.49|50020
55102|27.00|60.49|50020
11004|28.00|61.49|50020
55102|29.00|62.49|50020
11004|30.00|63.49|50020
55102|31.00|64.49|50020
11004|32.00|65.49|50020
55102|33.00|66.49|50020
11004|34.00|67.49|50020
55102|35.00|68.49|50020
11004|36.00|69.49|50020
55102|37.00|70.49|50020
11004|38.00|71.49|50020
55102|39.00|72.49|50020
11004|40.00|73.49|50020
55102|41.00|74.49|50020
11004|42.00|75.49|50020
55102|43.00|76.49|50020
11004|44.00|77.49|50020
11004|4.00|37.31|50021
55102|5.00|38.31|50021
11004|6.00|39.31|50021
55102|7.00|40.31|50021
11004|8.00|41.31|50021
55102|9.00|42.31|50021
11004|10.00|43.31|50021
55102|11.00|44.31|50021
11004|12.00|45.31|50021
55102|13.00|46.31|50021
11004|14.00|47.31|50021
55102|15.00|48.31|50021
11004|16.00|49.31|50021
55102|17.00|50.31|50021
11004|18.00|51.31|50021
55102|19.00|52.31|50021
11004|20.00|53.31|50021
55102|21.00|54.31|50021
11004|22.00|55.31|50021
55102|23.00|56.31|50021
11004|24.00|57.31|50021
55102|25.00|58.31|50021
11004|26.00|59.31|50021
55102|27.00|60.31|50021
11004|28.00|61.31|50021
55102|29.00|62.31|50021
11004|30.00|63.31|50021
55102|31.00|64.31|50021
11004|32.00|65.31|50021
55102|33.00|66.31|50021
11004|34.00|67.31|50021
55102|35.00|68.31|50021
11004|36.00|69.31|50021
55102|37.00|70.31|50021
11004|38.00|71.31|50021
55102|39.00|72.31|50021
11004|40.00|73.31|50021
55102|41.00|74.31|50021
11004|42.00|75.31|50021
55102|43.00|76.31|50021
11004|44.00|77.31|50021
14019|10.00|36.98|50022
14019|22.00|48.98|50022
14020|28.00|54.98|50022
14019|34.00|60.98|50022
14019|46.00|72.98|50022
#tide_44002_3
62.23
11003|4.00|35.07|50023
11003|4.60|35.67|50023
55102|5.20|36.27|50023
55102|5.80|36.87|50023
11003|6.40|37.47|50023
11003|7.00|38.07|50023
55102|7.60|38.67|50023
55102|8.20|39.27|50023
11003|8.80|39.87|50023
11003|9.40|40.47|50023
55102|10.00|41.07|50023
55102|10.60|41.67|50023
11003|11.20|42.27|50023
11003|11.80|42.87|50023
55102|12.40|43.47|50023
55102|13.00|44.07|50023
11003|13.60|44.67|50023
11003|14.20|45.27|50023
55102|15.40|46.47|50023
11003|16.00|47.07|50023
11003|16.60|47.67|50023
55102|17.20|48.27|50023
55102|17.80|48.87|50023
11003|18.40|49.47|50023
11003|19.00|50.07|50023
55102|19.60|50.67|50023
55102|20.20|51.27|50023
11003|20.80|51.87|50023
11003|21.40|52.47|50023
11006|22.00|53.07|50023
11006|22.60|53.67|50023
11006|23.20|54.27|50023
14007|23.80|54.87|50023
11006|24.40|55.47|50023
11006|25.00|56.07|50023
11006|25.60|56.67|50023
14007|26.20|57.27|50023
11006|26.80|57.87|50023
11006|27.40|58.47|50023
11006|28.00|59.07|50023
14007|28.60|59.67|50023
11006|29.20|60.27|50023
11006|29.80|60.87|50023
11006|30.40|61.47|50023
14007|31.00|62.07|50023
11003|4.00|35.15|50024
11003|4.60|35.75|50024
55102|5.20|36.35|50024
55102|5.80|36.95|50024
11003|6.40|37.55|50024
11003|7.00|38.15|50024
55102|7.60|38.75|50024
55102|8.20|39.35|50024
11003|8.80|39.95|50024
11003|9.40|40.55|50024
55102|10.00|41.15|50024
55102|10.60|41.75|50024
11003|11.20|42.35|50024
11003|11.80|42.95|50024
55102|12.40|43.55|50024
55102|13.00|44.15|50024
11003|13.60|44.75|50024
11003|14.20|45.35|50024
55102|14.80|45.95|50024
55102|15.40|46.55|50024
11003|16.00|47.15|50024
11003|16.60|47.75|50024
55102|17.20|48.35|50024
55102|17.80|48.95|50024
11003|18.40|49.55|50024
11003|19.00|50.15|50024
55102|19.60|50.75|50024
55102|20.20|51.35|50024
11003|20.80|51.95|50024
11003|21.40|52.55|50024
11006|22.00|53.15|50024
11006|22.60|53.75|50024
11006|23.20|54.35|50024
14007|23.80|54.95|50024
11006|24.40|55.55|50024
11006|25.00|56.15|50024
11006|25.60|56.75|50024
14007|26.20|57.35|50024
11006|26.80|57.95|50024
11006|27.40|58.55|50024
11006|28.00|59.15|50024
14007|28.60|59.75|50024
11006|29.20|60.35|50024
11006|29.80|60.95|50024
11006|30.40|61.55|50024
14007|31.00|62.15|50024
11003|4.00|35.07|50025
11003|4.60|35.67|50025
55102|5.20|36.27|50025
55102|5.80|36.87|50025
11003|6.40|37.47|50025
11003|7.00|38.07|50025
55102|7.60|38.67|50025
55102|8.20|39.27|50025
11003|8.80|39.87|50025
11003|9.40|40.47|50025
55102|10.00|41.07|50025
55102|10.60|41.67|50025
11003|11.20|42.27|50025
11003|11.80|42.87|50025
55102|12.40|43.47|50025
55102|13.00|44.07|50025
11003|13.60|44.67|50025
11003|14.20|45.27|50025
55102|15.40|46.47|50025
11003|16.00|47.07|50025
11003|16.60|47.67|50025
55102|17.20|48.27|50025
55102|17.80|48.87|50025
11003|18.40|49.47|50025
11003|19.00|50.07|50025
55102|19.60|50.67|50025
55102|20.20|51.27|50025
11003|20.80|51.87|50025
11003|21.40|52.47|50025
11006|22.00|53.07|50025
11006|22.60|53.67|50025
11006|23.20|54.27|50025
14007|23.80|54.87|50025
11006|24.40|55.47|50025
11006|25.00|56.07|50025
11006|25.60|56.67|50025
14007|26.20|57.27|50025
11006|26.80|57.87|50025
11006|27.40|58.47|50025
11006|28.00|59.07|50025
14007|28.60|59.67|50025
11006|29.20|60.27|50025
11006|29.80|60.87|50025
11006|30.40|61.47|50025
14007|31.00|62.07|50025
11003|4.00|35.23|50026
11003|4.60|35.83|50026
55102|5.20|36.43|50026
55102|5.80|37.03|50026
11003|6.40|37.63|50026
11003|7.00|38.23|50026
55102|7.60|38.83|50026
55102|8.20|39.43|50026
11003|8.80|40.03|50026
11003|9.40|40.63|50026
55102|10.00|41.23|50026
55102|10.60|41.83|50026
11003|11.20|42.43|50026
11003|11.80|43.03|50026
55102|12.40|43.63|50026
55102|13.00|44.23|50026
11003|13.60|44.83|50026
11003|14.20|45.43|50026
55102|14.80|46.03|50026
55102|15.40|46.63|50026
11003|16.00|47.23|50026
11003|16.60|47.83|50026
55102|17.20|48.43|50026
55102|17.80|49.03|50026
11003|18.40|49.63|50026
11003|19.00|50.23|50026
55102|19.60|50.83|50026
55102|20.20|51.43|50026
11003|20.80|52.03|50026
11003|21.40|52.63|50026
11006|22.00|53.23|50026
11006|22.60|53.83|50026
11006|23.20|54.43|50026
14007|23.80|55.03|50026
11006|24.40|55.63|50026
11006|25.00|56.23|50026
11006|25.60|56.83|50026
14007|26.20|57.43|50026
11006|26.80|58.03|50026
11006|27.40|58.63|50026
11006|28.00|59.23|50026
14007|28.60|59.83|50026
11006|29.20|60.43|50026
11006|29.80|61.03|50026
11006|30.40|61.63|50026
14007|31.00|62.23|50026
#tide_44002_4
63.84
11003|4.00|27.02|50027
11003|4.70|27.72|50027
55102|5.40|28.42|50027
55102|6.10|29.12|50027
55102|6.80|29.82|50027
55102|7.50|30.52|50027
11003|8.20|31.22|50027
11003|8.90|31.92|50027
11003|13.90|36.92|50027
11003|14.60|37.62|50027
55102|15.30|38.32|50027
55102|16.00|39.02|50027
55102|16.70|39.72|50027
55102|17.40|40.42|50027
11003|18.10|41.12|50027
11003|18.80|41.82|50027
11006|23.80|46.82|50027
11006|24.60|47.62|50027
11006|26.20|49.22|50027
11006|27.00|50.02|50027
14007|27.80|50.82|50027
11006|28.60|51.62|50027
11006|29.40|52.42|50027
11007|34.40|57.42|50027
11007|35.30|58.32|50027
55103|36.20|59.22|50027
55103|37.10|60.12|50027
55103|38.00|61.02|50027
55103|38.90|61.92|50027
11007|39.80|62.82|50027
11007|40.70|63.72|50027
11003|4.00|26.99|50028
11003|4.70|27.69|50028
55102|5.40|28.39|50028
55102|6.10|29.09|50028
55102|6.80|29.79|50028
55102|7.50|30.49|50028
11003|8.20|31.19|50028
11003|8.90|31.89|50028
11003|13.90|36.89|50028
11003|14.60|37.59|50028
55102|15.30|38.29|50028
55102|16.00|38.99|50028
55102|16.70|39.69|50028
55102|17.40|40.39|50028
11003|18.10|41.09|50028
11003|18.80|41.79|50028
11006|23.80|46.79|50028
11006|24.60|47.59|50028
14007|25.40|48.39|50028
11006|26.20|49.19|50028
11006|27.00|49.99|50028
14007|27.80|50.79|50028
11006|28.60|51.59|50028
11006|29.40|52.39|50028
11007|34.40|57.39|50028
11007|35.30|58.29|50028
55103|36.20|59.19|50028
55103|37.10|60.09|50028
55103|38.00|60.99|50028
55103|38.90|61.89|50028
11007|39.80|62.79|50028
11007|40.70|63.69|50028
11003|4.00|27.14|50029
11003|4.70|27.84|50029
55102|5.40|28.54|50029
55102|6.10|29.24|50029
55102|6.80|29.94|50029
55102|7.50|30.64|50029
11003|8.20|31.34|50029
11003|8.90|32.04|50029
11003|13.90|37.04|50029
11003|14.60|37.74|50029
55102|15.30|38.44|50029
55102|16.00|39.14|50029
55102|16.70|39.84|50029
55102|17.40|40.54|50029
11003|18.10|41.24|50029
11003|18.80|41.94|50029
11006|23.80|46.94|50029
11006|24.60|47.74|50029
11006|26.20|49.34|50029
11006|27.00|50.14|50029
14007|27.80|50.94|50029
11006|28.60|51.74|50029
11006|29.40|52.54|50029
11007|34.40|57.54|50029
11007|35.30|58.44|50029
55103|36.20|59.34|50029
55103|37.10|60.24|50029
55103|38.00|61.14|50029
55103|38.90|62.04|50029
11007|39.80|62.94|50029
11007|40.70|63.84|50029
11003|4.00|27.11|50030
11003|4.70|27.81|50030
55102|5.40|28.51|50030
55102|6.10|29.21|50030
55102|6.80|29.91|50030
55102|7.50|30.61|50030
11003|8.20|31.31|50030
11003|8.90|32.01|50030
11003|13.90|37.01|50030
11003|14.60|37.71|50030
55102|15.30|38.41|50030
55102|16.00|39.11|50030
55102|16.70|39.81|50030
55102|17.40|40.51|50030
11003|18.10|41.21|50030
11003|18.80|41.91|50030
11006|23.80|46.91|50030
11006|24.60|47.71|50030
14007|25.40|48.51|50030
11006|26.20|49.31|50030
11006|27.00|50.11|50030
14007|27.80|50.91|50030
11006|28.60|51.71|50030
11006|29.40|52.51|50030
11007|34.40|57.51|50030
11007|35.30|58.41|50030
55103|36.20|59.31|50030
55103|37.10|60.21|50030
55103|38.00|61.11|50030
55103|38.90|62.01|50030
11007|39.80|62.91|50030
11007|40.70|63.81|50030
11003|4.00|26.97|50031
11003|4.70|27.67|50031
55102|5.40|28.37|50031
55102|6.10|29.07|50031
55102|6.80|29.77|50031
55102|7.50|30.47|50031
11003|8.20|31.17|50031
11003|8.90|31.87|50031
11003|13.90|36.87|50031
11003|14.60|37.57|50031
55102|15.30|38.27|50031
55102|16.00|38.97|50031
55102|16.70|39.67|50031
55102|17.40|40.37|50031
11003|18.10|41.07|50031
11003|18.80|41.77|50031
11006|23.80|46.77|50031
11006|24.60|47.57|50031
14007|25.40|48.37|50031
11006|26.20|49.17|50031
11006|27.00|49.97|50031
14007|27.80|50.77|50031
11006|28.60|51.57|50031
11006|29.40|52.37|50031
11007|34.40|57.37|50031
11007|35.30|58.27|50031
55103|36.20|59.17|50031
55103|37.10|60.07|50031
55103|38.00|60.97|50031
55103|38.90|61.87|50031
11007|39.80|62.77|50031
11007|40.70|63.67|50031
11003|4.00|27.02|50032
11003|4.70|27.72|50032
55102|5.40|28.42|50032
55102|6.10|29.12|50032
55102|6.80|29.82|50032
55102|7.50|30.52|50032
11003|8.20|31.22|50032
11003|8.90|31.92|50032
11003|13.90|36.92|50032
11003|14.60|37.62|50032
55102|15.30|38.32|50032
55102|16.00|39.02|50032
55102|16.70|39.72|50032
55102|17.40|40.42|50032
11003|18.10|41.12|50032
11003|18.80|41.82|50032
11006|23.80|46.82|50032
11006|24.60|47.62|50032
14007|25.40|48.42|50032
11006|26.20|49.22|50032
11006|27.00|50.02|50032
14007|27.80|50.82|50032
11006|28.60|51.62|50032
11006|29.40|52.42|50032
11007|34.40|57.42|50032
11007|35.30|58.32|50032
55103|36.20|59.22|50032
55103|37.10|60.12|50032
55103|38.00|61.02|50032
55103|38.90|61.92|50032
11007|39.80|62.82|50032
11007|40.70|63.72|50032
11003|4.00|27.08|50033
11003|4.70|27.78|50033
55102|5.40|28.48|50033
55102|6.10|29.18|50033
55102|6.80|29.88|50033
55102|7.50|30.58|50033
11003|8.20|31.28|50033
11003|8.90|31.98|50033
11003|13.90|36.98|50033
11003|14.60|37.68|50033
55102|15.30|38.38|50033
55102|16.00|39.08|50033
55102|16.70|39.78|50033
55102|17.40|40.48|50033
11003|18.10|41.18|50033
11003|18.80|41.88|50033
11006|23.80|46.88|50033
11006|24.60|47.68|50033
14007|25.40|48.48|50033
11006|26.20|49.28|50033
11006|27.00|50.08|50033
14007|27.80|50.88|50033
11006|28.60|51.68|50033
11006|29.40|52.48|50033
11007|34.40|57.48|50033
11007|35.30|58.38|50033
55103|36.20|59.28|50033
55103|37.10|60.18|50033
55103|38.00|61.08|50033
55103|38.90|61.98|50033
11007|39.80|62.88|50033
11007|40.70|63.78|50033
11003|4.00|27.02|50034
11003|4.70|27.72|50034
55102|5.40|28.42|50034
55102|6.10|29.12|50034
55102|6.80|29.82|50034
55102|7.50|30.52|50034
11003|8.20|31.22|50034
11003|8.90|31.92|50034
11003|13.90|36.92|50034
11003|14.60|37.62|50034
55102|15.30|38.32|50034
55102|16.00|39.02|50034
55102|16.70|39.72|50034
55102|17.40|40.42|50034
11003|18.10|41.12|50034
11003|18.80|41.82|50034
11006|23.80|46.82|50034
11006|24.60|47.62|50034
14007|25.40|48.42|50034
11006|26.20|49.22|50034
11006|27.00|50.02|50034
14007|27.80|50.82|50034
11006|28.60|51.62|50034
11006|29.40|52.42|50034
11007|34.40|57.42|50034
11007|35.30|58.32|50034
55103|36.20|59.22|50034
55103|37.10|60.12|50034
55103|38.00|61.02|50034
55103|38.90|61.92|50034
11007|39.80|62.82|50034
11007|40.70|63.72|50034
#tide_44002_5
32.92
11006|4.00|25.58|50043
11006|4.80|26.38|50043
11006|5.60|27.18|50043
11006|6.40|27.98|50043
11006|7.20|28.78|50043
11006|8.00|29.58|50043
11006|8.80|30.38|50043
11006|9.60|31.18|50043
11006|10.40|31.98|50043
11006|11.20|32.78|50043
11006|4.00|25.58|50044
11006|4.80|26.38|50044
11006|5.60|27.18|50044
11006|6.40|27.98|50044
11006|7.20|28.78|50044
11006|8.00|29.58|50044
11006|8.80|30.38|50044
11006|9.60|31.18|50044
11006|10.40|31.98|50044
11006|11.20|32.78|50044
11006|4.00|25.72|50045
11006|4.80|26.52|50045
11006|5.60|27.32|50045
11006|6.40|28.12|50045
11006|7.20|28.92|50045
11006|8.00|29.72|50045
11006|8.80|30.52|50045
11006|9.60|31.32|50045
11006|10.40|32.12|50045
11006|11.20|32.92|50045
11006|4.00|25.68|50046
11006|4.80|26.48|50046
11006|5.60|27.28|50046
11006|6.40|28.08|50046
11006|7.20|28.88|50046
11006|8.00|29.68|50046
11006|8.80|30.48|50046
11006|9.60|31.28|50046
11006|10.40|32.08|50046
11006|11.20|32.88|50046
11003|4.00|25.23|50047
11003|4.80|26.03|50047
14007|5.60|26.83|50047
55102|6.40|27.63|50047
11003|7.20|28.43|50047
11003|8.00|29.23|50047
14007|8.80|30.03|50047
55102|9.60|30.83|50047
11003|10.40|31.63|50047
11003|11.20|32.43|50047
11003|4.00|25.29|50048
11003|4.80|26.09|50048
14007|5.60|26.89|50048
55102|6.40|27.69|50048
11003|7.20|28.49|50048
11003|8.00|29.29|50048
14007|8.80|30.09|50048
55102|9.60|30.89|50048
11003|10.40|31.69|50048
11003|11.20|32.49|50048
11003|4.00|25.22|50049
11003|4.80|26.02|50049
14007|5.60|26.82|50049
55102|6.40|27.62|50049
11003|7.20|28.42|50049
11003|8.00|29.22|50049
14007|8.80|30.02|50049
55102|9.60|30.82|50049
11003|10.40|31.62|50049
11003|11.20|32.42|50049
11003|4.00|25.22|50050
11003|4.80|26.02|50050
14007|5.60|26.82|50050
55102|6.40|27.62|50050
11003|7.20|28.42|50050
11003|8.00|29.22|50050
14007|8.80|30.02|50050
55102|9.60|30.82|50050
11003|10.40|31.62|50050
11003|11.20|32.42|50050
11003|4.00|24.68|50051
11003|4.80|25.48|50051
14007|5.60|26.28|50051
55102|6.40|27.08|50051
11003|7.20|27.88|50051
11003|8.00|28.68|50051
14007|8.80|29.48|50051
55102|9.60|30.28|50051
11003|10.40|31.08|50051
11003|11.20|31.88|50051
11003|4.00|24.68|50052
11003|4.80|25.48|50052
14007|5.60|26.28|50052
55102|6.40|27.08|50052
11003|7.20|27.88|50052
11003|8.00|28.68|50052
14007|8.80|29.48|50052
55102|9.60|30.28|50052
11003|10.40|31.08|50052
11003|11.20|31.88|50052
11003|4.00|24.62|50053
11003|4.80|25.42|50053
14007|5.60|26.22|50053
55102|6.40|27.02|50053
11003|7.20|27.82|50053
11003|8.00|28.62|50053
14007|8.80|29.42|50053
55102|9.60|30.22|50053
11003|10.40|31.02|50053
11003|11.20|31.82|50053
11003|4.00|24.57|50054
11003|4.80|25.37|50054
14007|5.60|26.17|50054
55102|6.40|26.97|50054
11003|7.20|27.77|50054
11003|8.00|28.57|50054
14007|8.80|29.37|50054
55102|9.60|30.17|50054
11003|10.40|30.97|50054
11003|11.20|31.77|50054
#tide_44002_6
40.80
11003|4.00|28.71|50191
11003|4.00|31.28|50192
11003|4.00|34.36|50193
11003|4.00|31.83|50194
11003|4.00|31.82|50195
11003|4.00|34.56|50196
11003|4.00|31.00|50197
11003|4.00|28.46|50198
11003|4.00|28.62|50183
11003|4.00|30.58|50184
11003|4.00|34.80|50185
11003|4.00|31.87|50186
11003|4.00|31.86|50187
11003|4.00|34.53|50188
11003|4.00|31.28|50189
11003|4.00|28.68|50190
11004|5.00|29.71|50191
11004|5.00|32.28|50192
11004|5.00|35.36|50193
11004|5.00|32.83|50194
11004|5.00|32.82|50195
11004|5.00|35.56|50196
11004|5.00|32.00|50197
11004|5.00|29.46|50198
11004|5.00|29.62|50183
11004|5.00|31.58|50184
11004|5.00|35.80|50185
11004|5.00|32.87|50186
11004|5.00|32.86|50187
11004|5.00|35.53|50188
11004|5.00|32.28|50189
11004|5.00|29.68|50190
11005|6.00|30.71|50191
11005|6.00|33.28|50192
11005|6.00|33.83|50194
11005|6.00|33.82|50195
11005|6.00|36.56|50196
11005|6.00|33.00|50197
11005|6.00|30.46|50198
11005|6.00|30.62|50183
11005|6.00|32.58|50184
11005|6.00|36.80|50185
11005|6.00|33.87|50186
11005|6.00|33.86|50187
11005|6.00|33.28|50189
11005|6.00|30.68|50190
11006|7.00|31.71|50191
11006|7.00|34.28|50192
11006|7.00|37.36|50193
11006|7.00|34.83|50194
11006|7.00|34.82|50195
11006|7.00|37.56|50196
11006|7.00|34.00|50197
11006|7.00|31.46|50198
11006|7.00|31.62|50183
11006|7.00|33.58|50184
11006|7.00|37.80|50185
11006|7.00|34.87|50186
11006|7.00|34.86|50187
11006|7.00|37.53|50188
11006|7.00|34.28|50189
11006|7.00|31.68|50190
11007|8.00|32.71|50191
11007|8.00|35.28|50192
14007|8.00|38.36|50193
11007|8.00|35.83|50194
11007|8.00|35.82|50195
14007|8.00|38.56|50196
11007|8.00|35.00|50197
11007|8.00|32.46|50198
14007|8.00|32.62|50183
11007|8.00|34.58|50184
11007|8.00|38.80|50185
14007|8.00|35.87|50186
11007|8.00|35.86|50187
11007|8.00|38.53|50188
14007|8.00|35.28|50189
11007|8.00|32.68|50190
11008|9.00|33.71|50191
11008|9.00|36.28|50192
11008|9.00|39.36|50193
11008|9.00|36.83|50194
11008|9.00|36.82|50195
11008|9.00|39.56|50196
11008|9.00|36.00|50197
11008|9.00|33.46|50198
11008|9.00|33.62|50183
11008|9.00|35.58|50184
11008|9.00|39.80|50185
11008|9.00|36.87|50186
11008|9.00|36.86|50187
11008|9.00|39.53|50188
11008|9.00|36.28|50189
11008|9.00|33.68|50190
11009|10.00|34.71|50191
11009|10.00|37.28|50192
11009|10.00|40.36|50193
14009|10.00|37.83|50194
11009|10.00|37.82|50195
11009|10.00|40.56|50196
11009|10.00|37.00|50197
14009|10.00|34.46|50198
11009|10.00|34.62|50183
11009|10.00|36.58|50184
11009|10.00|40.80|50185
14009|10.00|37.87|50186
11009|10.00|37.86|50187
11009|10.00|40.53|50188
11009|10.00|37.28|50189
14009|10.00|34.68|50190
#tide_44002_7
93.66
11003|4.00|59.54|50001
11003|4.60|60.14|50001
11003|5.20|60.74|50001
11003|5.80|61.34|50001
11003|6.40|61.94|50001
11003|7.00|62.54|50001
11003|7.60|63.14|50001
11003|8.20|63.74|50001
11003|8.80|64.34|50001
11003|9.40|64.94|50001
11003|10.00|65.54|50001
11003|10.60|66.14|50001
11003|11.20|66.74|50001
11003|11.80|67.34|50001
11003|12.40|67.94|50001
11003|13.00|68.54|50001
11003|13.60|69.14|50001
11003|14.20|69.74|50001
11003|14.80|70.34|50001
11003|15.40|70.94|50001
11003|16.00|71.54|50001
11003|16.60|72.14|50001
11003|17.20|72.74|50001
11003|17.80|73.34|50001
11003|18.40|73.94|50001
11003|19.00|74.54|50001
11003|19.60|75.14|50001
11003|20.20|75.74|50001
11003|20.80|76.34|50001
11003|21.40|76.94|50001
11003|22.00|77.54|50001
11003|22.60|78.14|50001
11003|23.20|78.74|50001
11003|23.80|79.34|50001
11003|24.40|79.94|50001
11003|25.00|80.54|50001
11003|4.00|59.41|50002
11003|4.60|60.01|50002
11003|5.20|60.61|50002
11003|5.80|61.21|50002
11003|6.40|61.81|50002
11003|7.00|62.41|50002
11003|7.60|63.01|50002
11003|8.20|63.61|50002
11003|8.80|64.21|50002
11003|9.40|64.81|50002
11003|10.00|65.41|50002
11003|10.60|66.01|50002
11003|11.20|66.61|50002
11003|11.80|67.21|50002
11003|12.40|67.81|50002
11003|13.00|68.41|50002
11003|13.60|69.01|50002
11003|14.20|69.61|50002
11003|14.80|70.21|50002
11003|15.40|70.81|50002
11003|16.00|71.41|50002
11003|16.60|72.01|50002
11003|17.20|72.61|50002
11003|17.80|73.21|50002
11003|18.40|73.81|50002
11003|19.00|74.41|50002
11003|19.60|75.01|50002
11003|20.20|75.61|50002
11003|20.80|76.21|50002
11003|21.40|76.81|50002
11003|22.00|77.41|50002
11003|22.60|78.01|50002
11003|23.20|78.61|50002
11003|23.80|79.21|50002
11003|24.40|79.81|50002
11003|25.00|80.41|50002
17040|4.00|93.66|50005
17040|4.00|93.53|50006
11003|4.00|59.45|50003
11003|4.60|60.05|50003
11003|5.20|60.65|50003
11003|5.80|61.25|50003
11003|6.40|61.85|50003
11003|7.00|62.45|50003
11003|7.60|63.05|50003
11003|8.20|63.65|50003
11003|8.80|64.25|50003
11003|9.40|64.85|50003
11003|10.00|65.45|50003
11003|10.60|66.05|50003
11003|11.20|66.65|50003
11003|11.80|67.25|50003
11003|12.40|67.85|50003
11003|13.00|68.45|50003
11003|13.60|69.05|50003
11003|14.20|69.65|50003
11003|14.80|70.25|50003
11003|15.40|70.85|50003
11003|16.00|71.45|50003
11003|16.60|72.05|50003
11003|17.20|72.65|50003
11003|17.80|73.25|50003
11003|18.40|73.85|50003
11003|19.00|74.45|50003
11003|19.60|75.05|50003
11003|20.20|75.65|50003
11003|20.80|76.25|50003
11003|21.40|76.85|50003
11003|22.00|77.45|50003
11003|22.60|78.05|50003
11003|23.20|78.65|50003
11003|23.80|79.25|50003
11003|24.40|79.85|50003
11003|25.00|80.45|50003
11003|4.00|59.28|50004
11003|4.60|59.88|50004
11003|5.20|60.48|50004
11003|5.80|61.08|50004
11003|6.40|61.68|50004
11003|7.00|62.28|50004
11003|7.60|62.88|50004
11003|8.20|63.48|50004
11003|8.80|64.08|50004
11003|9.40|64.68|50004
11003|10.00|65.28|50004
11003|10.60|65.88|50004
11003|11.20|66.48|50004
11003|11.80|67.08|50004
11003|12.40|67.68|50004
11003|13.00|68.28|50004
11003|13.60|68.88|50004
11003|14.20|69.48|50004
11003|14.80|70.08|50004
11003|15.40|70.68|50004
11003|16.00|71.28|50004
11003|16.60|71.88|50004
11003|17.20|72.48|50004
11003|17.80|73.08|50004
11003|18.40|73.68|50004
11003|19.00|74.28|50004
11003|19.60|74.88|50004
11003|20.20|75.48|50004
11003|20.80|76.08|50004
11003|21.40|76.68|50004
11003|22.00|77.28|50004
11003|22.60|77.88|50004
11003|23.20|78.48|50004
11003|23.80|79.08|50004
11003|24.40|79.68|50004
11003|25.00|80.28|50004
