#boss_12028_1
40.50
12028|0.50|40.50|1016201
#boss_12028_10
45.50
12028|0.50|45.50|1016222
#boss_12028_11
45.50
12028|0.50|45.50|1016223
#boss_12028_12
45.50
12028|0.50|45.50|1016224
#boss_12028_2
40.50
12028|0.50|40.50|1016202
#boss_12028_3
40.50
12028|0.50|40.50|1016203
#boss_12028_4
40.50
12028|0.50|40.50|1016204
#boss_12028_5
40.50
12028|0.50|40.50|1016211
#boss_12028_6
40.50
12028|0.50|40.50|1016212
#boss_12028_7
40.50
12028|0.50|40.50|1016213
#boss_12028_8
40.50
12028|0.50|40.50|1016214
#boss_12028_9
45.50
12028|0.50|45.50|1016221
#boss_12031_1
40.50
12031|0.50|40.50|1016231
#boss_12031_10
45.50
12031|0.50|45.50|1016252
#boss_12031_11
45.50
12031|0.50|45.50|1016253
#boss_12031_12
45.50
12031|0.50|45.50|1016254
#boss_12031_2
40.50
12031|0.50|40.50|1016232
#boss_12031_3
40.50
12031|0.50|40.50|1016233
#boss_12031_4
40.50
12031|0.50|40.50|1016234
#boss_12031_5
40.50
12031|0.50|40.50|1016241
#boss_12031_6
40.50
12031|0.50|40.50|1016242
#boss_12031_7
40.50
12031|0.50|40.50|1016243
#boss_12031_8
40.50
12031|0.50|40.50|1016244
#boss_12031_9
45.50
12031|0.50|45.50|1016251
#boss_12032_1
45.70
12032|5.00|45.70|10909
#boss_12032_2
42.70
12032|2.00|42.70|20909
#boss_12032_3
42.70
12032|2.00|42.70|30909
#boss_12032_4
42.70
12032|2.00|42.70|40909
#boss_12213_1
55.00
12213|0.00|55.00|1016471
#boss_12213_10
55.00
12213|0.00|55.00|1016452
#boss_12213_11
55.00
12213|0.00|55.00|1016453
#boss_12213_12
55.00
12213|0.00|55.00|1016454
#boss_12213_13
55.00
12213|0.00|55.00|1016441
#boss_12213_14
55.00
12213|0.00|55.00|1016442
#boss_12213_15
55.00
12213|0.00|55.00|1016443
#boss_12213_16
55.00
12213|0.00|55.00|1016444
#boss_12213_17
55.00
12213|0.00|55.00|1016431
#boss_12213_18
55.00
12213|0.00|55.00|1016432
#boss_12213_19
55.00
12213|0.00|55.00|1016433
#boss_12213_2
55.00
12213|0.00|55.00|1016472
#boss_12213_20
55.00
12213|0.00|55.00|1016434
#boss_12213_3
55.00
12213|0.00|55.00|1016473
#boss_12213_4
55.00
12213|0.00|55.00|1016474
#boss_12213_5
60.00
12213|0.00|60.00|1016461
#boss_12213_6
60.00
12213|0.00|60.00|1016462
#boss_12213_7
60.00
12213|0.00|60.00|1016463
#boss_12213_8
60.00
12213|0.00|60.00|1016464
#boss_12213_9
55.00
12213|0.00|55.00|1016451
#boss_12232_1
30.00
12232|0.00|30.00|1010651
#boss_12232_10
30.00
12232|0.00|30.00|1010632
#boss_12232_11
30.00
12232|0.00|30.00|1010633
#boss_12232_12
30.00
12232|0.00|30.00|1010634
#boss_12232_13
30.00
12232|0.00|30.00|1010621
#boss_12232_14
30.00
12232|0.00|30.00|1010622
#boss_12232_15
30.00
12232|0.00|30.00|1010623
#boss_12232_16
30.00
12232|0.00|30.00|1010624
#boss_12232_17
30.00
12232|0.00|30.00|1010611
#boss_12232_18
30.00
12232|0.00|30.00|1010612
#boss_12232_19
30.00
12232|0.00|30.00|1010613
#boss_12232_2
30.00
12232|0.00|30.00|1010652
#boss_12232_20
30.00
12232|0.00|30.00|1010614
#boss_12232_3
30.00
12232|0.00|30.00|1010653
#boss_12232_4
30.00
12232|0.00|30.00|1010654
#boss_12232_5
30.00
12232|0.00|30.00|1010641
#boss_12232_6
30.00
12232|0.00|30.00|1010642
#boss_12232_7
30.00
12232|0.00|30.00|1010643
#boss_12232_8
30.00
12232|0.00|30.00|1010644
#boss_12232_9
30.00
12232|0.00|30.00|1010631
#boss_12233_1
52.00
12233|0.00|52.00|1010731
#boss_12233_10
52.00
12233|0.00|52.00|1010712
#boss_12233_11
52.00
12233|0.00|52.00|1010713
#boss_12233_12
52.00
12233|0.00|52.00|1010714
#boss_12233_13
52.00
12233|0.00|52.00|1010701
#boss_12233_14
52.00
12233|0.00|52.00|1010702
#boss_12233_15
52.00
12233|0.00|52.00|1010703
#boss_12233_16
52.00
12233|0.00|52.00|1010704
#boss_12233_17
52.00
12233|0.00|52.00|1010691
#boss_12233_18
52.00
12233|0.00|52.00|1010692
#boss_12233_19
52.00
12233|0.00|52.00|1010693
#boss_12233_2
52.00
12233|0.00|52.00|1010732
#boss_12233_20
52.00
12233|0.00|52.00|1010694
#boss_12233_21
52.00
12233|0.00|52.00|1010681
#boss_12233_22
52.00
12233|0.00|52.00|1010682
#boss_12233_23
52.00
12233|0.00|52.00|1010683
#boss_12233_24
52.00
12233|0.00|52.00|1010684
#boss_12233_25
52.00
12233|0.00|52.00|1010671
#boss_12233_26
52.00
12233|0.00|52.00|1010672
#boss_12233_27
52.00
12233|0.00|52.00|1010673
#boss_12233_28
52.00
12233|0.00|52.00|1010674
#boss_12233_29
52.00
12233|0.00|52.00|1010661
#boss_12233_3
52.00
12233|0.00|52.00|1010733
#boss_12233_30
52.00
12233|0.00|52.00|1010662
#boss_12233_31
52.00
12233|0.00|52.00|1010663
#boss_12233_32
52.00
12233|0.00|52.00|1010664
#boss_12233_4
52.00
12233|0.00|52.00|1010734
#boss_12233_5
52.00
12233|0.00|52.00|1010721
#boss_12233_6
52.00
12233|0.00|52.00|1010722
#boss_12233_7
52.00
12233|0.00|52.00|1010723
#boss_12233_8
52.00
12233|0.00|52.00|1010724
#boss_12233_9
52.00
12233|0.00|52.00|1010711
#boss_12234_1
25.00
12234|0.00|25.00|1010601
#boss_12234_10
25.00
12234|0.00|25.00|1010582
#boss_12234_11
25.00
12234|0.00|25.00|1010583
#boss_12234_12
25.00
12234|0.00|25.00|1010584
#boss_12234_13
25.00
12234|0.00|25.00|1010571
#boss_12234_14
25.00
12234|0.00|25.00|1010572
#boss_12234_15
25.00
12234|0.00|25.00|1010573
#boss_12234_16
25.00
12234|0.00|25.00|1010574
#boss_12234_17
25.00
12234|0.00|25.00|1010561
#boss_12234_18
25.00
12234|0.00|25.00|1010562
#boss_12234_19
25.00
12234|0.00|25.00|1010563
#boss_12234_2
25.00
12234|0.00|25.00|1010602
#boss_12234_20
25.00
12234|0.00|25.00|1010564
#boss_12234_3
25.00
12234|0.00|25.00|1010603
#boss_12234_4
25.00
12234|0.00|25.00|1010604
#boss_12234_5
25.00
12234|0.00|25.00|1010591
#boss_12234_6
25.00
12234|0.00|25.00|1010592
#boss_12234_7
25.00
12234|0.00|25.00|1010593
#boss_12234_8
25.00
12234|0.00|25.00|1010594
#boss_12234_9
25.00
12234|0.00|25.00|1010581
