#grandprix_11004_1_1
12.00
11004|0.00|12.00|1001041
11004|0.00|12.00|1001091
11004|0.00|12.00|1001211
11004|0.00|12.00|1001271
11004|0.00|12.00|1001042
11004|0.00|12.00|1001072
11004|0.00|12.00|1001182
11004|0.00|12.00|1001232
11004|0.00|12.00|1001043
11004|0.00|12.00|1001153
11004|0.00|12.00|1001233
11004|0.00|12.00|1001273
11004|0.00|12.00|1001054
11004|0.00|12.00|1001194
11004|0.00|12.00|1001214
#grandprix_11004_1_2
12.00
11004|0.00|12.00|1001011
11004|0.00|12.00|1001061
11004|0.00|12.00|1001151
11004|0.00|12.00|1001221
11004|0.00|12.00|1001052
11004|0.00|12.00|1001112
11004|0.00|12.00|1001182
11004|0.00|12.00|1001013
11004|0.00|12.00|1001073
11004|0.00|12.00|1001123
11004|0.00|12.00|1001223
11004|0.00|12.00|1001034
11004|0.00|12.00|1001044
11004|0.00|12.00|1001144
11004|0.00|12.00|1001234
#grandprix_11004_1_3
12.00
11004|0.00|12.00|1001021
11004|0.00|12.00|1001061
11004|0.00|12.00|1001131
11004|0.00|12.00|1000982
11004|0.00|12.00|1001002
11004|0.00|12.00|1001112
11004|0.00|12.00|1001162
11004|0.00|12.00|1001242
11004|0.00|12.00|1001013
11004|0.00|12.00|1001173
11004|0.00|12.00|1001173
11004|0.00|12.00|1001034
11004|0.00|12.00|1001034
11004|0.00|12.00|1001174
11004|0.00|12.00|1001214
#grandprix_11004_1_4
12.00
11004|0.00|12.00|1001051
11004|0.00|12.00|1001051
11004|0.00|12.00|1001211
11004|0.00|12.00|1001221
11004|0.00|12.00|1001022
11004|0.00|12.00|1001152
11004|0.00|12.00|1001192
11004|0.00|12.00|1001232
11004|0.00|12.00|1001023
11004|0.00|12.00|1001153
11004|0.00|12.00|1001243
11004|0.00|12.00|1000984
11004|0.00|12.00|1001094
11004|0.00|12.00|1001144
11004|0.00|12.00|1001254
#grandprix_11004_2_1
12.00
11004|0.00|12.00|1001011
11004|0.00|12.00|1001081
11004|0.00|12.00|1001181
11004|0.00|12.00|1001241
11004|0.00|12.00|1001042
11004|0.00|12.00|1001092
11004|0.00|12.00|1001162
11004|0.00|12.00|1001003
11004|0.00|12.00|1001063
11004|0.00|12.00|1001123
11004|0.00|12.00|1001253
11004|0.00|12.00|1000984
11004|0.00|12.00|1001094
11004|0.00|12.00|1001144
11004|0.00|12.00|1001204
#grandprix_11004_2_2
12.00
11004|0.00|12.00|1001001
11004|0.00|12.00|1001091
11004|0.00|12.00|1001211
11004|0.00|12.00|1001231
11004|0.00|12.00|1001022
11004|0.00|12.00|1001092
11004|0.00|12.00|1001172
11004|0.00|12.00|1001013
11004|0.00|12.00|1001063
11004|0.00|12.00|1001153
11004|0.00|12.00|1001193
11004|0.00|12.00|1001273
11004|0.00|12.00|1001044
11004|0.00|12.00|1001144
11004|0.00|12.00|1001224
#grandprix_11004_2_3
12.00
11004|0.00|12.00|1001031
11004|0.00|12.00|1001051
11004|0.00|12.00|1001171
11004|0.00|12.00|1001231
11004|0.00|12.00|1001032
11004|0.00|12.00|1001102
11004|0.00|12.00|1001212
11004|0.00|12.00|1001272
11004|0.00|12.00|1001083
11004|0.00|12.00|1001133
11004|0.00|12.00|1001193
11004|0.00|12.00|1000994
11004|0.00|12.00|1001034
11004|0.00|12.00|1001164
11004|0.00|12.00|1001234
#grandprix_11004_2_4
12.00
11004|0.00|12.00|1000981
11004|0.00|12.00|1001071
11004|0.00|12.00|1001161
11004|0.00|12.00|1000982
11004|0.00|12.00|1001052
11004|0.00|12.00|1001092
11004|0.00|12.00|1001212
11004|0.00|12.00|1001242
11004|0.00|12.00|1001093
11004|0.00|12.00|1001093
11004|0.00|12.00|1001183
11004|0.00|12.00|1001024
11004|0.00|12.00|1001074
11004|0.00|12.00|1001154
11004|0.00|12.00|1001194
#grandprix_11004_3_1
12.00
11004|0.00|12.00|1000991
11004|0.00|12.00|1001071
11004|0.00|12.00|1001141
11004|0.00|12.00|1000982
11004|0.00|12.00|1001052
11004|0.00|12.00|1001132
11004|0.00|12.00|1001202
11004|0.00|12.00|1001232
11004|0.00|12.00|1001053
11004|0.00|12.00|1001163
11004|0.00|12.00|1001223
11004|0.00|12.00|1000984
11004|0.00|12.00|1001094
11004|0.00|12.00|1001184
11004|0.00|12.00|1001204
#grandprix_11004_3_2
12.00
11004|0.00|12.00|1001031
11004|0.00|12.00|1001091
11004|0.00|12.00|1001181
11004|0.00|12.00|1001231
11004|0.00|12.00|1001032
11004|0.00|12.00|1001112
11004|0.00|12.00|1001172
11004|0.00|12.00|1001242
11004|0.00|12.00|1001023
11004|0.00|12.00|1001093
11004|0.00|12.00|1001233
11004|0.00|12.00|1001253
11004|0.00|12.00|1001034
11004|0.00|12.00|1001124
11004|0.00|12.00|1001204
#grandprix_11004_3_3
12.00
11004|0.00|12.00|1001011
11004|0.00|12.00|1001051
11004|0.00|12.00|1001211
11004|0.00|12.00|1001241
11004|0.00|12.00|1001022
11004|0.00|12.00|1001112
11004|0.00|12.00|1001232
11004|0.00|12.00|1001262
11004|0.00|12.00|1001063
11004|0.00|12.00|1001163
11004|0.00|12.00|1001193
11004|0.00|12.00|1001253
11004|0.00|12.00|1001114
11004|0.00|12.00|1001174
11004|0.00|12.00|1001234
#grandprix_11004_3_4
12.00
11004|0.00|12.00|1000991
11004|0.00|12.00|1001081
11004|0.00|12.00|1001211
11004|0.00|12.00|1001261
11004|0.00|12.00|1001002
11004|0.00|12.00|1001092
11004|0.00|12.00|1001232
11004|0.00|12.00|1001013
11004|0.00|12.00|1001043
11004|0.00|12.00|1001103
11004|0.00|12.00|1001203
11004|0.00|12.00|1001253
11004|0.00|12.00|1001114
11004|0.00|12.00|1001134
11004|0.00|12.00|1001244
#grandprix_11004_4_1
12.00
11004|0.00|12.00|1001021
11004|0.00|12.00|1001071
11004|0.00|12.00|1001131
11004|0.00|12.00|1001251
11004|0.00|12.00|1001062
11004|0.00|12.00|1001122
11004|0.00|12.00|1001202
11004|0.00|12.00|1001242
11004|0.00|12.00|1001093
11004|0.00|12.00|1001173
11004|0.00|12.00|1001243
11004|0.00|12.00|1001253
11004|0.00|12.00|1001064
11004|0.00|12.00|1001134
11004|0.00|12.00|1001234
#grandprix_11004_4_2
12.00
11004|0.00|12.00|1001051
11004|0.00|12.00|1001121
11004|0.00|12.00|1001131
11004|0.00|12.00|1001221
11004|0.00|12.00|1001042
11004|0.00|12.00|1001092
11004|0.00|12.00|1001232
11004|0.00|12.00|1000983
11004|0.00|12.00|1001063
11004|0.00|12.00|1001173
11004|0.00|12.00|1001183
11004|0.00|12.00|1000984
11004|0.00|12.00|1001064
11004|0.00|12.00|1001124
11004|0.00|12.00|1001204
#grandprix_11004_4_3
12.00
11004|0.00|12.00|1001011
11004|0.00|12.00|1001081
11004|0.00|12.00|1001201
11004|0.00|12.00|1000982
11004|0.00|12.00|1001022
11004|0.00|12.00|1001112
11004|0.00|12.00|1001222
11004|0.00|12.00|1001272
11004|0.00|12.00|1001043
11004|0.00|12.00|1001103
11004|0.00|12.00|1001223
11004|0.00|12.00|1001024
11004|0.00|12.00|1001114
11004|0.00|12.00|1001184
11004|0.00|12.00|1001254
#grandprix_11004_4_4
12.00
11004|0.00|12.00|1000981
11004|0.00|12.00|1001121
11004|0.00|12.00|1001141
11004|0.00|12.00|1001231
11004|0.00|12.00|1001012
11004|0.00|12.00|1001092
11004|0.00|12.00|1001162
11004|0.00|12.00|1000993
11004|0.00|12.00|1001023
11004|0.00|12.00|1001143
11004|0.00|12.00|1001233
11004|0.00|12.00|1001024
11004|0.00|12.00|1001094
11004|0.00|12.00|1001144
11004|0.00|12.00|1001234
#grandprix_11004_5_1
12.00
11004|0.00|12.00|1001031
11004|0.00|12.00|1001111
11004|0.00|12.00|1001211
11004|0.00|12.00|1001241
11004|0.00|12.00|1001052
11004|0.00|12.00|1001152
11004|0.00|12.00|1001192
11004|0.00|12.00|1000993
11004|0.00|12.00|1001033
11004|0.00|12.00|1001163
11004|0.00|12.00|1001203
11004|0.00|12.00|1000994
11004|0.00|12.00|1001094
11004|0.00|12.00|1001124
11004|0.00|12.00|1001264
#grandprix_11004_5_2
12.00
11004|0.00|12.00|1001001
11004|0.00|12.00|1001081
11004|0.00|12.00|1001201
11004|0.00|12.00|1000992
11004|0.00|12.00|1001072
11004|0.00|12.00|1001092
11004|0.00|12.00|1001172
11004|0.00|12.00|1001003
11004|0.00|12.00|1001053
11004|0.00|12.00|1001153
11004|0.00|12.00|1001243
11004|0.00|12.00|1001034
11004|0.00|12.00|1001084
11004|0.00|12.00|1001134
11004|0.00|12.00|1001264
#grandprix_11004_5_3
19.57
11004|0.00|12.00|1001001
11004|0.00|12.00|1001061
11004|0.00|12.00|1001211
11004|0.00|12.00|1000982
11004|0.00|12.00|1001022
11004|0.00|12.00|1001112
11004|0.00|12.00|1001172
11004|0.00|12.00|1001242
11004|0.00|12.00|1001043
11004|0.00|12.00|1001153
11004|0.00|12.00|1001243
11004|0.00|12.00|1000994
11004|0.00|12.00|1001094
11004|0.00|12.00|1001174
11004|0.00|12.00|1001254
#grandprix_11004_5_4
19.32
11004|0.00|12.00|1001011
11004|0.00|12.00|1001081
11004|0.00|12.00|1001181
11004|0.00|12.00|1001261
11004|0.00|12.00|1001032
11004|0.00|12.00|1001112
11004|0.00|12.00|1001202
11004|0.00|12.00|1000993
11004|0.00|12.00|1001023
11004|0.00|12.00|1001103
11004|0.00|12.00|1001253
11004|0.00|12.00|1001034
11004|0.00|12.00|1001094
11004|0.00|12.00|1001144
11004|0.00|12.00|1001204
#grandprix_11010_1_1
25.00
11010|0.00|25.00|1003391
11010|0.00|25.00|1003332
11010|0.00|25.00|1003353
11010|0.00|25.00|1003304
11010|0.00|25.00|1003364
#grandprix_11010_1_2
25.00
11010|0.00|25.00|1003411
11010|0.00|25.00|1003492
11010|0.00|25.00|1003333
11010|0.00|25.00|1003374
11010|0.00|25.00|1003293
#grandprix_11010_1_3
25.00
11010|0.00|25.00|1003261
11010|0.00|25.00|1003352
11010|0.00|25.00|1003303
11010|0.00|25.00|1003494
11010|0.00|25.00|1003442
#grandprix_11010_1_4
25.00
11010|0.00|25.00|1003411
11010|0.00|25.00|1003492
11010|0.00|25.00|1003503
11010|0.00|25.00|1003304
11010|0.00|25.00|1003264
#grandprix_11010_2_1
25.00
11010|0.00|25.00|1003291
11010|0.00|25.00|1003492
11010|0.00|25.00|1003273
11010|0.00|25.00|1003494
11010|0.00|25.00|1003432
#grandprix_11010_2_2
25.00
11010|0.00|25.00|1003261
11010|0.00|25.00|1003462
11010|0.00|25.00|1003273
11010|0.00|25.00|1003414
11010|0.00|25.00|1003471
#grandprix_11010_2_3
25.00
11010|0.00|25.00|1003501
11010|0.00|25.00|1003302
11010|0.00|25.00|1003333
11010|0.00|25.00|1003494
11010|0.00|25.00|1003294
#grandprix_11010_2_4
25.00
11010|0.00|25.00|1003451
11010|0.00|25.00|1003462
11010|0.00|25.00|1003213
11010|0.00|25.00|1003284
11010|0.00|25.00|1003312
#grandprix_11010_3_1
25.00
11010|0.00|25.00|1003391
11010|0.00|25.00|1003352
11010|0.00|25.00|1003233
11010|0.00|25.00|1003224
11010|0.00|25.00|1003262
#grandprix_11010_3_2
25.00
11010|0.00|25.00|1003251
11010|0.00|25.00|1003252
11010|0.00|25.00|1003303
11010|0.00|25.00|1003344
11010|0.00|25.00|1003262
#grandprix_11010_3_3
25.00
11010|0.00|25.00|1003451
11010|0.00|25.00|1003472
11010|0.00|25.00|1003473
11010|0.00|25.00|1003374
11010|0.00|25.00|1003304
#grandprix_11010_3_4
25.00
11010|0.00|25.00|1003401
11010|0.00|25.00|1003242
11010|0.00|25.00|1003263
11010|0.00|25.00|1003284
11010|0.00|25.00|1003402
#grandprix_11010_4_1
25.00
11010|0.00|25.00|1003271
11010|0.00|25.00|1003492
11010|0.00|25.00|1003253
11010|0.00|25.00|1003444
11010|0.00|25.00|1003314
#grandprix_11010_4_2
25.00
11010|0.00|25.00|1003271
11010|0.00|25.00|1003492
11010|0.00|25.00|1003383
11010|0.00|25.00|1003234
11010|0.00|25.00|1003261
#grandprix_11010_4_3
25.00
11010|0.00|25.00|1003431
11010|0.00|25.00|1003282
11010|0.00|25.00|1003393
11010|0.00|25.00|1003244
11010|0.00|25.00|1003353
#grandprix_11010_4_4
25.00
11010|0.00|25.00|1003211
11010|0.00|25.00|1003312
11010|0.00|25.00|1003343
11010|0.00|25.00|1003454
11010|0.00|25.00|1003264
#grandprix_11010_5_1
25.00
11010|0.00|25.00|1003371
11010|0.00|25.00|1003242
11010|0.00|25.00|1003433
11010|0.00|25.00|1003384
11010|0.00|25.00|1003322
#grandprix_11010_5_2
25.00
11010|0.00|25.00|1003441
11010|0.00|25.00|1003332
11010|0.00|25.00|1003233
11010|0.00|25.00|1003314
11010|0.00|25.00|1003231
#grandprix_11010_5_3
25.00
11010|0.00|25.00|1003421
11010|0.00|25.00|1003492
11010|0.00|25.00|1003283
11010|0.00|25.00|1003314
11010|0.00|25.00|1003274
#grandprix_11010_5_4
25.00
11010|0.00|25.00|1003341
11010|0.00|25.00|1003282
11010|0.00|25.00|1003283
11010|0.00|25.00|1003394
11010|0.00|25.00|1003384
#grandprix_11018_1_1
25.00
11018|0.00|25.00|1009391
11018|0.00|25.00|1009432
11018|0.00|25.00|1009483
#grandprix_11018_1_2
25.00
11018|0.00|25.00|1009491
11018|0.00|25.00|1009532
11018|0.00|25.00|1009313
#grandprix_11018_1_3
25.00
11018|0.00|25.00|1009471
11018|0.00|25.00|1009482
11018|0.00|25.00|1009343
#grandprix_11018_1_4
25.00
11018|0.00|25.00|1009381
11018|0.00|25.00|1009392
11018|0.00|25.00|1009463
#grandprix_11018_2_1
25.00
11018|0.00|25.00|1009501
11018|0.00|25.00|1009432
11018|0.00|25.00|1009534
#grandprix_11018_2_2
25.00
11018|0.00|25.00|1009551
11018|0.00|25.00|1009362
11018|0.00|25.00|1009494
#grandprix_11018_2_3
25.00
11018|0.00|25.00|1009331
11018|0.00|25.00|1009442
11018|0.00|25.00|1009433
#grandprix_11018_2_4
25.00
11018|0.00|25.00|1009341
11018|0.00|25.00|1009472
11018|0.00|25.00|1009434
#grandprix_11018_3_1
25.00
11018|0.00|25.00|1009361
11018|0.00|25.00|1009402
11018|0.00|25.00|1009524
#grandprix_11018_3_2
25.00
11018|0.00|25.00|1009371
11018|0.00|30.00|1009422
11018|0.00|25.00|1009313
#grandprix_11018_3_3
25.00
11018|0.00|25.00|1009451
11018|0.00|25.00|1009322
11018|0.00|25.00|1009553
#grandprix_11018_3_4
25.00
11018|0.00|25.00|1009501
11018|0.00|25.00|1009432
11018|0.00|25.00|1009353
#grandprix_11018_4_1
25.00
11018|0.00|25.00|1009331
11018|0.00|25.00|1009382
11018|0.00|25.00|1009344
#grandprix_11018_4_2
25.00
11018|0.00|25.00|1009501
11018|0.00|30.00|1009422
11018|0.00|25.00|1009333
#grandprix_11018_4_3
25.00
11018|0.00|25.00|1009511
11018|0.00|25.00|1009312
11018|0.00|25.00|1009383
#grandprix_11018_4_4
25.00
11018|0.00|25.00|1009511
11018|0.00|25.00|1009392
11018|0.00|25.00|1009544
#grandprix_11018_5_1
25.00
11018|0.00|25.00|1009431
11018|0.00|25.00|1009432
11018|0.00|25.00|1009553
#grandprix_11018_5_2
25.00
11018|0.00|25.00|1009391
11018|0.00|25.00|1009462
11018|0.00|30.00|1009423
#grandprix_11018_5_3
25.00
11018|0.00|25.00|1009511
11018|0.00|25.00|1009522
11018|0.00|25.00|1009534
#grandprix_11018_5_4
25.00
11018|0.00|25.00|1009331
11018|0.00|25.00|1009382
11018|0.00|25.00|1009534
#grandprix_11020_1_1
27.00
11020|0.00|27.00|1004263
11020|0.00|27.00|1004172
#grandprix_11020_1_2
27.00
11020|0.00|27.00|1004232
11020|0.00|27.00|1004212
#grandprix_11020_1_3
27.00
11020|0.00|27.00|1004283
11020|0.00|27.00|1004171
#grandprix_11020_1_4
27.00
11020|0.00|27.00|1004284
11020|0.00|27.00|1004193
#grandprix_11020_2_1
27.00
11020|0.00|27.00|1004284
11020|0.00|27.00|1004203
#grandprix_11020_2_2
27.00
11020|0.00|27.00|1004264
11020|0.00|27.00|1004181
#grandprix_11020_2_3
27.00
11020|0.00|27.00|1004242
11020|0.00|27.00|1004164
#grandprix_11020_2_4
27.00
11020|0.00|27.00|1004284
11020|0.00|27.00|1004201
#grandprix_11020_3_1
27.00
11020|0.00|27.00|1004281
11020|0.00|27.00|1004184
#grandprix_11020_3_2
27.00
11020|0.00|27.00|1004232
11020|0.00|27.00|1004183
#grandprix_11020_3_3
27.00
11020|0.00|27.00|1004244
11020|0.00|27.00|1004202
#grandprix_11020_3_4
27.00
11020|0.00|27.00|1004234
11020|0.00|27.00|1004223
#grandprix_11020_4_1
27.00
11020|0.00|27.00|1004232
11020|0.00|27.00|1004184
#grandprix_11020_4_2
27.00
11020|0.00|27.00|1004291
11020|0.00|27.00|1004162
#grandprix_11020_4_3
27.00
11020|0.00|27.00|1004254
11020|0.00|27.00|1004164
#grandprix_11020_4_4
27.00
11020|0.00|27.00|1004244
11020|0.00|27.00|1004163
#grandprix_11020_5_1
27.00
11020|0.00|27.00|1004261
11020|0.00|27.00|1004162
#grandprix_11020_5_2
27.00
11020|0.00|27.00|1004243
11020|0.00|27.00|1004224
#grandprix_11020_5_3
27.00
11020|0.00|27.00|1004292
11020|0.00|27.00|1004191
#grandprix_11020_5_4
27.00
11020|0.00|27.00|1004262
11020|0.00|27.00|1004181
#grandprix_11021_1_1
25.00
11021|0.00|25.00|1006171
11021|0.00|25.00|1006022
#grandprix_11021_1_2
30.00
11021|0.00|30.00|1006151
11021|0.00|25.00|1006022
#grandprix_11021_1_3
30.00
11021|0.00|30.00|1006153
11021|0.00|25.00|1006023
#grandprix_11021_1_4
30.00
11021|0.00|30.00|1006103
11021|0.00|25.00|1006042
#grandprix_11021_2_1
25.00
11021|0.00|25.00|1006174
11021|0.00|25.00|1006082
#grandprix_11021_2_2
25.00
11021|0.00|25.00|1006174
11021|0.00|25.00|1006084
#grandprix_11021_2_3
30.00
11021|0.00|30.00|1006114
11021|0.00|25.00|1006083
#grandprix_11021_2_4
25.00
11021|0.00|25.00|1006131
11021|0.00|25.00|1006054
#grandprix_11021_3_1
30.00
11021|0.00|30.00|1006154
11021|0.00|25.00|1006033
#grandprix_11021_3_2
30.00
11021|0.00|25.00|1006133
11021|0.00|30.00|1006091
#grandprix_11021_3_3
30.00
11021|0.00|30.00|1006162
11021|0.00|25.00|1006012
#grandprix_11021_3_4
30.00
11021|0.00|25.00|1006182
11021|0.00|30.00|1006091
#grandprix_11021_4_1
30.00
11021|0.00|25.00|1006182
11021|0.00|30.00|1006091
#grandprix_11021_4_2
30.00
11021|0.00|30.00|1006112
11021|0.00|30.00|1006094
#grandprix_11021_4_3
25.00
11021|0.00|25.00|1006133
11021|0.00|25.00|1006033
#grandprix_11021_4_4
25.00
11021|0.00|25.00|1006132
11021|0.00|25.00|1006044
#grandprix_11021_5_1
30.00
11021|0.00|30.00|1006101
11021|0.00|25.00|1006023
#grandprix_11021_5_2
30.00
11021|0.00|25.00|1006141
11021|0.00|30.00|1006063
#grandprix_11021_5_3
330.00
11021|0.00|30.00|1006102
11021|0.00|25.00|1006053
#grandprix_11021_5_4
25.00
11021|0.00|25.00|1006143
11021|0.00|25.00|1006081
#grandprix_11090_1_1
23.00
11090|0.00|23.00|1005401
11090|0.00|23.00|1005273
#grandprix_11090_1_2
23.00
11090|0.00|23.00|1005382
11090|0.00|23.00|1005262
#grandprix_11090_1_3
23.00
11090|0.00|23.00|1005412
11090|0.00|23.00|1005272
#grandprix_11090_1_4
23.00
11090|0.00|23.00|1005443
11090|0.00|23.00|1005341
#grandprix_11090_2_1
23.00
11090|0.00|23.00|1005434
11090|0.00|23.00|1005291
#grandprix_11090_2_2
23.00
11090|0.00|23.00|1005441
11090|0.00|23.00|1005281
#grandprix_11090_2_3
23.00
11090|0.00|23.00|1005374
11090|0.00|23.00|1005332
#grandprix_11090_2_4
23.00
11090|0.00|23.00|1005372
11090|0.00|23.00|1005253
#grandprix_11090_3_1
23.00
11090|0.00|23.00|1005451
11090|0.00|23.00|1005304
#grandprix_11090_3_2
23.00
11090|0.00|23.00|1005362
11090|0.00|23.00|1005223
#grandprix_11090_3_3
23.00
11090|0.00|23.00|1005352
11090|0.00|23.00|1005281
#grandprix_11090_3_4
23.00
11090|0.00|23.00|1005441
11090|0.00|23.00|1005221
#grandprix_11090_4_1
23.00
11090|0.00|23.00|1005473
11090|0.00|23.00|1005203
#grandprix_11090_4_2
23.00
11090|0.00|23.00|1005353
11090|0.00|23.00|1005253
#grandprix_11090_4_3
23.00
11090|0.00|23.00|1005374
11090|0.00|23.00|1005324
#grandprix_11090_4_4
23.00
11090|0.00|23.00|1005441
11090|0.00|23.00|1005231
#grandprix_11090_5_1
23.00
11090|0.00|23.00|1005413
11090|0.00|23.00|1005251
#grandprix_11090_5_2
23.00
11090|0.00|23.00|1005373
11090|0.00|23.00|1005234
#grandprix_11090_5_3
23.00
11090|0.00|23.00|1005432
11090|0.00|23.00|1005251
#grandprix_11090_5_4
23.00
11090|0.00|23.00|1005412
11090|0.00|23.00|1005231
