#group_44301_1
64.44
33074|0.00|32.24|50408
33074|0.00|32.83|50409
33074|0.00|31.61|50410
33074|0.00|31.54|50411
33075|0.00|39.44|50412
33074|2.00|34.24|50408
33074|2.00|34.83|50409
33074|2.00|33.61|50410
33074|2.00|33.54|50411
33074|4.00|36.24|50408
33074|4.00|36.83|50409
33074|4.00|35.61|50410
33074|4.00|35.54|50411
33076|5.00|44.44|50412
33074|6.00|38.24|50408
33074|6.00|38.83|50409
33074|6.00|37.61|50410
33074|6.00|37.54|50411
33074|8.00|40.24|50408
33074|8.00|40.83|50409
33074|8.00|39.61|50410
33074|8.00|39.54|50411
34077|10.00|49.44|50412
33074|10.00|42.24|50408
33074|10.00|42.83|50409
33074|10.00|41.61|50410
33074|10.00|41.54|50411
33074|12.00|44.24|50408
33074|12.00|44.83|50409
33074|12.00|43.61|50410
33074|12.00|43.54|50411
33075|15.00|54.44|50412
33074|14.00|46.24|50408
33074|14.00|46.83|50409
33074|14.00|45.61|50410
33074|14.00|45.54|50411
33074|16.00|48.24|50408
33074|16.00|48.83|50409
33074|16.00|47.61|50410
33074|16.00|47.54|50411
33076|20.00|59.44|50412
33074|18.00|50.24|50408
33074|18.00|50.83|50409
33074|18.00|49.61|50410
33074|18.00|49.54|50411
33074|20.00|52.24|50408
33074|20.00|52.83|50409
33074|20.00|51.61|50410
33074|20.00|51.54|50411
33075|25.00|64.44|50412
33074|22.00|54.24|50408
33074|22.00|54.83|50409
33074|22.00|53.61|50410
33074|22.00|53.54|50411
33074|24.00|56.24|50408
33074|24.00|56.83|50409
33074|24.00|55.61|50410
33074|24.00|55.54|50411
33074|26.00|58.24|50408
33074|26.00|58.83|50409
33074|26.00|57.61|50410
33074|26.00|57.54|50411
33074|28.00|60.24|50408
33074|28.00|60.83|50409
33074|28.00|59.61|50410
33074|28.00|59.54|50411
33074|30.00|62.24|50408
33074|30.00|62.83|50409
33074|30.00|61.61|50410
33074|30.00|61.54|50411
#group_44301_10
83.97
33074|0.00|36.81|50444
33074|2.00|38.81|50444
33074|4.00|40.81|50444
33074|6.00|42.81|50444
33074|8.00|44.81|50444
33074|10.00|46.81|50444
33074|12.00|48.81|50444
33074|14.00|50.81|50444
33074|16.00|52.81|50444
33074|18.00|54.81|50444
33074|20.00|56.81|50444
33074|22.00|58.81|50444
33074|24.00|60.81|50444
33074|26.00|62.81|50444
33074|28.00|64.81|50444
33074|30.00|66.81|50444
33074|32.00|68.81|50444
33074|34.00|70.81|50444
33074|36.00|72.81|50444
33074|38.00|74.81|50444
33074|40.00|76.81|50444
33074|42.00|78.81|50444
33074|44.00|80.81|50444
33074|46.00|82.81|50444
33074|1.00|37.97|50445
33074|3.00|39.97|50445
33074|5.00|41.97|50445
33074|7.00|43.97|50445
33074|9.00|45.97|50445
33074|11.00|47.97|50445
33074|13.00|49.97|50445
33074|15.00|51.97|50445
33074|17.00|53.97|50445
33074|19.00|55.97|50445
33074|21.00|57.97|50445
33074|23.00|59.97|50445
33074|25.00|61.97|50445
33074|27.00|63.97|50445
33074|29.00|65.97|50445
33074|31.00|67.97|50445
33074|33.00|69.97|50445
33074|35.00|71.97|50445
33074|37.00|73.97|50445
33074|39.00|75.97|50445
33074|41.00|77.97|50445
33074|43.00|79.97|50445
33074|45.00|81.97|50445
33074|47.00|83.97|50445
33076|0.50|33.89|50446
33075|4.00|37.39|50446
33075|7.50|40.89|50446
34077|11.00|44.39|50446
33075|14.50|47.89|50446
33076|18.00|51.39|50446
33075|21.50|54.89|50446
34077|25.00|58.39|50446
33075|28.50|61.89|50446
33075|32.00|65.39|50446
#group_44301_11
74.22
33074|0.00|25.30|50447
33074|2.00|27.30|50447
33074|4.00|29.30|50447
33074|6.00|31.30|50447
33074|8.00|33.30|50447
33074|10.00|35.30|50447
33074|12.00|37.30|50447
33074|14.00|39.30|50447
33074|16.00|41.30|50447
33074|18.00|43.30|50447
33074|20.00|45.30|50447
33074|22.00|47.30|50447
33074|24.00|49.30|50447
33074|26.00|51.30|50447
33074|28.00|53.30|50447
33074|30.00|55.30|50447
33074|32.00|57.30|50447
33074|34.00|59.30|50447
33074|36.00|61.30|50447
33074|38.00|63.30|50447
33074|40.00|65.30|50447
33074|42.00|67.30|50447
33074|44.00|69.30|50447
33074|46.00|71.30|50447
33074|1.00|28.22|50448
33074|3.00|30.22|50448
33074|5.00|32.22|50448
33074|7.00|34.22|50448
33074|9.00|36.22|50448
33074|11.00|38.22|50448
33074|13.00|40.22|50448
33074|15.00|42.22|50448
33074|17.00|44.22|50448
33074|19.00|46.22|50448
33074|21.00|48.22|50448
33074|23.00|50.22|50448
33074|25.00|52.22|50448
33074|27.00|54.22|50448
33074|29.00|56.22|50448
33074|31.00|58.22|50448
33074|33.00|60.22|50448
33074|35.00|62.22|50448
33074|37.00|64.22|50448
33074|39.00|66.22|50448
33074|41.00|68.22|50448
33074|43.00|70.22|50448
33074|45.00|72.22|50448
33074|47.00|74.22|50448
33076|0.50|35.57|50449
33075|4.00|39.07|50449
33075|7.50|42.57|50449
33075|11.00|46.07|50449
34077|14.50|49.57|50449
33075|18.00|53.07|50449
33076|21.50|56.57|50449
33075|25.00|60.07|50449
33075|28.50|63.57|50449
34077|32.00|67.07|50449
#group_44301_12
61.41
33074|0.00|22.35|50450
33074|2.00|24.35|50450
33074|4.00|26.35|50450
33074|6.00|28.35|50450
33074|8.00|30.35|50450
33074|10.00|32.35|50450
33074|12.00|34.35|50450
33074|14.00|36.35|50450
33074|16.00|38.35|50450
33074|18.00|40.35|50450
33074|20.00|42.35|50450
33074|22.00|44.35|50450
33074|24.00|46.35|50450
33074|26.00|48.35|50450
33074|28.00|50.35|50450
33074|30.00|52.35|50450
33074|32.00|54.35|50450
33074|34.00|56.35|50450
33074|36.00|58.35|50450
33074|38.00|60.35|50450
33074|1.00|23.41|50451
33074|3.00|25.41|50451
33074|5.00|27.41|50451
33074|7.00|29.41|50451
33074|9.00|31.41|50451
33074|11.00|33.41|50451
33074|13.00|35.41|50451
33074|15.00|37.41|50451
33074|17.00|39.41|50451
33074|19.00|41.41|50451
33074|21.00|43.41|50451
33074|23.00|45.41|50451
33074|25.00|47.41|50451
33074|27.00|49.41|50451
33074|29.00|51.41|50451
33074|31.00|53.41|50451
33074|33.00|55.41|50451
33074|35.00|57.41|50451
33074|37.00|59.41|50451
33074|39.00|61.41|50451
33074|0.50|21.99|50452
33074|2.50|23.99|50452
33074|4.50|25.99|50452
33074|6.50|27.99|50452
33074|8.50|29.99|50452
33074|10.50|31.99|50452
33074|12.50|33.99|50452
33074|14.50|35.99|50452
33074|16.50|37.99|50452
33074|18.50|39.99|50452
33074|20.50|41.99|50452
33074|22.50|43.99|50452
33074|24.50|45.99|50452
33074|26.50|47.99|50452
33074|28.50|49.99|50452
33074|30.50|51.99|50452
33074|32.50|53.99|50452
33074|34.50|55.99|50452
33074|36.50|57.99|50452
33074|38.50|59.99|50452
33074|1.50|23.10|50453
33074|3.50|25.10|50453
33074|5.50|27.10|50453
33074|7.50|29.10|50453
33074|9.50|31.10|50453
33074|11.50|33.10|50453
33074|13.50|35.10|50453
33074|15.50|37.10|50453
33074|17.50|39.10|50453
33074|19.50|41.10|50453
33074|21.50|43.10|50453
33074|23.50|45.10|50453
33074|25.50|47.10|50453
33074|27.50|49.10|50453
33074|29.50|51.10|50453
33074|31.50|53.10|50453
33074|33.50|55.10|50453
33074|35.50|57.10|50453
33074|37.50|59.10|50453
33074|39.50|61.10|50453
34077|1.00|33.54|50454
33075|4.00|36.54|50454
33075|7.00|39.54|50454
33076|10.00|42.54|50454
33075|13.00|45.54|50454
34077|16.00|48.54|50454
33075|19.00|51.54|50454
33075|22.00|54.54|50454
33076|25.00|57.54|50454
33075|28.00|60.54|50454
#group_44301_13
65.97
33074|0.00|26.31|50455
33074|2.00|28.31|50455
33074|4.00|30.31|50455
33074|6.00|32.31|50455
33074|8.00|34.31|50455
33074|10.00|36.31|50455
33074|12.00|38.31|50455
33074|14.00|40.31|50455
33074|16.00|42.31|50455
33074|18.00|44.31|50455
33074|20.00|46.31|50455
33074|22.00|48.31|50455
33074|24.00|50.31|50455
33074|26.00|52.31|50455
33074|28.00|54.31|50455
33074|30.00|56.31|50455
33074|32.00|58.31|50455
33074|34.00|60.31|50455
33074|36.00|62.31|50455
33074|38.00|64.31|50455
33074|0.50|27.04|50456
33074|2.50|29.04|50456
33074|4.50|31.04|50456
33074|6.50|33.04|50456
33074|8.50|35.04|50456
33074|10.50|37.04|50456
33074|12.50|39.04|50456
33074|14.50|41.04|50456
33074|16.50|43.04|50456
33074|18.50|45.04|50456
33074|20.50|47.04|50456
33074|22.50|49.04|50456
33074|24.50|51.04|50456
33074|26.50|53.04|50456
33074|28.50|55.04|50456
33074|30.50|57.04|50456
33074|32.50|59.04|50456
33074|34.50|61.04|50456
33074|36.50|63.04|50456
33074|38.50|65.04|50456
33074|1.00|27.25|50457
33074|3.00|29.25|50457
33074|5.00|31.25|50457
33074|7.00|33.25|50457
33074|9.00|35.25|50457
33074|11.00|37.25|50457
33074|13.00|39.25|50457
33074|15.00|41.25|50457
33074|17.00|43.25|50457
33074|19.00|45.25|50457
33074|21.00|47.25|50457
33074|23.00|49.25|50457
33074|25.00|51.25|50457
33074|27.00|53.25|50457
33074|29.00|55.25|50457
33074|31.00|57.25|50457
33074|33.00|59.25|50457
33074|35.00|61.25|50457
33074|37.00|63.25|50457
33074|39.00|65.25|50457
33074|1.50|27.97|50458
33074|3.50|29.97|50458
33074|5.50|31.97|50458
33074|7.50|33.97|50458
33074|9.50|35.97|50458
33074|11.50|37.97|50458
33074|13.50|39.97|50458
33074|15.50|41.97|50458
33074|17.50|43.97|50458
33074|19.50|45.97|50458
33074|21.50|47.97|50458
33074|23.50|49.97|50458
33074|25.50|51.97|50458
33074|27.50|53.97|50458
33074|29.50|55.97|50458
33074|31.50|57.97|50458
33074|33.50|59.97|50458
33074|35.50|61.97|50458
33074|37.50|63.97|50458
33074|39.50|65.97|50458
33075|0.00|32.10|50459
33075|3.50|35.60|50459
33076|7.00|39.10|50459
34077|10.50|42.60|50459
33076|14.00|46.10|50459
33075|17.50|49.60|50459
33075|21.00|53.10|50459
34077|24.50|56.60|50459
33075|28.00|60.10|50459
#group_44301_14
65.31
33074|0.00|28.09|50460
33074|1.50|29.59|50460
33074|3.00|31.09|50460
33074|4.50|32.59|50460
33074|6.00|34.09|50460
33074|7.50|35.59|50460
33074|9.00|37.09|50460
33074|10.50|38.59|50460
33074|12.00|40.09|50460
33074|13.50|41.59|50460
33074|15.00|43.09|50460
33074|16.50|44.59|50460
33074|18.00|46.09|50460
33074|19.50|47.59|50460
33074|21.00|49.09|50460
33074|22.50|50.59|50460
33074|24.00|52.09|50460
33074|25.50|53.59|50460
33074|27.00|55.09|50460
33074|28.50|56.59|50460
33074|30.00|58.09|50460
33074|31.50|59.59|50460
33074|33.00|61.09|50460
33074|34.50|62.59|50460
33074|0.50|30.81|50461
33074|2.00|32.31|50461
33074|3.50|33.81|50461
33074|5.00|35.31|50461
33074|6.50|36.81|50461
33074|8.00|38.31|50461
33074|9.50|39.81|50461
33074|11.00|41.31|50461
33074|12.50|42.81|50461
33074|14.00|44.31|50461
33074|15.50|45.81|50461
33074|17.00|47.31|50461
33074|18.50|48.81|50461
33074|20.00|50.31|50461
33074|21.50|51.81|50461
33074|23.00|53.31|50461
33074|24.50|54.81|50461
33074|26.00|56.31|50461
33074|27.50|57.81|50461
33074|29.00|59.31|50461
33074|30.50|60.81|50461
33074|32.00|62.31|50461
33074|33.50|63.81|50461
33074|35.00|65.31|50461
33074|1.00|30.32|50462
33074|2.50|31.82|50462
33074|4.00|33.32|50462
33074|5.50|34.82|50462
33074|7.00|36.32|50462
33074|8.50|37.82|50462
33074|10.00|39.32|50462
33074|11.50|40.82|50462
33074|13.00|42.32|50462
33074|14.50|43.82|50462
33074|16.00|45.32|50462
33074|17.50|46.82|50462
33074|19.00|48.32|50462
33074|20.50|49.82|50462
33074|22.00|51.32|50462
33074|23.50|52.82|50462
33074|25.00|54.32|50462
33074|26.50|55.82|50462
33074|28.00|57.32|50462
33074|29.50|58.82|50462
33074|31.00|60.32|50462
33074|32.50|61.82|50462
33074|34.00|63.32|50462
33074|35.50|64.82|50462
33075|0.00|33.72|50463
33075|3.00|36.72|50463
33076|6.00|39.72|50463
33075|9.00|42.72|50463
33075|12.00|45.72|50463
34077|15.00|48.72|50463
33076|18.00|51.72|50463
33075|21.00|54.72|50463
33075|24.00|57.72|50463
34077|27.00|60.72|50463
#group_44301_15
99.62
33074|0.00|33.62|50464
33074|2.00|35.62|50464
33074|4.00|37.62|50464
33074|6.00|39.62|50464
33074|8.00|41.62|50464
33075|11.00|44.62|50464
33074|14.00|47.62|50464
33074|16.00|49.62|50464
33074|18.00|51.62|50464
33074|20.00|53.62|50464
33074|22.00|55.62|50464
33074|24.00|57.62|50464
33074|26.00|59.62|50464
33075|29.00|62.62|50464
33074|32.00|65.62|50464
33074|34.00|67.62|50464
33074|36.00|69.62|50464
33074|38.00|71.62|50464
33074|40.00|73.62|50464
33074|42.00|75.62|50464
33074|44.00|77.62|50464
33074|46.00|79.62|50464
33074|48.00|81.62|50464
33074|50.00|83.62|50464
33074|52.00|85.62|50464
33074|54.00|87.62|50464
33074|56.00|89.62|50464
33075|59.00|92.62|50464
33074|62.00|95.62|50464
33074|64.00|97.62|50464
33074|66.00|99.62|50464
33074|0.00|33.61|50465
33074|2.00|35.61|50465
33074|4.00|37.61|50465
33074|6.00|39.61|50465
33074|8.00|41.61|50465
33075|11.00|44.61|50465
33074|14.00|47.61|50465
33074|16.00|49.61|50465
33074|18.00|51.61|50465
33074|20.00|53.61|50465
33074|22.00|55.61|50465
33074|24.00|57.61|50465
33074|26.00|59.61|50465
33075|29.00|62.61|50465
33074|32.00|65.61|50465
33074|34.00|67.61|50465
33074|36.00|69.61|50465
33074|38.00|71.61|50465
33074|40.00|73.61|50465
33074|42.00|75.61|50465
33074|44.00|77.61|50465
33074|46.00|79.61|50465
33074|48.00|81.61|50465
33074|50.00|83.61|50465
33074|52.00|85.61|50465
33074|54.00|87.61|50465
33074|56.00|89.61|50465
33075|59.00|92.61|50465
33074|62.00|95.61|50465
33074|64.00|97.61|50465
33074|66.00|99.61|50465
33076|0.00|30.88|50466
34077|5.00|35.88|50466
33076|10.00|40.88|50466
34077|15.00|45.88|50466
33076|20.00|50.88|50466
33075|25.00|55.88|50466
33075|30.00|60.88|50466
33076|35.00|65.88|50466
34077|40.00|70.88|50466
33075|45.00|75.88|50466
33075|50.00|80.88|50466
33076|55.00|85.88|50466
34077|60.00|90.88|50466
#group_44301_16
104.08
33074|0.00|33.08|50467
33074|2.00|35.08|50467
33074|4.00|37.08|50467
33074|6.00|39.08|50467
33075|9.00|42.08|50467
33074|12.00|45.08|50467
33074|14.00|47.08|50467
33074|16.00|49.08|50467
33074|18.00|51.08|50467
33076|21.00|54.08|50467
33074|24.00|57.08|50467
33074|26.00|59.08|50467
33074|28.00|61.08|50467
33074|30.00|63.08|50467
34077|33.00|66.08|50467
33074|36.00|69.08|50467
33074|38.00|71.08|50467
33074|40.00|73.08|50467
33074|42.00|75.08|50467
33075|45.00|78.08|50467
33074|48.00|81.08|50467
33074|50.00|83.08|50467
33074|52.00|85.08|50467
33074|54.00|87.08|50467
33075|57.00|90.08|50467
33074|60.00|93.08|50467
33074|62.00|95.08|50467
33074|64.00|97.08|50467
33074|66.00|99.08|50467
33074|68.00|101.08|50467
33076|71.00|104.08|50467
33074|0.00|25.07|50468
33074|2.00|27.07|50468
33074|4.00|29.07|50468
33074|6.00|31.07|50468
33075|9.00|34.07|50468
33074|12.00|37.07|50468
33074|14.00|39.07|50468
33074|16.00|41.07|50468
33074|18.00|43.07|50468
33076|21.00|46.07|50468
33074|24.00|49.07|50468
33074|26.00|51.07|50468
33074|28.00|53.07|50468
33074|30.00|55.07|50468
34077|33.00|58.07|50468
33074|36.00|61.07|50468
33074|38.00|63.07|50468
33074|40.00|65.07|50468
33074|42.00|67.07|50468
33075|45.00|70.07|50468
33074|48.00|73.07|50468
33074|50.00|75.07|50468
33074|52.00|77.07|50468
33074|54.00|79.07|50468
33075|57.00|82.07|50468
33074|60.00|85.07|50468
33074|62.00|87.07|50468
33074|64.00|89.07|50468
33074|66.00|91.07|50468
33074|68.00|93.07|50468
33076|71.00|96.07|50468
33074|0.00|33.02|50469
33074|2.00|35.02|50469
33074|4.00|37.02|50469
33074|6.00|39.02|50469
33075|9.00|42.02|50469
33074|12.00|45.02|50469
33074|14.00|47.02|50469
33074|16.00|49.02|50469
33074|18.00|51.02|50469
33076|21.00|54.02|50469
33074|24.00|57.02|50469
33074|26.00|59.02|50469
33074|28.00|61.02|50469
33074|30.00|63.02|50469
34077|33.00|66.02|50469
33074|36.00|69.02|50469
33074|38.00|71.02|50469
33074|40.00|73.02|50469
33074|42.00|75.02|50469
33075|45.00|78.02|50469
33074|48.00|81.02|50469
33074|50.00|83.02|50469
33074|52.00|85.02|50469
33074|54.00|87.02|50469
33075|57.00|90.02|50469
33074|60.00|93.02|50469
33074|62.00|95.02|50469
33074|64.00|97.02|50469
33074|66.00|99.02|50469
33074|68.00|101.02|50469
33076|71.00|104.02|50469
33074|0.00|24.88|50470
33074|2.00|26.88|50470
33074|4.00|28.88|50470
33074|6.00|30.88|50470
33075|9.00|33.88|50470
33074|12.00|36.88|50470
33074|14.00|38.88|50470
33074|16.00|40.88|50470
33074|18.00|42.88|50470
33076|21.00|45.88|50470
33074|24.00|48.88|50470
33074|26.00|50.88|50470
33074|28.00|52.88|50470
33074|30.00|54.88|50470
34077|33.00|57.88|50470
33074|36.00|60.88|50470
33074|38.00|62.88|50470
33074|40.00|64.88|50470
33074|42.00|66.88|50470
33075|45.00|69.88|50470
33074|48.00|72.88|50470
33074|50.00|74.88|50470
33074|52.00|76.88|50470
33074|54.00|78.88|50470
33075|57.00|81.88|50470
33074|60.00|84.88|50470
33074|62.00|86.88|50470
33074|64.00|88.88|50470
33074|66.00|90.88|50470
33074|68.00|92.88|50470
33076|71.00|95.88|50470
#group_44301_17
79.93
33074|0.00|31.69|50471
33074|2.00|33.69|50471
33074|4.00|35.69|50471
33074|6.00|37.69|50471
33074|8.00|39.69|50471
34077|11.00|42.69|50471
33074|14.00|45.69|50471
33074|16.00|47.69|50471
33074|18.00|49.69|50471
33074|20.00|51.69|50471
33074|22.00|53.69|50471
33076|25.00|56.69|50471
33074|28.00|59.69|50471
33074|30.00|61.69|50471
33074|32.00|63.69|50471
33074|34.00|65.69|50471
33074|36.00|67.69|50471
33075|39.00|70.69|50471
33074|42.00|73.69|50471
33074|44.00|75.69|50471
33074|46.00|77.69|50471
33074|0.00|31.69|50472
33074|2.00|33.69|50472
33074|4.00|35.69|50472
33074|6.00|37.69|50472
33074|8.00|39.69|50472
34077|11.00|42.69|50472
33074|14.00|45.69|50472
33074|16.00|47.69|50472
33074|18.00|49.69|50472
33074|20.00|51.69|50472
33074|22.00|53.69|50472
33076|25.00|56.69|50472
33074|28.00|59.69|50472
33074|30.00|61.69|50472
33074|32.00|63.69|50472
33074|34.00|65.69|50472
33074|36.00|67.69|50472
33075|39.00|70.69|50472
33074|42.00|73.69|50472
33074|44.00|75.69|50472
33074|46.00|77.69|50472
33074|1.00|32.68|50473
33074|3.00|34.68|50473
33074|5.00|36.68|50473
33074|7.00|38.68|50473
33074|9.00|40.68|50473
34077|12.00|43.68|50473
33074|15.00|46.68|50473
33074|17.00|48.68|50473
33074|19.00|50.68|50473
33074|21.00|52.68|50473
33074|23.00|54.68|50473
33076|26.00|57.68|50473
33074|29.00|60.68|50473
33074|31.00|62.68|50473
33074|33.00|64.68|50473
33074|35.00|66.68|50473
33074|37.00|68.68|50473
33075|40.00|71.68|50473
33074|43.00|74.68|50473
33074|45.00|76.68|50473
33074|47.00|78.68|50473
33074|1.00|32.83|50474
33074|3.00|34.83|50474
33074|5.00|36.83|50474
33074|7.00|38.83|50474
33074|9.00|40.83|50474
34077|12.00|43.83|50474
33074|15.00|46.83|50474
33074|17.00|48.83|50474
33074|19.00|50.83|50474
33074|21.00|52.83|50474
33074|23.00|54.83|50474
33076|26.00|57.83|50474
33074|29.00|60.83|50474
33074|31.00|62.83|50474
33074|33.00|64.83|50474
33074|35.00|66.83|50474
33074|37.00|68.83|50474
33075|40.00|71.83|50474
33074|43.00|74.83|50474
33074|45.00|76.83|50474
33074|47.00|78.83|50474
33074|2.00|33.93|50475
33074|4.00|35.93|50475
33074|6.00|37.93|50475
33074|8.00|39.93|50475
33074|10.00|41.93|50475
34077|13.00|44.93|50475
33074|16.00|47.93|50475
33074|18.00|49.93|50475
33074|20.00|51.93|50475
33074|22.00|53.93|50475
33074|24.00|55.93|50475
33076|27.00|58.93|50475
33074|30.00|61.93|50475
33074|32.00|63.93|50475
33074|34.00|65.93|50475
33074|36.00|67.93|50475
33074|38.00|69.93|50475
33075|41.00|72.93|50475
33074|44.00|75.93|50475
33074|46.00|77.93|50475
33074|48.00|79.93|50475
33074|2.00|33.79|50476
33074|4.00|35.79|50476
33074|6.00|37.79|50476
33074|8.00|39.79|50476
33074|10.00|41.79|50476
34077|13.00|44.79|50476
33074|16.00|47.79|50476
33074|18.00|49.79|50476
33074|20.00|51.79|50476
33074|22.00|53.79|50476
33074|24.00|55.79|50476
33076|27.00|58.79|50476
33074|30.00|61.79|50476
33074|32.00|63.79|50476
33074|34.00|65.79|50476
33074|36.00|67.79|50476
33074|38.00|69.79|50476
33075|41.00|72.79|50476
33074|44.00|75.79|50476
33074|46.00|77.79|50476
33074|48.00|79.79|50476
#group_44301_18
78.32
33074|0.00|32.17|50477
33074|2.00|34.17|50477
33074|4.00|36.17|50477
33074|6.00|38.17|50477
33074|8.00|40.17|50477
33075|11.00|43.17|50477
33074|14.00|46.17|50477
33074|16.00|48.17|50477
33074|18.00|50.17|50477
33074|20.00|52.17|50477
33074|22.00|54.17|50477
33076|25.00|57.17|50477
33074|28.00|60.17|50477
33074|30.00|62.17|50477
33074|32.00|64.17|50477
33074|34.00|66.17|50477
33074|36.00|68.17|50477
34077|39.00|71.17|50477
33074|42.00|74.17|50477
33074|44.00|76.17|50477
33074|46.00|78.17|50477
33074|0.00|32.32|50478
33074|2.00|34.32|50478
33074|4.00|36.32|50478
33074|6.00|38.32|50478
33074|8.00|40.32|50478
33075|11.00|43.32|50478
33074|14.00|46.32|50478
33074|16.00|48.32|50478
33074|18.00|50.32|50478
33074|20.00|52.32|50478
33074|22.00|54.32|50478
33076|25.00|57.32|50478
33074|28.00|60.32|50478
33074|30.00|62.32|50478
33074|32.00|64.32|50478
33074|34.00|66.32|50478
33074|36.00|68.32|50478
34077|39.00|71.32|50478
33074|42.00|74.32|50478
33074|44.00|76.32|50478
33074|46.00|78.32|50478
33074|0.00|24.88|50479
33074|2.00|26.88|50479
33074|4.00|28.88|50479
33074|6.00|30.88|50479
33074|8.00|32.88|50479
33075|11.00|35.88|50479
33074|14.00|38.88|50479
33074|16.00|40.88|50479
33074|18.00|42.88|50479
33074|20.00|44.88|50479
33074|22.00|46.88|50479
33076|25.00|49.88|50479
33074|28.00|52.88|50479
33074|30.00|54.88|50479
33074|32.00|56.88|50479
33074|34.00|58.88|50479
33074|36.00|60.88|50479
34077|39.00|63.88|50479
33074|42.00|66.88|50479
33074|44.00|68.88|50479
33074|46.00|70.88|50479
33074|0.00|24.76|50480
33074|2.00|26.76|50480
33074|4.00|28.76|50480
33074|6.00|30.76|50480
33074|8.00|32.76|50480
33075|11.00|35.76|50480
33074|14.00|38.76|50480
33074|16.00|40.76|50480
33074|18.00|42.76|50480
33074|20.00|44.76|50480
33074|22.00|46.76|50480
33076|25.00|49.76|50480
33074|28.00|52.76|50480
33074|30.00|54.76|50480
33074|32.00|56.76|50480
33074|34.00|58.76|50480
33074|36.00|60.76|50480
34077|39.00|63.76|50480
33074|42.00|66.76|50480
33074|44.00|68.76|50480
33074|46.00|70.76|50480
#group_44301_19
75.21
33074|0.00|28.95|50481
33074|2.00|30.95|50481
33074|4.00|32.95|50481
33074|6.00|34.95|50481
33074|8.00|36.95|50481
33074|10.00|38.95|50481
33074|12.00|40.95|50481
33074|14.00|42.95|50481
33074|16.00|44.95|50481
33074|18.00|46.95|50481
33074|20.00|48.95|50481
33074|22.00|50.95|50481
33074|24.00|52.95|50481
33074|26.00|54.95|50481
33074|28.00|56.95|50481
33074|30.00|58.95|50481
33074|32.00|60.95|50481
33074|34.00|62.95|50481
33074|36.00|64.95|50481
33074|38.00|66.95|50481
33074|40.00|68.95|50481
33074|42.00|70.95|50481
33074|44.00|72.95|50481
33074|46.00|74.95|50481
33074|0.00|29.21|50482
33074|2.00|31.21|50482
33074|4.00|33.21|50482
33074|6.00|35.21|50482
33074|8.00|37.21|50482
33074|10.00|39.21|50482
33074|12.00|41.21|50482
33074|14.00|43.21|50482
33074|16.00|45.21|50482
33074|18.00|47.21|50482
33074|20.00|49.21|50482
33074|22.00|51.21|50482
33074|24.00|53.21|50482
33074|26.00|55.21|50482
33074|28.00|57.21|50482
33074|30.00|59.21|50482
33074|32.00|61.21|50482
33074|34.00|63.21|50482
33074|36.00|65.21|50482
33074|38.00|67.21|50482
33074|40.00|69.21|50482
33074|42.00|71.21|50482
33074|44.00|73.21|50482
33074|46.00|75.21|50482
33076|0.00|33.21|50483
33075|4.00|37.21|50483
33075|8.00|41.21|50483
33075|12.00|45.21|50483
34077|16.00|49.21|50483
33075|20.00|53.21|50483
33076|24.00|57.21|50483
33075|28.00|61.21|50483
34077|32.00|65.21|50483
33075|36.00|69.21|50483
#group_44301_2
78.00
33074|0.00|38.75|50413
33074|2.00|40.75|50413
33074|4.00|42.75|50413
33074|6.00|44.75|50413
33074|8.00|46.75|50413
33074|10.00|48.75|50413
33074|12.00|50.75|50413
33074|14.00|52.75|50413
33074|16.00|54.75|50413
33074|18.00|56.75|50413
33074|20.00|58.75|50413
33074|22.00|60.75|50413
33074|24.00|62.75|50413
33074|26.00|64.75|50413
33074|28.00|66.75|50413
33074|30.00|68.75|50413
33074|32.00|70.75|50413
33074|34.00|72.75|50413
33074|36.00|74.75|50413
33074|38.00|76.75|50413
33074|1.00|40.00|50414
33074|3.00|42.00|50414
33074|5.00|44.00|50414
33074|7.00|46.00|50414
33074|9.00|48.00|50414
33074|11.00|50.00|50414
33074|13.00|52.00|50414
33074|15.00|54.00|50414
33074|17.00|56.00|50414
33074|19.00|58.00|50414
33074|21.00|60.00|50414
33074|23.00|62.00|50414
33074|25.00|64.00|50414
33074|27.00|66.00|50414
33074|29.00|68.00|50414
33074|31.00|70.00|50414
33074|33.00|72.00|50414
33074|35.00|74.00|50414
33074|37.00|76.00|50414
33074|39.00|78.00|50414
33075|0.00|34.56|50415
33075|5.00|39.56|50415
33076|10.00|44.56|50415
33075|15.00|49.56|50415
33075|20.00|54.56|50415
34077|25.00|59.56|50415
33075|30.00|64.56|50415
34077|1.00|35.40|50416
33075|6.00|40.40|50416
33075|11.00|45.40|50416
33075|16.00|50.40|50416
33076|21.00|55.40|50416
33075|26.00|60.40|50416
34077|31.00|65.40|50416
#group_44301_20
65.58
33074|0.00|25.78|50484
33074|1.50|27.28|50484
33074|3.00|28.78|50484
33074|4.50|30.28|50484
33074|6.00|31.78|50484
33074|7.50|33.28|50484
33074|9.00|34.78|50484
33074|10.50|36.28|50484
33074|12.00|37.78|50484
33074|13.50|39.28|50484
33074|15.00|40.78|50484
33074|16.50|42.28|50484
33074|18.00|43.78|50484
33074|19.50|45.28|50484
33074|21.00|46.78|50484
33074|22.50|48.28|50484
33074|24.00|49.78|50484
33074|25.50|51.28|50484
33074|27.00|52.78|50484
33074|28.50|54.28|50484
33074|30.00|55.78|50484
33074|31.50|57.28|50484
33074|33.00|58.78|50484
33074|34.50|60.28|50484
33074|0.00|30.69|50485
33074|1.50|32.19|50485
33074|3.00|33.69|50485
33074|4.50|35.19|50485
33074|6.00|36.69|50485
33074|7.50|38.19|50485
33074|9.00|39.69|50485
33074|10.50|41.19|50485
33074|12.00|42.69|50485
33074|13.50|44.19|50485
33074|15.00|45.69|50485
33074|16.50|47.19|50485
33074|18.00|48.69|50485
33074|19.50|50.19|50485
33074|21.00|51.69|50485
33074|22.50|53.19|50485
33074|24.00|54.69|50485
33074|25.50|56.19|50485
33074|27.00|57.69|50485
33074|28.50|59.19|50485
33074|30.00|60.69|50485
33074|31.50|62.19|50485
33074|33.00|63.69|50485
33074|34.50|65.19|50485
33075|0.00|38.58|50486
33076|3.00|41.58|50486
33075|6.00|44.58|50486
34077|9.00|47.58|50486
33075|12.00|50.58|50486
33075|15.00|53.58|50486
33076|18.00|56.58|50486
33075|21.00|59.58|50486
33075|24.00|62.58|50486
34077|27.00|65.58|50486
#group_44301_3
51.92
33074|0.00|23.56|50417
33074|2.00|25.56|50417
33074|4.00|27.56|50417
33074|6.00|29.56|50417
33074|8.00|31.56|50417
33074|10.00|33.56|50417
33074|12.00|35.56|50417
33074|14.00|37.56|50417
33074|16.00|39.56|50417
33074|18.00|41.56|50417
33074|20.00|43.56|50417
33074|22.00|45.56|50417
33074|24.00|47.56|50417
33074|26.00|49.56|50417
33074|1.00|24.65|50418
33074|3.00|26.65|50418
33074|5.00|28.65|50418
33074|7.00|30.65|50418
33074|9.00|32.65|50418
33074|11.00|34.65|50418
33074|13.00|36.65|50418
33074|15.00|38.65|50418
33074|17.00|40.65|50418
33074|19.00|42.65|50418
33074|21.00|44.65|50418
33074|23.00|46.65|50418
33074|25.00|48.65|50418
33074|27.00|50.65|50418
33075|0.00|33.92|50419
33076|3.00|36.92|50419
34077|6.00|39.92|50419
33075|9.00|42.92|50419
33076|12.00|45.92|50419
34077|15.00|48.92|50419
33075|18.00|51.92|50419
#group_44301_4
57.03
33074|0.00|25.50|50420
33074|2.00|27.50|50420
33074|4.00|29.50|50420
33074|6.00|31.50|50420
33074|8.00|33.50|50420
33074|10.00|35.50|50420
33074|12.00|37.50|50420
33074|14.00|39.50|50420
33074|16.00|41.50|50420
33074|18.00|43.50|50420
33074|20.00|45.50|50420
33074|22.00|47.50|50420
33074|24.00|49.50|50420
33074|26.00|51.50|50420
33074|1.00|26.53|50421
33074|3.00|28.53|50421
33074|5.00|30.53|50421
33074|7.00|32.53|50421
33074|9.00|34.53|50421
33074|11.00|36.53|50421
33074|13.00|38.53|50421
33074|15.00|40.53|50421
33074|17.00|42.53|50421
33074|19.00|44.53|50421
33074|21.00|46.53|50421
33074|23.00|48.53|50421
33074|25.00|50.53|50421
33074|27.00|52.53|50421
33074|0.50|20.11|50422
33074|2.50|22.11|50422
33074|4.50|24.11|50422
33074|6.50|26.11|50422
33074|8.50|28.11|50422
33074|10.50|30.11|50422
33074|12.50|32.11|50422
33074|14.50|34.11|50422
33074|16.50|36.11|50422
33074|18.50|38.11|50422
33074|20.50|40.11|50422
33074|22.50|42.11|50422
33074|24.50|44.11|50422
33074|26.50|46.11|50422
33074|1.50|20.88|50423
33074|3.50|22.88|50423
33074|5.50|24.88|50423
33074|7.50|26.88|50423
33074|9.50|28.88|50423
33074|11.50|30.88|50423
33074|13.50|32.88|50423
33074|15.50|34.88|50423
33074|17.50|36.88|50423
33074|19.50|38.88|50423
33074|21.50|40.88|50423
33074|23.50|42.88|50423
33074|25.50|44.88|50423
33074|27.50|46.88|50423
34077|0.50|39.03|50424
33076|3.50|42.03|50424
33075|6.50|45.03|50424
33074|9.50|48.03|50424
33074|12.50|51.03|50424
33075|15.50|54.03|50424
33074|18.50|57.03|50424
#group_44301_5
58.16
33074|0.00|26.30|50425
33074|2.00|28.30|50425
33074|4.00|30.30|50425
33074|6.00|32.30|50425
33074|8.00|34.30|50425
33074|10.00|36.30|50425
33074|12.00|38.30|50425
33074|14.00|40.30|50425
33074|16.00|42.30|50425
33074|18.00|44.30|50425
33074|20.00|46.30|50425
33074|22.00|48.30|50425
33074|24.00|50.30|50425
33074|26.00|52.30|50425
33074|28.00|54.30|50425
33074|30.00|56.30|50425
33074|0.50|26.96|50426
33074|2.50|28.96|50426
33074|4.50|30.96|50426
33074|6.50|32.96|50426
33074|8.50|34.96|50426
33074|10.50|36.96|50426
33074|12.50|38.96|50426
33074|14.50|40.96|50426
33074|16.50|42.96|50426
33074|18.50|44.96|50426
33074|20.50|46.96|50426
33074|22.50|48.96|50426
33074|24.50|50.96|50426
33074|26.50|52.96|50426
33074|28.50|54.96|50426
33074|30.50|56.96|50426
33075|1.00|40.04|50427
33075|4.50|43.54|50427
33076|8.00|47.04|50427
34077|11.50|50.54|50427
33075|15.00|54.04|50427
33075|18.50|57.54|50427
34077|1.50|40.66|50428
33076|5.00|44.16|50428
33075|8.50|47.66|50428
33075|12.00|51.16|50428
33075|15.50|54.66|50428
34077|19.00|58.16|50428
#group_44301_6
66.14
33074|0.00|27.11|50429
33074|2.00|29.11|50429
33074|4.00|31.11|50429
33074|6.00|33.11|50429
33074|8.00|35.11|50429
33074|10.00|37.11|50429
33074|12.00|39.11|50429
33074|14.00|41.11|50429
33074|16.00|43.11|50429
33074|18.00|45.11|50429
33074|20.00|47.11|50429
33074|22.00|49.11|50429
33074|24.00|51.11|50429
33074|26.00|53.11|50429
33074|28.00|55.11|50429
33074|30.00|57.11|50429
33074|32.00|59.11|50429
33074|34.00|61.11|50429
33074|36.00|63.11|50429
33074|38.00|65.11|50429
33074|1.00|28.14|50430
33074|3.00|30.14|50430
33074|5.00|32.14|50430
33074|7.00|34.14|50430
33074|9.00|36.14|50430
33074|11.00|38.14|50430
33074|13.00|40.14|50430
33074|15.00|42.14|50430
33074|17.00|44.14|50430
33074|19.00|46.14|50430
33074|21.00|48.14|50430
33074|23.00|50.14|50430
33074|25.00|52.14|50430
33074|27.00|54.14|50430
33074|29.00|56.14|50430
33074|31.00|58.14|50430
33074|33.00|60.14|50430
33074|35.00|62.14|50430
33074|37.00|64.14|50430
33074|39.00|66.14|50430
33076|0.50|31.59|50431
33075|3.50|34.59|50431
33075|6.50|37.59|50431
33076|9.50|40.59|50431
34077|12.50|43.59|50431
33075|15.50|46.59|50431
33075|18.50|49.59|50431
33076|21.50|52.59|50431
34077|24.50|55.59|50431
33075|1.50|32.56|50432
34077|4.50|35.56|50432
33076|7.50|38.56|50432
33075|10.50|41.56|50432
33075|13.50|44.56|50432
33075|16.50|47.56|50432
33075|19.50|50.56|50432
34077|22.50|53.56|50432
33076|25.50|56.56|50432
#group_44301_7
75.91
33074|0.00|33.02|50433
33074|1.50|34.52|50433
33074|3.00|36.02|50433
33074|4.50|37.52|50433
33074|6.00|39.02|50433
33074|7.50|40.52|50433
33074|9.00|42.02|50433
33074|10.50|43.52|50433
33074|12.00|45.02|50433
33074|13.50|46.52|50433
33074|15.00|48.02|50433
33074|16.50|49.52|50433
33074|18.00|51.02|50433
33074|19.50|52.52|50433
33074|21.00|54.02|50433
33074|22.50|55.52|50433
33074|24.00|57.02|50433
33074|25.50|58.52|50433
33074|27.00|60.02|50433
33074|28.50|61.52|50433
33074|30.00|63.02|50433
33074|31.50|64.52|50433
33074|33.00|66.02|50433
33074|34.50|67.52|50433
33074|36.00|69.02|50433
33074|0.50|39.91|50434
33074|2.00|41.41|50434
33074|3.50|42.91|50434
33074|5.00|44.41|50434
33074|6.50|45.91|50434
33074|8.00|47.41|50434
33074|9.50|48.91|50434
33074|11.00|50.41|50434
33074|12.50|51.91|50434
33074|14.00|53.41|50434
33074|15.50|54.91|50434
33074|17.00|56.41|50434
33074|18.50|57.91|50434
33074|20.00|59.41|50434
33074|21.50|60.91|50434
33074|23.00|62.41|50434
33074|24.50|63.91|50434
33074|26.00|65.41|50434
33074|27.50|66.91|50434
33074|29.00|68.41|50434
33074|30.50|69.91|50434
33074|32.00|71.41|50434
33074|33.50|72.91|50434
33074|35.00|74.41|50434
33074|36.50|75.91|50434
33075|1.00|36.54|50435
33076|4.00|39.54|50435
33075|7.00|42.54|50435
34077|10.00|45.54|50435
33075|13.00|48.54|50435
33075|16.00|51.54|50435
33076|19.00|54.54|50435
33075|22.00|57.54|50435
34077|25.00|60.54|50435
#group_44301_8
73.20
33074|0.00|26.17|50436
33074|2.00|28.17|50436
33074|4.00|30.17|50436
33074|6.00|32.17|50436
33074|8.00|34.17|50436
33074|10.00|36.17|50436
33074|12.00|38.17|50436
33074|14.00|40.17|50436
33074|16.00|42.17|50436
33074|18.00|44.17|50436
33074|20.00|46.17|50436
33074|22.00|48.17|50436
33074|24.00|50.17|50436
33074|26.00|52.17|50436
33074|28.00|54.17|50436
33074|30.00|56.17|50436
33074|32.00|58.17|50436
33074|34.00|60.17|50436
33074|36.00|62.17|50436
33074|38.00|64.17|50436
33074|40.00|66.17|50436
33074|42.00|68.17|50436
33074|44.00|70.17|50436
33074|46.00|72.17|50436
33074|1.00|27.20|50437
33074|3.00|29.20|50437
33074|5.00|31.20|50437
33074|7.00|33.20|50437
33074|9.00|35.20|50437
33074|11.00|37.20|50437
33074|13.00|39.20|50437
33074|15.00|41.20|50437
33074|17.00|43.20|50437
33074|19.00|45.20|50437
33074|21.00|47.20|50437
33074|23.00|49.20|50437
33074|25.00|51.20|50437
33074|27.00|53.20|50437
33074|29.00|55.20|50437
33074|31.00|57.20|50437
33074|33.00|59.20|50437
33074|35.00|61.20|50437
33074|37.00|63.20|50437
33074|39.00|65.20|50437
33074|41.00|67.20|50437
33074|43.00|69.20|50437
33074|45.00|71.20|50437
33074|47.00|73.20|50437
33075|3.00|37.26|50438
33076|6.00|40.26|50438
34077|9.00|43.26|50438
33076|12.00|46.26|50438
33075|15.00|49.26|50438
33075|18.00|52.26|50438
33076|21.00|55.26|50438
33075|24.00|58.26|50438
33075|27.00|61.26|50438
34077|30.00|64.26|50438
33076|33.00|67.26|50438
#group_44301_9
66.08
33074|0.00|28.10|50439
33074|2.00|30.10|50439
33074|4.00|32.10|50439
33074|6.00|34.10|50439
33074|8.00|36.10|50439
33074|10.00|38.10|50439
33074|12.00|40.10|50439
33074|14.00|42.10|50439
33074|16.00|44.10|50439
33074|18.00|46.10|50439
33074|20.00|48.10|50439
33074|22.00|50.10|50439
33074|24.00|52.10|50439
33074|26.00|54.10|50439
33074|28.00|56.10|50439
33074|30.00|58.10|50439
33074|32.00|60.10|50439
33074|34.00|62.10|50439
33074|36.00|64.10|50439
33074|0.50|28.81|50440
33074|2.50|30.81|50440
33074|4.50|32.81|50440
33074|6.50|34.81|50440
33074|8.50|36.81|50440
33074|10.50|38.81|50440
33074|12.50|40.81|50440
33074|14.50|42.81|50440
33074|16.50|44.81|50440
33074|18.50|46.81|50440
33074|20.50|48.81|50440
33074|22.50|50.81|50440
33074|24.50|52.81|50440
33074|26.50|54.81|50440
33074|28.50|56.81|50440
33074|30.50|58.81|50440
33074|32.50|60.81|50440
33074|34.50|62.81|50440
33074|36.50|64.81|50440
33074|1.00|29.61|50441
33074|3.00|31.61|50441
33074|5.00|33.61|50441
33074|7.00|35.61|50441
33074|9.00|37.61|50441
33074|11.00|39.61|50441
33074|13.00|41.61|50441
33074|15.00|43.61|50441
33074|17.00|45.61|50441
33074|19.00|47.61|50441
33074|21.00|49.61|50441
33074|23.00|51.61|50441
33074|25.00|53.61|50441
33074|27.00|55.61|50441
33074|29.00|57.61|50441
33074|31.00|59.61|50441
33074|33.00|61.61|50441
33074|35.00|63.61|50441
33074|37.00|65.61|50441
33074|1.50|30.08|50442
33074|3.50|32.08|50442
33074|5.50|34.08|50442
33074|7.50|36.08|50442
33074|9.50|38.08|50442
33074|11.50|40.08|50442
33074|13.50|42.08|50442
33074|15.50|44.08|50442
33074|17.50|46.08|50442
33074|19.50|48.08|50442
33074|21.50|50.08|50442
33074|23.50|52.08|50442
33074|25.50|54.08|50442
33074|27.50|56.08|50442
33074|29.50|58.08|50442
33074|31.50|60.08|50442
33074|33.50|62.08|50442
33074|35.50|64.08|50442
33074|37.50|66.08|50442
33075|0.50|36.29|50443
33076|4.00|39.79|50443
34077|7.50|43.29|50443
33075|11.00|46.79|50443
33075|14.50|50.29|50443
33076|18.00|53.79|50443
33075|21.50|57.29|50443
34077|25.00|60.79|50443
33075|28.50|64.29|50443
