#group_44104_1
98.05
11012|6.03|41.22|10506
11010|5.63|38.79|20492
11017|6.68|40.22|30556
11015|7.34|36.89|40543
11018|13.73|50.90|10565
11010|14.28|41.54|20484
11214|13.39|42.38|30595
11002|14.44|28.53|40091
11002|14.44|28.51|40092
11002|14.44|28.02|40093
11002|14.44|28.50|40094
11002|14.44|28.52|40095
11002|13.84|29.83|40096
11002|13.84|29.53|40097
11002|13.84|29.68|40098
11002|14.24|29.62|40099
11002|13.84|29.22|40100
11015|21.67|46.01|10534
11011|21.45|49.73|20495
11012|21.17|46.87|30511
11025|20.26|53.37|40634
11011|29.45|63.53|10499
11004|28.63|43.71|20281
11004|28.63|43.85|20282
11004|28.63|44.62|20283
11004|28.63|45.17|20284
11004|28.63|45.21|20285
11004|28.63|44.25|20286
11004|28.63|44.54|20287
11004|28.63|44.75|20288
11214|27.68|62.90|30598
11021|27.67|64.75|40602
11004|36.52|54.97|10265
11004|36.52|54.07|10266
11004|36.52|54.92|10267
11004|36.52|55.41|10268
11004|36.52|56.09|10269
11004|36.52|55.90|10270
11004|36.52|55.25|10271
11004|36.52|54.30|10272
11009|36.86|58.72|20471
11009|36.86|58.01|20472
11009|36.86|59.23|20473
11008|36.35|51.00|30443
11008|36.35|49.93|30444
11008|36.35|51.75|30445
11008|36.35|50.81|30446
11001|36.70|54.77|40011
11001|36.60|54.76|40012
11001|36.70|54.19|40013
11001|36.70|54.98|40014
11001|36.70|54.64|40015
11001|36.70|55.16|40016
11001|37.20|53.84|40017
11001|37.50|53.96|40018
11001|37.20|54.02|40019
11001|37.20|53.78|40020
11003|43.38|66.73|10179
11003|43.38|67.18|10180
11003|43.38|65.74|10181
11003|43.38|67.69|10182
11003|43.38|66.57|10183
11003|43.38|65.79|10184
11003|43.38|69.91|10185
11003|43.38|66.44|10186
11003|43.38|67.13|10187
11090|43.40|59.74|21087
11018|43.97|78.85|30571
11015|44.68|73.77|40538
11214|51.54|80.61|10594
11001|52.06|68.40|20031
11001|52.06|68.47|20032
11001|52.06|68.29|20033
11001|52.06|68.16|20034
11001|52.06|68.84|20035
11001|52.06|68.04|20036
11001|52.06|67.43|20037
11001|52.06|68.09|20038
11001|52.06|68.49|20039
11001|52.06|68.05|20040
11009|52.76|71.53|30462
11009|53.96|72.96|30463
11009|55.16|74.03|30464
11090|52.42|71.70|41085
11017|59.07|87.05|10555
11003|59.30|74.98|20188
11003|59.30|74.56|20189
11003|59.30|74.96|20190
11003|59.30|75.61|20191
11003|59.30|74.74|20192
11003|59.30|75.63|20193
11003|59.30|74.79|20194
11003|59.30|74.59|20195
11003|59.30|75.42|20196
11012|58.52|84.22|30511
11003|58.94|74.63|40188
11003|58.94|74.17|40189
11003|58.94|74.62|40190
11003|58.94|75.51|40191
11003|58.94|74.30|40192
11003|58.94|75.46|40193
11003|58.94|74.42|40194
11003|58.94|74.27|40195
11003|58.94|75.20|40196
#group_44104_10
97.11
11008|6.93|26.17|10431
11008|6.93|26.26|10432
11008|6.93|27.91|10433
11008|6.93|26.29|10434
11008|6.81|25.92|20439
11008|6.81|25.61|20440
11008|6.81|25.48|20441
11008|6.81|26.42|20442
11009|5.67|37.01|30477
11009|5.67|37.07|30478
11009|5.67|36.79|30479
11008|5.88|35.44|40435
11008|5.88|35.07|40436
11008|5.88|26.85|40437
11008|5.88|30.89|40438
11015|14.94|45.36|10543
11003|13.97|29.65|20188
11003|13.97|29.23|20189
11003|13.97|29.63|20190
11003|13.97|30.28|20191
11003|13.97|29.41|20192
11003|13.97|30.30|20193
11003|13.97|29.46|20194
11003|13.97|29.26|20195
11003|13.97|30.09|20196
11011|13.56|40.31|30501
11003|14.52|38.17|40179
11003|14.52|38.63|40180
11003|14.52|36.79|40181
11003|14.52|39.03|40182
11003|14.52|37.67|40183
11003|14.52|36.61|40184
11003|14.52|40.60|40185
11003|14.52|37.54|40186
11003|14.52|38.26|40187
11021|22.19|57.34|10598
11003|20.66|44.95|20206
11003|20.66|45.07|20207
11003|20.66|44.78|20208
11003|20.66|44.92|20209
11003|20.66|44.83|20210
11003|22.16|44.52|20211
11003|22.16|44.45|20212
11003|22.16|45.14|20213
11003|22.16|44.50|20214
11011|21.88|47.29|30497
11003|22.62|41.21|40161
11003|22.62|40.27|40162
11003|22.62|41.84|40163
11003|23.42|41.79|40164
11003|23.02|42.75|40165
11003|22.02|40.27|40166
11003|22.02|40.14|40167
11003|22.02|42.31|40168
11003|22.02|42.22|40169
11002|30.39|44.57|10151
11002|30.39|42.80|10152
11002|30.39|45.15|10153
11002|30.39|45.65|10154
11002|30.39|43.32|10155
11002|30.39|44.29|10156
11002|30.39|44.35|10157
11002|30.39|43.91|10158
11002|30.39|45.24|10159
11002|30.39|42.93|10160
11214|30.33|70.09|20599
11010|28.83|53.52|30490
11010|29.39|59.09|40482
11011|37.87|80.99|10502
11012|37.65|63.36|20511
11092|38.06|61.38|31091
11013|37.97|65.60|40516
11009|46.09|62.08|10474
11009|46.09|60.50|10475
11009|46.09|64.03|10476
11002|46.30|65.28|20111
11002|46.30|64.87|20112
11002|46.30|64.71|20113
11002|46.30|65.20|20114
11002|46.30|65.41|20115
11002|46.30|64.80|20116
11002|45.70|65.96|20117
11002|45.70|65.26|20118
11002|45.70|66.50|20119
11002|45.70|65.73|20120
11002|45.72|64.61|30121
11002|46.07|64.86|30122
11002|46.42|65.63|30123
11002|46.77|65.94|30124
11002|47.12|66.24|30125
11002|47.47|66.66|30126
11002|47.82|66.94|30127
11002|48.17|67.33|30128
11002|48.52|67.99|30129
11002|48.87|68.32|30130
11018|45.54|79.22|40570
11011|53.79|86.08|10503
11011|53.44|97.11|20502
11008|52.91|82.17|30435
11008|52.91|82.15|30436
11008|52.91|73.90|30437
11008|52.91|77.43|30438
11001|54.25|72.32|40011
11001|54.15|72.31|40012
11001|54.25|71.74|40013
11001|54.25|72.53|40014
11001|54.25|72.19|40015
11001|54.25|72.71|40016
11001|54.75|71.39|40017
11001|55.05|71.51|40018
11001|54.75|71.57|40019
11001|54.75|71.33|40020
#group_44104_11
93.55
11008|6.23|25.20|10439
11008|6.23|25.04|10440
11008|6.23|24.85|10441
11008|6.23|25.43|10442
11011|6.24|39.32|20498
11004|7.45|28.77|30297
11004|7.45|28.94|30298
11004|7.45|29.57|30299
11004|7.45|29.69|30300
11004|7.45|29.08|30301
11004|7.45|28.51|30302
11004|7.45|27.84|30303
11004|7.45|30.55|30304
11002|6.40|20.34|40151
11002|6.40|19.37|40152
11002|6.40|21.07|40153
11002|6.40|21.76|40154
11002|6.40|19.77|40155
11002|6.40|20.25|40156
11002|6.40|20.47|40157
11002|6.40|19.88|40158
11002|6.40|21.32|40159
11002|6.40|19.03|40160
11214|13.19|48.34|10598
11009|13.38|44.37|20468
11009|13.38|41.07|20469
11009|13.38|45.13|20470
11002|12.99|28.67|30141
11002|12.99|29.20|30142
11002|12.99|28.68|30143
11002|12.99|29.12|30144
11002|12.99|28.61|30145
11002|12.99|29.02|30146
11002|12.99|28.68|30147
11002|12.99|28.33|30148
11002|12.99|28.53|30149
11002|12.99|28.13|30150
11002|13.97|32.88|40111
11002|13.97|32.35|40112
11002|13.97|32.24|40113
11002|13.97|33.14|40114
11002|13.97|33.01|40115
11002|13.97|32.37|40116
11002|13.37|34.38|40117
11002|13.37|32.85|40118
11002|13.37|34.19|40119
11002|13.37|32.85|40120
11092|22.41|64.59|11090
11010|20.96|48.22|20484
11010|21.61|54.91|30492
11011|21.91|47.30|40497
11001|29.69|46.00|10031
11001|29.69|46.07|10032
11001|29.69|45.94|10033
11001|29.69|45.78|10034
11001|29.69|46.38|10035
11001|29.69|45.62|10036
11001|29.69|45.06|10037
11001|29.69|45.64|10038
11001|29.69|46.06|10039
11001|29.69|45.47|10040
11009|29.81|60.83|20477
11009|29.81|60.98|20478
11009|29.81|60.51|20479
11013|29.21|61.09|30523
11003|29.62|51.44|40197
11003|29.62|51.82|40198
11003|29.62|51.24|40199
11003|29.62|51.82|40200
11003|29.62|51.66|40201
11003|29.62|50.69|40202
11003|29.62|50.97|40203
11003|29.62|50.73|40204
11003|29.62|50.65|40205
11010|36.68|68.65|10480
11011|36.98|69.26|20503
11013|36.38|68.26|30523
11003|36.58|58.40|40197
11003|36.58|58.78|40198
11003|36.58|58.20|40199
11003|36.58|58.78|40200
11003|36.58|58.62|40201
11003|36.58|57.65|40202
11003|36.58|57.93|40203
11003|36.58|57.69|40204
11003|36.58|57.61|40205
11003|43.31|66.66|10179
11003|43.31|67.11|10180
11003|43.31|65.67|10181
11003|43.31|67.62|10182
11003|43.31|66.50|10183
11003|43.31|65.72|10184
11003|43.31|69.84|10185
11003|43.31|66.37|10186
11003|43.31|67.06|10187
11001|43.60|59.94|20031
11001|43.60|60.01|20032
11001|43.60|59.83|20033
11001|43.60|59.70|20034
11001|43.60|60.38|20035
11001|43.60|59.58|20036
11001|43.60|58.97|20037
11001|43.60|59.63|20038
11001|43.60|60.03|20039
11001|43.60|59.59|20040
11001|45.00|61.70|30021
11001|45.42|62.32|30022
11001|45.84|62.76|30023
11001|46.26|63.23|30024
11001|46.68|63.53|30025
11001|47.10|64.06|30026
11001|47.52|64.44|30027
11001|47.94|64.81|30028
11001|48.36|65.28|30029
11001|48.78|65.67|30030
11018|44.36|82.82|40569
11004|50.96|68.74|10257
11004|51.56|69.19|10258
11004|52.16|69.76|10259
11004|52.76|70.35|10260
11004|53.36|71.01|10261
11004|53.96|71.61|10262
11004|54.56|72.20|10263
11004|55.16|72.80|10264
11009|51.62|74.36|20459
11009|51.62|76.44|20460
11009|51.62|77.64|20461
11003|53.50|69.74|30224
11003|53.50|72.14|30225
11003|53.90|71.41|30226
11003|54.50|71.13|30227
11003|54.60|70.37|30228
11003|55.50|70.46|30229
11003|51.50|71.88|30230
11003|54.30|69.73|30231
11003|53.50|69.82|30232
11214|50.37|93.55|40600
11015|58.09|88.51|10543
11008|58.61|77.72|20439
11008|58.61|77.41|20440
11008|58.61|77.28|20441
11008|58.61|78.22|20442
#group_44104_12
98.52
11018|7.51|44.68|10565
11018|6.84|41.13|20570
11012|6.44|57.03|30507
11015|5.80|35.35|40543
11009|13.42|44.83|10477
11009|13.42|44.60|10478
11009|13.42|44.07|10479
11010|13.19|46.35|20492
11010|14.64|39.33|30490
11003|16.65|32.77|40224
11003|16.65|35.11|40225
11003|17.05|34.54|40226
11003|17.65|34.39|40227
11003|17.75|33.38|40228
11003|18.65|33.62|40229
11003|14.65|34.82|40230
11003|17.45|32.86|40231
11003|16.65|32.90|40232
11025|20.10|53.23|10634
11214|20.44|49.66|20596
11025|21.49|85.07|30643
11017|20.41|73.34|40563
11011|27.56|70.39|10500
11004|28.39|49.66|20233
11004|28.39|49.16|20234
11004|28.39|49.46|20235
11004|28.39|49.14|20236
11004|28.39|49.48|20237
11004|28.39|49.31|20238
11004|28.39|49.67|20239
11004|28.39|49.75|20240
11001|27.83|45.14|30001
11001|28.63|45.45|30002
11001|28.73|45.26|30003
11001|28.53|46.52|30004
11001|28.43|45.97|30005
11001|28.33|45.43|30006
11001|28.63|44.74|30007
11001|28.43|46.38|30008
11001|27.83|45.90|30009
11001|28.43|45.40|30010
11001|26.56|47.87|40041
11001|26.56|47.71|40042
11001|26.56|47.46|40043
11001|26.56|47.83|40044
11001|26.56|48.52|40045
11001|26.56|48.07|40046
11001|26.56|47.59|40047
11001|26.56|47.89|40048
11001|26.56|47.13|40049
11001|26.56|48.52|40050
11090|36.18|52.37|11086
11008|35.95|54.56|20447
11008|35.95|56.32|20448
11008|35.95|55.85|20449
11008|35.95|55.95|20450
11004|34.95|56.27|30297
11004|34.95|56.44|30298
11004|34.95|57.07|30299
11004|34.95|57.19|30300
11004|34.95|56.58|30301
11004|34.95|56.01|30302
11004|34.95|55.34|30303
11004|34.95|58.05|30304
11001|34.60|55.91|40041
11001|34.60|55.75|40042
11001|34.60|55.50|40043
11001|34.60|55.87|40044
11001|34.60|56.56|40045
11001|34.60|56.11|40046
11001|34.60|55.63|40047
11001|34.60|55.93|40048
11001|34.60|55.17|40049
11001|34.60|56.56|40050
11004|42.34|57.48|10281
11004|42.34|57.56|10282
11004|42.34|58.32|10283
11004|42.34|58.99|10284
11004|42.34|59.09|10285
11004|42.34|57.91|10286
11004|42.34|58.65|10287
11004|42.34|58.15|10288
11015|42.54|72.21|20538
11025|42.01|98.52|30642
11002|43.59|63.54|40101
11002|43.59|62.56|40102
11002|43.59|62.94|40103
11002|43.59|63.28|40104
11002|43.59|62.40|40105
11002|43.59|63.55|40106
11002|43.59|60.24|40107
11002|43.59|63.15|40108
11002|43.59|61.78|40109
11002|43.59|62.25|40110
11004|49.68|69.15|10289
11004|49.68|70.36|10290
11004|49.68|67.64|10291
11004|49.68|65.91|10292
11004|49.68|68.86|10293
11004|49.68|68.97|10294
11004|49.68|67.11|10295
11004|49.68|68.96|10296
11010|50.35|82.32|20480
11001|49.86|67.17|30001
11001|50.66|67.48|30002
11001|50.76|67.29|30003
11001|50.56|68.55|30004
11001|50.46|68.00|30005
11001|50.36|67.46|30006
11001|50.66|66.77|30007
11001|50.46|68.41|30008
11001|49.86|67.93|30009
11001|50.46|67.43|30010
11009|49.45|73.65|40465
11009|49.45|78.12|40466
11009|49.45|65.03|40467
11010|56.66|94.90|10488
11008|56.75|76.37|20451
11008|56.75|75.39|20452
11008|56.75|74.86|20453
11008|56.75|75.53|20454
11004|57.11|78.43|30297
11004|57.11|78.60|30298
11004|57.11|79.23|30299
11004|57.11|79.35|30300
11004|57.11|78.74|30301
11004|57.11|78.17|30302
11004|57.11|77.50|30303
11004|57.11|80.21|30304
#group_44104_13
107.62
11003|6.57|22.25|10188
11003|6.57|21.75|10189
11003|6.57|22.31|10190
11003|6.57|22.84|10191
11003|6.57|22.00|10192
11003|6.57|22.94|10193
11003|6.57|22.08|10194
11003|6.57|21.90|10195
11003|6.57|22.72|10196
11008|6.78|36.04|20435
11008|6.78|35.15|20436
11008|6.78|27.75|20437
11008|6.78|31.72|20438
11008|7.07|36.33|30435
11008|7.07|36.31|30436
11008|7.07|28.06|30437
11008|7.07|31.59|30438
11012|7.06|45.75|40513
11004|14.40|38.31|10249
11004|14.40|37.09|10250
11004|14.40|38.68|10251
11004|14.40|37.85|10252
11004|14.40|38.15|10253
11004|14.40|38.08|10254
11004|14.40|37.97|10255
11004|14.40|38.89|10256
11009|14.17|38.06|20465
11009|14.17|44.09|20466
11009|14.17|36.23|20467
11009|13.81|36.44|30459
11009|13.81|38.65|30460
11009|13.81|39.53|30461
11017|13.59|66.52|40563
11004|20.30|44.21|10249
11004|20.30|42.99|10250
11004|20.30|44.58|10251
11004|20.30|43.75|10252
11004|20.30|44.05|10253
11004|20.30|43.98|10254
11004|20.30|43.87|10255
11004|20.30|44.79|10256
11011|21.28|65.07|20500
11003|19.40|41.27|30197
11003|19.40|41.61|30198
11003|19.40|41.03|30199
11003|19.40|41.62|30200
11003|19.40|41.41|30201
11003|19.40|40.33|30202
11003|19.40|40.84|30203
11003|19.40|40.69|30204
11003|19.40|40.42|30205
11009|19.42|50.30|40468
11009|19.42|46.92|40469
11009|19.42|50.85|40470
11002|26.97|41.15|10151
11002|26.97|39.38|10152
11002|26.97|41.73|10153
11002|26.97|42.23|10154
11002|26.97|39.90|10155
11002|26.97|40.87|10156
11002|26.97|40.93|10157
11002|26.97|40.49|10158
11002|26.97|41.82|10159
11002|26.97|39.51|10160
11015|28.81|52.97|20534
11017|28.60|64.84|30559
11001|28.08|44.41|40031
11001|28.08|44.50|40032
11001|28.08|44.30|40033
11001|28.08|44.29|40034
11001|28.08|44.97|40035
11001|28.08|44.00|40036
11001|28.08|43.45|40037
11001|28.08|44.09|40038
11001|28.08|44.47|40039
11001|28.08|43.97|40040
11025|35.14|91.65|10642
11010|34.94|59.71|20490
11008|34.82|54.10|30431
11008|34.82|54.05|30432
11008|34.82|55.49|30433
11008|34.82|53.99|30434
11214|35.79|74.18|40603
11010|41.69|71.31|10482
11004|43.38|61.58|20265
11004|43.38|61.23|20266
11004|43.38|61.81|20267
11004|43.38|62.26|20268
11004|43.38|62.71|20269
11004|43.38|62.47|20270
11004|43.38|62.13|20271
11004|43.38|61.73|20272
11001|42.16|58.86|30021
11001|42.58|59.48|30022
11001|43.00|59.92|30023
11001|43.42|60.39|30024
11001|43.84|60.69|30025
11001|44.26|61.22|30026
11001|44.68|61.60|30027
11001|45.10|61.97|30028
11001|45.52|62.44|30029
11001|45.94|62.83|30030
11002|42.69|58.57|40141
11002|42.69|58.79|40142
11002|42.69|58.34|40143
11002|42.69|58.95|40144
11002|42.69|58.32|40145
11002|42.69|58.20|40146
11002|42.69|58.41|40147
11002|42.69|58.03|40148
11002|42.69|58.14|40149
11002|42.69|57.69|40150
11010|50.27|71.21|10486
11015|49.60|79.44|20535
11001|50.05|68.25|30011
11001|49.95|68.21|30012
11001|50.05|67.85|30013
11001|50.05|68.27|30014
11001|50.05|68.04|30015
11001|50.05|68.47|30016
11001|50.55|67.26|30017
11001|50.85|67.28|30018
11001|50.55|67.34|30019
11001|50.55|67.22|30020
11001|49.50|66.80|40001
11001|50.30|67.11|40002
11001|50.40|67.03|40003
11001|50.20|68.17|40004
11001|50.10|67.59|40005
11001|50.00|67.09|40006
11001|50.30|66.45|40007
11001|50.10|67.99|40008
11001|49.50|67.43|40009
11001|50.10|67.04|40010
11009|57.83|73.82|10474
11009|57.83|72.24|10475
11009|57.83|75.77|10476
11009|56.94|79.68|20459
11009|56.94|81.76|20460
11009|56.94|82.96|20461
11011|58.17|90.67|30503
11015|58.59|107.62|40541
#group_44104_14
93.16
11017|6.24|30.39|10557
11015|6.87|32.36|20536
11003|5.81|27.68|30197
11003|5.81|28.02|30198
11003|5.81|27.44|30199
11003|5.81|28.03|30200
11003|5.81|27.82|30201
11003|5.81|26.74|30202
11003|5.81|27.25|30203
11003|5.81|27.10|30204
11003|5.81|26.83|30205
11021|5.65|47.69|40597
11010|13.26|51.50|10488
11021|12.99|41.98|20595
11214|12.66|47.88|30598
11002|12.22|27.48|40131
11002|12.22|27.81|40132
11002|12.22|26.13|40133
11002|12.22|27.21|40134
11002|12.22|25.56|40135
11002|12.22|25.15|40136
11002|12.22|26.50|40137
11002|12.22|27.03|40138
11002|12.22|25.61|40139
11002|12.22|25.09|40140
11011|21.72|49.97|10495
11002|21.78|37.34|20131
11002|21.78|32.26|20132
11002|21.78|35.78|20133
11002|21.78|36.55|20134
11002|21.78|35.33|20135
11002|21.78|34.68|20136
11002|21.78|35.80|20137
11002|21.78|36.27|20138
11002|21.78|35.34|20139
11002|21.78|34.40|20140
11011|20.68|53.18|30503
11010|20.73|41.93|40486
11012|29.84|61.73|10504
11003|29.61|52.97|20179
11003|29.61|53.32|20180
11003|29.61|51.95|20181
11003|29.61|53.83|20182
11003|29.61|52.70|20183
11003|29.61|51.65|20184
11003|29.61|55.74|20185
11003|29.61|52.66|20186
11003|29.61|53.24|20187
11012|29.66|66.23|30512
11009|30.00|46.03|40474
11009|30.00|44.48|40475
11009|30.00|47.69|40476
11002|37.35|56.15|10111
11002|37.35|55.78|10112
11002|37.35|55.61|10113
11002|37.35|56.54|10114
11002|37.35|56.77|10115
11002|37.35|55.74|10116
11002|36.75|57.31|10117
11002|36.75|56.28|10118
11002|36.75|57.39|10119
11002|36.75|56.82|10120
11011|37.67|64.50|20501
11002|36.58|50.60|30091
11002|36.58|50.64|30092
11002|36.58|50.18|30093
11002|36.58|50.69|30094
11002|36.58|50.65|30095
11002|35.98|51.87|30096
11002|35.98|51.61|30097
11002|35.98|51.63|30098
11002|36.38|51.66|30099
11002|35.98|51.25|30100
11003|35.85|61.84|40215
11003|35.85|62.05|40216
11003|35.85|62.70|40217
11003|35.85|61.97|40218
11003|35.85|62.20|40219
11003|35.85|62.46|40220
11003|35.85|62.47|40221
11003|35.85|64.19|40222
11003|35.85|64.26|40223
11001|46.07|62.55|10061
11001|46.07|63.04|10062
11001|46.07|62.04|10063
11001|46.07|61.75|10064
11001|46.07|62.54|10065
11001|45.02|64.15|10066
11001|45.32|62.72|10067
11001|45.32|63.15|10068
11001|45.02|63.73|10069
11001|45.32|62.92|10070
11001|47.15|63.65|20061
11001|47.15|64.35|20062
11001|47.15|63.12|20063
11001|47.15|63.04|20064
11001|47.15|63.67|20065
11001|46.10|65.21|20066
11001|46.40|64.05|20067
11001|46.40|64.23|20068
11001|46.10|64.94|20069
11001|46.40|64.41|20070
11012|45.84|82.41|30512
11214|44.52|77.20|40601
11011|53.73|90.21|10496
11018|52.86|87.15|20570
11015|53.30|92.67|30540
11013|52.13|79.76|40516
#group_44104_15
100.09
11012|6.71|32.35|10511
11002|7.45|27.50|20101
11002|7.45|26.40|20102
11002|7.45|26.77|20103
11002|7.45|27.06|20104
11002|7.45|26.36|20105
11002|7.45|27.37|20106
11002|7.45|24.10|20107
11002|7.45|27.06|20108
11002|7.45|25.60|20109
11002|7.45|26.28|20110
11009|7.56|38.48|30468
11009|7.56|35.23|30469
11009|7.56|39.24|30470
11008|7.14|21.75|40443
11008|7.14|20.71|40444
11008|7.14|22.50|40445
11008|7.14|21.56|40446
11025|14.96|65.48|10641
11012|13.99|50.94|20512
11001|15.65|32.24|30061
11001|15.65|32.94|30062
11001|15.65|31.69|30063
11001|15.65|31.35|30064
11001|15.65|32.29|30065
11001|14.60|33.90|30066
11001|14.90|32.27|30067
11001|14.90|32.78|30068
11001|14.60|33.31|30069
11001|14.90|32.70|30070
11002|15.61|31.49|40141
11002|15.61|31.71|40142
11002|15.61|31.26|40143
11002|15.61|31.87|40144
11002|15.61|31.24|40145
11002|15.61|31.12|40146
11002|15.61|31.33|40147
11002|15.61|30.95|40148
11002|15.61|31.06|40149
11002|15.61|30.61|40150
11004|22.04|40.49|10265
11004|22.04|39.59|10266
11004|22.04|40.44|10267
11004|22.04|40.93|10268
11004|22.04|41.61|10269
11004|22.04|41.42|10270
11004|22.04|40.77|10271
11004|22.04|39.82|10272
11010|22.09|43.13|20486
11004|23.05|44.37|30297
11004|23.05|44.54|30298
11004|23.05|45.17|30299
11004|23.05|45.29|30300
11004|23.05|44.68|30301
11004|23.05|44.11|30302
11004|23.05|43.44|30303
11004|23.05|46.15|30304
11002|22.63|41.56|40121
11002|22.98|41.87|40122
11002|23.33|42.54|40123
11002|23.68|42.86|40124
11002|24.03|43.21|40125
11002|24.38|43.60|40126
11002|24.73|43.92|40127
11002|25.08|44.30|40128
11002|25.43|44.95|40129
11002|25.78|45.22|40130
11011|29.51|72.34|10500
11002|31.12|46.78|20141
11002|31.12|47.39|20142
11002|31.12|46.73|20143
11002|31.12|47.38|20144
11002|31.12|46.76|20145
11002|31.12|47.22|20146
11002|31.12|46.83|20147
11002|31.12|46.45|20148
11002|31.12|46.78|20149
11002|31.12|46.27|20150
11018|31.45|65.10|30570
11015|30.55|54.60|40534
11004|38.28|56.06|10257
11004|38.88|56.51|10258
11004|39.48|57.08|10259
11004|40.08|57.67|10260
11004|40.68|58.33|10261
11004|41.28|58.93|10262
11004|41.88|59.52|10263
11004|42.48|60.12|10264
11010|39.14|72.30|20492
11090|38.94|58.22|31085
11002|40.23|59.14|40111
11002|40.23|58.61|40112
11002|40.23|58.50|40113
11002|40.23|59.40|40114
11002|40.23|59.27|40115
11002|40.23|58.63|40116
11002|39.63|60.64|40117
11002|39.63|59.11|40118
11002|39.63|60.45|40119
11002|39.63|59.11|40120
11010|45.52|78.70|10492
11001|47.25|70.67|20071
11001|47.25|70.14|20072
11001|47.25|69.77|20073
11001|47.25|69.40|20074
11001|47.25|69.65|20075
11001|47.25|69.42|20076
11001|47.65|69.25|20077
11001|47.45|68.65|20078
11001|47.25|67.29|20079
11001|48.05|68.67|20080
11002|46.78|60.80|30091
11002|46.78|60.84|30092
11002|46.78|60.38|30093
11002|46.78|60.89|30094
11002|46.78|60.85|30095
11002|46.18|62.07|30096
11002|46.18|61.81|30097
11002|46.18|61.83|30098
11002|46.58|61.86|30099
11002|46.18|61.45|30100
11009|45.83|68.54|40459
11009|45.83|70.66|40460
11009|45.83|71.53|40461
11092|53.79|99.14|11003
11010|54.86|75.90|20486
11012|53.76|87.26|30505
11002|54.69|74.64|40101
11002|54.69|73.66|40102
11002|54.69|74.04|40103
11002|54.69|74.38|40104
11002|54.69|73.50|40105
11002|54.69|74.65|40106
11002|54.69|71.34|40107
11002|54.69|74.25|40108
11002|54.69|72.88|40109
11002|54.69|73.35|40110
#group_44104_16
130.88
11018|6.79|41.32|10566
11002|7.64|26.62|20111
11002|7.64|26.21|20112
11002|7.64|26.05|20113
11002|7.64|26.54|20114
11002|7.64|26.75|20115
11002|7.64|26.14|20116
11002|7.04|27.30|20117
11002|7.04|26.60|20118
11002|7.04|27.84|20119
11002|7.04|27.07|20120
11214|6.77|35.76|30595
11002|6.40|20.34|40151
11002|6.40|19.37|40152
11002|6.40|21.07|40153
11002|6.40|21.76|40154
11002|6.40|19.77|40155
11002|6.40|20.25|40156
11002|6.40|20.47|40157
11002|6.40|19.88|40158
11002|6.40|21.32|40159
11002|6.40|19.03|40160
11017|14.56|42.54|10555
11010|13.08|46.24|20492
11021|14.85|53.21|30603
11008|14.64|33.30|40447
11008|14.64|35.10|40448
11008|14.64|34.65|40449
11008|14.64|34.53|40450
11090|21.33|37.60|11087
11004|21.91|45.82|20249
11004|21.91|44.60|20250
11004|21.91|46.19|20251
11004|21.91|45.36|20252
11004|21.91|45.66|20253
11004|21.91|45.59|20254
11004|21.91|45.48|20255
11004|21.91|46.40|20256
11010|21.54|46.23|30490
11004|22.48|40.08|40257
11004|23.08|40.72|40258
11004|23.68|41.37|40259
11004|24.28|41.93|40260
11004|24.88|42.49|40261
11004|25.48|43.13|40262
11004|26.08|43.69|40263
11004|26.68|44.30|40264
11017|29.94|78.01|10561
11090|28.89|51.35|21025
11013|29.44|56.78|30516
11008|28.87|48.36|40451
11008|28.87|47.50|40452
11008|28.87|46.96|40453
11008|28.87|47.58|40454
11004|37.83|57.30|10289
11004|37.83|58.51|10290
11004|37.83|55.79|10291
11004|37.83|54.06|10292
11004|37.83|57.01|10293
11004|37.83|57.12|10294
11004|37.83|55.26|10295
11004|37.83|57.11|10296
11021|38.39|78.15|20599
11090|38.46|57.74|31085
11004|37.78|57.28|40289
11004|37.78|58.72|40290
11004|37.78|55.71|40291
11004|37.78|54.04|40292
11004|37.78|56.88|40293
11004|37.78|57.07|40294
11004|37.78|55.21|40295
11004|37.78|57.01|40296
11018|44.00|84.83|10572
11092|44.45|67.84|21091
11012|45.09|76.47|30504
11092|44.93|89.73|41003
11012|51.51|84.19|10505
11090|51.99|71.39|21031
11011|52.70|89.42|30496
11092|52.61|130.88|41088
11090|59.87|79.28|11031
#group_44104_17
105.67
11001|7.17|24.29|10021
11001|7.59|24.51|10022
11001|8.01|24.99|10023
11001|8.43|25.35|10024
11001|8.85|25.74|10025
11001|9.27|26.19|10026
11001|9.69|26.63|10027
11001|10.11|27.07|10028
11001|10.53|27.43|10029
11001|10.95|28.06|10030
11003|6.01|21.69|20188
11003|6.01|21.27|20189
11003|6.01|21.67|20190
11003|6.01|22.32|20191
11003|6.01|21.45|20192
11003|6.01|22.34|20193
11003|6.01|21.50|20194
11003|6.01|21.30|20195
11003|6.01|22.13|20196
11002|6.88|25.77|30121
11002|7.23|26.02|30122
11002|7.58|26.79|30123
11002|7.93|27.10|30124
11002|8.28|27.40|30125
11002|8.63|27.82|30126
11002|8.98|28.10|30127
11002|9.33|28.49|30128
11002|9.68|29.15|30129
11002|10.03|29.48|30130
11009|5.65|21.68|40474
11009|5.65|20.13|40475
11009|5.65|23.34|40476
11010|14.99|39.53|10490
11009|14.53|33.49|20462
11009|15.73|34.63|20463
11009|16.93|35.88|20464
11002|13.58|27.78|30151
11002|13.58|26.39|30152
11002|13.58|28.44|30153
11002|13.58|28.87|30154
11002|13.58|26.81|30155
11002|13.58|27.58|30156
11002|13.58|27.63|30157
11002|13.58|27.13|30158
11002|13.58|28.82|30159
11002|13.58|26.26|30160
11003|16.25|32.37|40224
11003|16.25|34.71|40225
11003|16.65|34.14|40226
11003|17.25|33.99|40227
11003|17.35|32.98|40228
11003|18.25|33.22|40229
11003|14.25|34.42|40230
11003|17.05|32.46|40231
11003|16.25|32.50|40232
11004|22.58|46.49|10249
11004|22.58|45.27|10250
11004|22.58|46.86|10251
11004|22.58|46.03|10252
11004|22.58|46.33|10253
11004|22.58|46.26|10254
11004|22.58|46.15|10255
11004|22.58|47.07|10256
11004|21.40|42.42|20241
11004|21.40|42.65|20242
11004|21.40|42.00|20243
11004|21.40|42.21|20244
11004|21.40|42.27|20245
11004|21.40|43.03|20246
11004|21.40|44.22|20247
11004|21.40|43.97|20248
11011|22.02|65.28|30502
11004|21.64|36.78|40281
11004|21.64|37.08|40282
11004|21.64|37.38|40283
11004|21.64|38.27|40284
11004|21.64|38.40|40285
11004|21.64|37.27|40286
11004|21.64|37.58|40287
11004|21.64|37.47|40288
11013|28.85|68.34|10519
11013|30.14|70.32|20519
11008|30.35|59.61|30435
11008|30.35|59.59|30436
11008|30.35|51.34|30437
11008|30.35|54.87|30438
11008|28.92|44.66|40455
11008|28.92|44.34|40456
11008|28.92|41.66|40457
11008|28.92|40.42|40458
11013|36.34|63.88|10516
11092|35.59|73.21|21001
11015|35.83|61.55|30536
11009|35.58|59.78|40465
11009|35.58|64.25|40466
11009|35.58|51.16|40467
11001|45.38|61.86|10061
11001|45.38|62.35|10062
11001|45.38|61.35|10063
11001|45.38|61.06|10064
11001|45.38|61.85|10065
11001|44.33|63.46|10066
11001|44.63|62.03|10067
11001|44.63|62.46|10068
11001|44.33|63.04|10069
11001|44.63|62.23|10070
11090|45.11|78.34|21024
11018|45.12|78.77|30570
11092|44.30|81.89|41001
11008|50.64|65.25|10443
11008|50.64|64.20|10444
11008|50.64|66.07|10445
11008|50.64|65.04|10446
11003|52.07|78.06|20215
11003|52.07|78.23|20216
11003|52.07|78.87|20217
11003|52.07|78.27|20218
11003|52.07|78.52|20219
11003|52.07|78.64|20220
11003|52.07|78.72|20221
11003|52.07|80.36|20222
11003|52.07|80.45|20223
11012|51.29|101.88|30507
11012|51.10|89.79|40513
11004|58.21|76.66|10265
11004|58.21|75.76|10266
11004|58.21|76.61|10267
11004|58.21|77.10|10268
11004|58.21|77.78|10269
11004|58.21|77.59|10270
11004|58.21|76.94|10271
11004|58.21|75.99|10272
11015|58.13|97.91|20540
11003|57.09|81.37|30206
11003|57.09|81.52|30207
11003|57.09|81.22|30208
11003|57.09|81.49|30209
11003|57.09|81.03|30210
11003|58.59|81.08|30211
11003|58.59|81.28|30212
11003|58.59|81.51|30213
11003|58.59|81.29|30214
11003|58.55|84.54|40215
11003|58.55|84.75|40216
11003|58.55|85.40|40217
11003|58.55|84.67|40218
11003|58.55|84.90|40219
11003|58.55|85.16|40220
11003|58.55|85.17|40221
11003|58.55|86.89|40222
11003|58.55|86.96|40223
#group_44104_18
100.70
11003|5.69|29.07|10170
11003|5.69|28.10|10171
11003|5.69|27.20|10172
11003|6.49|27.78|10173
11003|6.49|30.43|10174
11003|6.49|31.55|10175
11003|6.49|32.92|10176
11003|5.69|31.70|10177
11003|6.79|31.44|10178
11008|6.83|26.07|20431
11008|6.83|26.18|20432
11008|6.83|27.61|20433
11008|6.83|26.16|20434
11015|7.50|36.88|30538
11021|6.51|49.69|40600
11021|13.88|49.03|10598
11001|15.48|33.46|20011
11001|15.38|33.53|20012
11001|15.48|33.16|20013
11001|15.48|33.85|20014
11001|15.48|33.22|20015
11001|15.48|33.76|20016
11001|15.98|32.53|20017
11001|16.28|32.79|20018
11001|15.98|32.82|20019
11001|15.98|32.74|20020
11004|14.62|32.60|30265
11004|14.62|32.27|30266
11004|14.62|32.85|30267
11004|14.62|33.27|30268
11004|14.62|34.19|30269
11004|14.62|33.84|30270
11004|14.62|33.36|30271
11004|14.62|32.45|30272
11010|14.85|39.73|40490
11009|20.99|43.80|10459
11009|20.99|45.76|10460
11009|20.99|46.73|10461
11004|20.28|41.30|20241
11004|20.28|41.53|20242
11004|20.28|40.88|20243
11004|20.28|41.09|20244
11004|20.28|41.15|20245
11004|20.28|41.91|20246
11004|20.28|43.10|20247
11004|20.28|42.85|20248
11011|20.57|45.98|30497
11013|20.63|43.91|40521
11008|26.94|45.91|10439
11008|26.94|45.75|10440
11008|26.94|45.56|10441
11008|26.94|46.14|10442
11012|27.27|77.93|20507
11018|27.96|61.61|30570
11090|28.10|44.28|41086
11003|35.42|59.74|10206
11003|35.42|60.06|10207
11003|35.42|59.70|10208
11003|35.42|59.70|10209
11003|35.42|59.61|10210
11003|36.92|59.65|10211
11003|36.92|59.85|10212
11003|36.92|60.16|10213
11003|36.92|59.42|10214
11021|34.50|63.49|20595
11018|34.58|68.23|30570
11004|33.96|49.10|40281
11004|33.96|49.40|40282
11004|33.96|49.70|40283
11004|33.96|50.59|40284
11004|33.96|50.72|40285
11004|33.96|49.59|40286
11004|33.96|49.90|40287
11004|33.96|49.79|40288
11090|42.48|65.15|11025
11003|41.58|65.87|20206
11003|41.58|65.99|20207
11003|41.58|65.70|20208
11003|41.58|65.84|20209
11003|41.58|65.75|20210
11003|43.08|65.44|20211
11003|43.08|65.37|20212
11003|43.08|66.06|20213
11003|43.08|65.42|20214
11008|42.34|61.05|30439
11008|42.34|61.11|30440
11008|42.34|60.89|30441
11008|42.34|61.93|30442
11008|41.81|56.42|40443
11008|41.81|55.38|40444
11008|41.81|57.17|40445
11008|41.81|56.23|40446
11001|48.98|66.21|10001
11001|49.78|66.64|10002
11001|49.88|66.39|10003
11001|49.68|67.61|10004
11001|49.58|67.13|10005
11001|49.48|66.53|10006
11001|49.78|65.91|10007
11001|49.58|67.54|10008
11001|48.98|66.89|10009
11001|49.58|66.53|10010
11003|48.25|70.14|20197
11003|48.25|70.41|20198
11003|48.25|69.76|20199
11003|48.25|70.47|20200
11003|48.25|70.27|20201
11003|48.25|69.17|20202
11003|48.25|69.58|20203
11003|48.25|69.25|20204
11003|48.25|69.07|20205
11003|48.24|71.84|30179
11003|48.24|72.26|30180
11003|48.24|70.57|30181
11003|48.24|72.68|30182
11003|48.24|71.39|30183
11003|48.24|70.32|30184
11003|48.24|74.38|30185
11003|48.24|71.22|30186
11003|48.24|71.95|30187
11012|48.23|73.82|40511
11010|57.06|89.03|10480
11008|56.61|75.22|20447
11008|56.61|76.98|20448
11008|56.61|76.51|20449
11008|56.61|76.61|20450
11015|55.89|85.27|30538
11004|57.04|76.54|40289
11004|57.04|77.98|40290
11004|57.04|74.97|40291
11004|57.04|73.30|40292
11004|57.04|76.14|40293
11004|57.04|76.33|40294
11004|57.04|74.47|40295
11004|57.04|76.27|40296
#group_44104_19
99.58
11021|7.41|47.12|10599
11090|5.70|24.98|21085
11001|7.54|30.91|30071
11001|7.54|30.28|30072
11001|7.54|30.35|30073
11001|7.54|29.66|30074
11001|7.54|30.26|30075
11001|7.54|29.89|30076
11001|7.94|29.63|30077
11001|7.74|28.66|30078
11001|7.54|27.60|30079
11001|8.34|28.84|30080
11090|7.41|40.64|41024
11017|13.48|61.55|10561
11003|13.60|35.49|20197
11003|13.60|35.76|20198
11003|13.60|35.11|20199
11003|13.60|35.82|20200
11003|13.60|35.62|20201
11003|13.60|34.52|20202
11003|13.60|34.93|20203
11003|13.60|34.60|20204
11003|13.60|34.42|20205
11003|13.80|37.11|30170
11003|13.80|36.15|30171
11003|13.80|35.26|30172
11003|14.60|35.26|30173
11003|14.60|37.64|30174
11003|14.60|38.95|30175
11003|14.60|40.89|30176
11003|13.80|39.44|30177
11003|14.90|39.47|30178
11008|14.11|43.67|40435
11008|14.11|43.30|40436
11008|14.11|35.08|40437
11008|14.11|39.12|40438
11092|20.86|44.15|11091
11001|20.85|37.64|20021
11001|21.27|38.20|20022
11001|21.69|38.56|20023
11001|22.11|38.98|20024
11001|22.53|39.45|20025
11001|22.95|39.88|20026
11001|23.37|40.26|20027
11001|23.79|40.67|20028
11001|24.21|41.20|20029
11001|24.63|41.45|20030
11009|20.07|38.84|30462
11009|21.27|40.27|30463
11009|22.47|41.34|30464
11015|19.87|58.99|40542
11015|27.84|52.18|10534
11010|27.83|59.80|20480
11012|27.68|59.06|30504
11012|27.46|78.07|40507
11003|36.51|52.19|10188
11003|36.51|51.69|10189
11003|36.51|52.25|10190
11003|36.51|52.78|10191
11003|36.51|51.94|10192
11003|36.51|52.88|10193
11003|36.51|52.02|10194
11003|36.51|51.84|10195
11003|36.51|52.66|10196
11001|35.94|57.18|20041
11001|35.94|57.06|20042
11001|35.94|56.78|20043
11001|35.94|57.30|20044
11001|35.94|57.93|20045
11001|35.94|57.39|20046
11001|35.94|56.92|20047
11001|35.94|57.17|20048
11001|35.94|56.53|20049
11001|35.94|57.94|20050
11017|36.65|61.04|30557
11002|36.48|52.36|40141
11002|36.48|52.58|40142
11002|36.48|52.13|40143
11002|36.48|52.74|40144
11002|36.48|52.11|40145
11002|36.48|51.99|40146
11002|36.48|52.20|40147
11002|36.48|51.82|40148
11002|36.48|51.93|40149
11002|36.48|51.48|40150
11015|43.68|83.88|10542
11092|43.58|66.31|21089
11002|42.92|70.88|30081
11002|43.17|71.19|30082
11002|43.22|71.17|30083
11002|43.42|71.17|30084
11002|42.92|72.77|30085
11002|43.92|72.26|30086
11002|44.52|72.93|30087
11002|44.52|72.77|30088
11002|44.52|72.50|30089
11002|44.52|71.66|30090
11025|43.48|89.88|40639
11001|50.46|67.58|10021
11001|50.88|67.80|10022
11001|51.30|68.28|10023
11001|51.72|68.64|10024
11001|52.14|69.03|10025
11001|52.56|69.48|10026
11001|52.98|69.92|10027
11001|53.40|70.36|10028
11001|53.82|70.72|10029
11001|54.24|71.35|10030
11008|51.36|70.47|20439
11008|51.36|70.16|20440
11008|51.36|70.03|20441
11008|51.36|70.97|20442
11010|50.53|83.83|30492
11015|51.08|75.13|40534
11002|58.05|72.23|10151
11002|58.05|70.46|10152
11002|58.05|72.81|10153
11002|58.05|73.31|10154
11002|58.05|70.98|10155
11002|58.05|71.95|10156
11002|58.05|72.01|10157
11002|58.05|71.57|10158
11002|58.05|72.90|10159
11002|58.05|70.59|10160
11214|59.23|98.99|20599
11013|58.91|99.58|30519
11013|59.68|82.96|40521
#group_44104_2
124.78
11012|7.42|33.06|10511
11004|5.93|21.01|20281
11004|5.93|21.15|20282
11004|5.93|21.92|20283
11004|5.93|22.47|20284
11004|5.93|22.51|20285
11004|5.93|21.55|20286
11004|5.93|21.84|20287
11004|5.93|22.05|20288
11013|5.66|46.33|30519
11008|7.42|26.91|40451
11008|7.42|26.05|40452
11008|7.42|25.51|40453
11008|7.42|26.13|40454
11001|15.43|31.74|10031
11001|15.43|31.81|10032
11001|15.43|31.68|10033
11001|15.43|31.52|10034
11001|15.43|32.12|10035
11001|15.43|31.36|10036
11001|15.43|30.80|10037
11001|15.43|31.38|10038
11001|15.43|31.80|10039
11001|15.43|31.21|10040
11002|14.26|29.82|20131
11002|14.26|24.74|20132
11002|14.26|28.26|20133
11002|14.26|29.03|20134
11002|14.26|27.81|20135
11002|14.26|27.16|20136
11002|14.26|28.28|20137
11002|14.26|28.75|20138
11002|14.26|27.82|20139
11002|14.26|26.88|20140
11013|14.29|46.17|30523
11002|15.65|34.56|40111
11002|15.65|34.03|40112
11002|15.65|33.92|40113
11002|15.65|34.82|40114
11002|15.65|34.69|40115
11002|15.65|34.05|40116
11002|15.05|36.06|40117
11002|15.05|34.53|40118
11002|15.05|35.87|40119
11002|15.05|34.53|40120
11003|21.80|43.52|10197
11003|21.80|43.91|10198
11003|21.80|43.27|10199
11003|21.80|44.01|10200
11003|21.80|43.80|10201
11003|21.80|42.80|10202
11003|21.80|43.12|10203
11003|21.80|42.81|10204
11003|21.80|42.60|10205
11011|21.50|65.17|20502
11025|21.22|67.57|30639
11017|21.10|74.03|40563
11092|29.04|54.25|11089
11012|28.38|79.04|20507
11002|27.27|42.86|30131
11002|27.27|42.54|30132
11002|27.27|41.32|30133
11002|27.27|42.32|30134
11002|27.27|40.62|30135
11002|27.27|40.31|30136
11002|27.27|41.39|30137
11002|27.27|41.70|30138
11002|27.27|40.66|30139
11002|27.27|39.74|30140
11018|29.15|67.61|40573
11004|34.73|49.87|10281
11004|34.73|49.95|10282
11004|34.73|50.71|10283
11004|34.73|51.38|10284
11004|34.73|51.48|10285
11004|34.73|50.30|10286
11004|34.73|51.04|10287
11004|34.73|50.54|10288
11008|36.04|54.65|20447
11008|36.04|56.41|20448
11008|36.04|55.94|20449
11008|36.04|56.04|20450
11013|35.82|63.16|30516
11008|34.41|49.02|40443
11008|34.41|47.98|40444
11008|34.41|49.77|40445
11008|34.41|48.83|40446
11004|43.40|58.52|10273
11004|43.40|58.78|10274
11004|43.40|59.28|10275
11004|43.40|58.98|10276
11004|43.40|59.12|10277
11004|43.40|59.65|10278
11004|43.40|59.32|10279
11004|43.40|59.62|10280
11004|42.99|64.01|20241
11004|42.99|64.24|20242
11004|42.99|63.59|20243
11004|42.99|63.80|20244
11004|42.99|63.86|20245
11004|42.99|64.62|20246
11004|42.99|65.81|20247
11004|42.99|65.56|20248
11009|42.90|64.77|30471
11009|42.90|64.02|30472
11009|42.90|65.03|30473
11010|43.81|77.04|40492
11214|51.06|89.40|10603
11009|50.64|69.60|20462
11009|51.84|70.74|20463
11009|53.04|71.99|20464
11025|50.88|124.78|30635
11025|51.00|102.16|40640
11002|57.43|71.61|10151
11002|57.43|69.84|10152
11002|57.43|72.19|10153
11002|57.43|72.69|10154
11002|57.43|70.36|10155
11002|57.43|71.33|10156
11002|57.43|71.39|10157
11002|57.43|70.95|10158
11002|57.43|72.28|10159
11002|57.43|69.97|10160
11001|56.96|72.54|20051
11001|56.96|70.54|20052
11001|56.96|69.34|20053
11001|56.96|70.55|20054
11001|56.96|70.51|20055
11001|56.96|69.89|20056
11001|56.96|69.81|20057
11001|56.96|69.15|20058
11001|56.96|71.11|20059
11001|56.96|71.22|20060
11092|57.10|80.71|31089
11011|57.69|85.71|40495
#group_44104_20
109.82
11092|7.44|52.79|11003
11214|6.07|45.83|20599
11015|6.69|32.41|30536
11013|6.13|44.01|40520
11025|14.23|70.48|10638
11018|12.50|51.03|20573
11214|14.10|43.88|30594
11011|13.36|46.40|40498
11018|21.57|55.77|10570
11011|20.41|47.24|20501
11011|21.17|55.58|30499
11008|21.44|40.74|40431
11008|21.44|40.82|40432
11008|21.44|42.20|40433
11008|21.44|40.65|40434
11008|28.33|47.79|10451
11008|28.33|46.93|10452
11008|28.33|46.38|10453
11008|28.33|47.12|10454
11009|27.66|58.65|20468
11009|27.66|55.35|20469
11009|27.66|59.41|20470
11214|28.20|66.56|30603
11011|28.29|56.31|40495
11017|36.03|79.90|10560
11025|35.49|109.40|20635
11004|36.07|54.05|30265
11004|36.07|53.72|30266
11004|36.07|54.30|30267
11004|36.07|54.72|30268
11004|36.07|55.64|30269
11004|36.07|55.29|30270
11004|36.07|54.81|30271
11004|36.07|53.90|30272
11015|35.97|65.52|40543
11011|42.77|76.45|10498
11092|41.54|79.16|21001
11001|41.31|59.51|30011
11001|41.21|59.47|30012
11001|41.31|59.11|30013
11001|41.31|59.53|30014
11001|41.31|59.30|30015
11001|41.31|59.73|30016
11001|41.81|58.52|30017
11001|42.11|58.54|30018
11001|41.81|58.60|30019
11001|41.81|58.48|30020
11012|41.09|73.59|40504
11012|50.53|86.41|10510
11010|50.54|71.58|20486
11013|50.44|96.01|30522
11008|49.42|68.91|40451
11008|49.42|68.05|40452
11008|49.42|67.51|40453
11008|49.42|68.13|40454
11025|58.72|91.85|10634
11017|58.44|94.42|20559
11002|59.60|78.53|30111
11002|59.60|78.13|30112
11002|59.60|77.85|30113
11002|59.60|78.40|30114
11002|59.60|78.67|30115
11002|59.60|78.02|30116
11002|59.00|79.99|30117
11002|59.00|78.47|30118
11002|59.00|80.49|30119
11002|59.00|79.01|30120
11012|58.94|86.45|40509
#group_44104_3
101.40
11002|6.29|22.17|10141
11002|6.29|22.53|10142
11002|6.29|21.95|10143
11002|6.29|22.56|10144
11002|6.29|21.89|10145
11002|6.29|22.31|10146
11002|6.29|21.96|10147
11002|6.29|21.62|10148
11002|6.29|21.78|10149
11002|6.29|21.47|10150
11010|6.60|39.76|20492
11013|6.27|33.50|30514
11011|7.59|40.63|40498
11011|15.20|49.28|10499
11017|15.03|48.37|20556
11011|13.81|50.53|30496
11001|16.61|33.12|40061
11001|16.61|33.80|40062
11001|16.61|32.64|40063
11001|16.61|32.13|40064
11001|16.61|33.24|40065
11001|15.56|34.68|40066
11001|15.86|33.31|40067
11001|15.86|33.85|40068
11001|15.56|34.32|40069
11001|15.86|33.44|40070
11009|22.48|38.47|10474
11009|22.48|36.89|10475
11009|22.48|40.42|10476
11017|22.20|46.46|20557
11001|22.06|38.38|30031
11001|22.06|38.42|30032
11001|22.06|38.31|30033
11001|22.06|38.06|30034
11001|22.06|38.81|30035
11001|22.06|38.04|30036
11001|22.06|37.40|30037
11001|22.06|38.12|30038
11001|22.06|38.45|30039
11001|22.06|37.96|30040
11008|21.64|37.38|40455
11008|21.64|37.06|40456
11008|21.64|34.38|40457
11008|21.64|33.14|40458
11002|30.47|50.48|10101
11002|30.47|49.44|10102
11002|30.47|49.77|10103
11002|30.47|50.14|10104
11002|30.47|49.36|10105
11002|30.47|50.39|10106
11002|30.47|47.12|10107
11002|30.47|50.13|10108
11002|30.47|48.66|10109
11002|30.47|49.30|10110
11003|30.53|49.37|20161
11003|30.53|48.41|20162
11003|30.53|49.89|20163
11003|31.33|49.60|20164
11003|30.93|50.64|20165
11003|29.93|48.18|20166
11003|29.93|48.06|20167
11003|29.93|50.02|20168
11003|29.93|50.02|20169
11008|30.51|49.79|30431
11008|30.51|49.74|30432
11008|30.51|51.18|30433
11008|30.51|49.68|30434
11003|29.46|53.72|40206
11003|29.46|53.89|40207
11003|29.46|53.61|40208
11003|29.46|53.74|40209
11003|29.46|53.60|40210
11003|30.96|53.45|40211
11003|30.96|53.62|40212
11003|30.96|53.76|40213
11003|30.96|53.48|40214
11025|37.82|101.40|10643
11013|37.58|70.18|20518
11003|38.31|64.28|30215
11003|38.31|64.52|30216
11003|38.31|65.15|30217
11003|38.31|64.42|30218
11003|38.31|64.60|30219
11003|38.31|64.89|30220
11003|38.31|64.88|30221
11003|38.31|66.61|30222
11003|38.31|66.72|30223
11012|36.83|71.82|40506
11010|44.46|69.00|10490
11010|43.50|70.76|20484
11008|43.30|58.84|30455
11008|43.30|58.62|30456
11008|43.30|56.17|30457
11008|43.30|54.81|30458
11214|43.72|82.11|40603
11021|51.19|80.49|10596
11011|50.15|93.82|20502
11001|51.43|68.13|30021
11001|51.85|68.75|30022
11001|52.27|69.19|30023
11001|52.69|69.66|30024
11001|53.11|69.96|30025
11001|53.53|70.49|30026
11001|53.95|70.87|30027
11001|54.37|71.24|30028
11001|54.79|71.71|30029
11001|55.21|72.10|30030
11004|50.69|68.68|40265
11004|50.69|68.22|40266
11004|50.69|68.91|40267
11004|50.69|69.32|40268
11004|50.69|70.01|40269
11004|50.69|69.85|40270
11004|50.69|69.46|40271
11004|50.69|68.79|40272
#group_44104_4
110.80
11001|7.29|23.60|10031
11001|7.29|23.67|10032
11001|7.29|23.54|10033
11001|7.29|23.38|10034
11001|7.29|23.98|10035
11001|7.29|23.22|10036
11001|7.29|22.66|10037
11001|7.29|23.24|10038
11001|7.29|23.66|10039
11001|7.29|23.07|10040
11004|7.48|28.97|20297
11004|7.48|28.99|20298
11004|7.48|29.69|20299
11004|7.48|29.76|20300
11004|7.48|29.44|20301
11004|7.48|28.59|20302
11004|7.48|27.90|20303
11004|7.48|30.35|20304
11012|7.15|42.27|30506
11001|6.36|23.66|40001
11001|7.16|23.97|40002
11001|7.26|23.89|40003
11001|7.06|25.03|40004
11001|6.96|24.45|40005
11001|6.86|23.95|40006
11001|7.16|23.31|40007
11001|6.96|24.85|40008
11001|6.36|24.29|40009
11001|6.96|23.90|40010
11011|14.04|57.16|10502
11003|14.43|33.27|20161
11003|14.43|32.31|20162
11003|14.43|33.79|20163
11003|15.23|33.50|20164
11003|14.83|34.54|20165
11003|13.83|32.08|20166
11003|13.83|31.96|20167
11003|13.83|33.92|20168
11003|13.83|33.92|20169
11004|12.77|36.68|30249
11004|12.77|35.46|30250
11004|12.77|37.05|30251
11004|12.77|36.22|30252
11004|12.77|36.52|30253
11004|12.77|36.45|30254
11004|12.77|36.34|30255
11004|12.77|37.26|30256
11011|12.51|46.64|40499
11003|20.80|36.48|10188
11003|20.80|35.98|10189
11003|20.80|36.54|10190
11003|20.80|37.07|10191
11003|20.80|36.23|10192
11003|20.80|37.17|10193
11003|20.80|36.31|10194
11003|20.80|36.13|10195
11003|20.80|36.95|10196
11001|20.80|38.07|20001
11001|21.60|38.45|20002
11001|21.70|38.31|20003
11001|21.50|39.44|20004
11001|21.40|38.93|20005
11001|21.30|38.36|20006
11001|21.60|37.70|20007
11001|21.40|39.32|20008
11001|20.80|38.88|20009
11001|21.40|38.31|20010
11214|21.79|63.79|30597
11090|22.03|55.26|41024
11013|28.66|60.09|10517
11002|28.47|44.13|20141
11002|28.47|44.74|20142
11002|28.47|44.08|20143
11002|28.47|44.73|20144
11002|28.47|44.11|20145
11002|28.47|44.57|20146
11002|28.47|44.18|20147
11002|28.47|43.80|20148
11002|28.47|44.13|20149
11002|28.47|43.62|20150
11012|29.82|61.20|30504
11012|29.72|66.09|40512
11009|36.72|59.53|10459
11009|36.72|61.49|10460
11009|36.72|62.46|10461
11001|35.51|52.30|20021
11001|35.93|52.86|20022
11001|36.35|53.22|20023
11001|36.77|53.64|20024
11001|37.19|54.11|20025
11001|37.61|54.54|20026
11001|38.03|54.92|20027
11001|38.45|55.33|20028
11001|38.87|55.86|20029
11001|39.29|56.11|20030
11017|35.32|59.71|30557
11009|35.85|57.69|40471
11009|35.85|57.02|40472
11009|35.85|57.87|40473
11025|44.44|110.80|10637
11021|43.36|83.12|20599
11012|43.38|79.14|30510
11021|44.07|73.06|40595
11092|52.63|75.92|11091
11008|51.77|71.01|20431
11008|51.77|71.12|20432
11008|51.77|72.55|20433
11008|51.77|71.10|20434
11092|52.23|94.36|31090
11003|53.43|69.55|40224
11003|53.43|71.89|40225
11003|53.83|71.32|40226
11003|54.43|71.17|40227
11003|54.53|70.16|40228
11003|55.43|70.40|40229
11003|51.43|71.60|40230
11003|54.23|69.64|40231
11003|53.43|69.68|40232
11010|58.77|90.74|10480
#group_44104_5
89.56
11018|5.61|40.14|10566
11025|5.67|56.73|20640
11008|6.02|25.53|30451
11008|6.02|24.76|30452
11008|6.02|24.12|30453
11008|6.02|24.79|30454
11004|7.23|22.37|40273
11004|7.23|22.67|40274
11004|7.23|23.08|40275
11004|7.23|22.85|40276
11004|7.23|22.95|40277
11004|7.23|23.42|40278
11004|7.23|23.16|40279
11004|7.23|23.47|40280
11015|14.67|39.01|10534
11002|15.72|34.88|20121
11002|16.07|34.93|20122
11002|16.42|35.54|20123
11002|16.77|36.20|20124
11002|17.12|36.54|20125
11002|17.47|36.61|20126
11002|17.82|36.97|20127
11002|18.17|37.59|20128
11002|18.52|38.29|20129
11002|18.87|38.30|20130
11008|15.16|44.42|30435
11008|15.16|44.40|30436
11008|15.16|36.15|30437
11008|15.16|39.68|30438
11011|15.34|43.36|40495
11092|20.82|44.11|11091
11021|22.76|62.10|20597
11002|21.81|36.01|30151
11002|21.81|34.62|30152
11002|21.81|36.67|30153
11002|21.81|37.10|30154
11002|21.81|35.04|30155
11002|21.81|35.81|30156
11002|21.81|35.86|30157
11002|21.81|35.36|30158
11002|21.81|37.05|30159
11002|21.81|34.49|30160
11012|22.69|48.28|40511
11001|30.16|45.96|10051
11001|30.16|43.72|10052
11001|30.16|42.50|10053
11001|30.16|43.92|10054
11001|30.16|43.86|10055
11001|30.16|43.10|10056
11001|30.16|42.99|10057
11001|30.16|42.37|10058
11001|30.16|44.30|10059
11001|30.16|44.37|10060
11003|30.65|49.49|20161
11003|30.65|48.53|20162
11003|30.65|50.01|20163
11003|31.45|49.72|20164
11003|31.05|50.76|20165
11003|30.05|48.30|20166
11003|30.05|48.18|20167
11003|30.05|50.14|20168
11003|30.05|50.14|20169
11002|28.79|44.38|30131
11002|28.79|44.06|30132
11002|28.79|42.84|30133
11002|28.79|43.84|30134
11002|28.79|42.14|30135
11002|28.79|41.83|30136
11002|28.79|42.91|30137
11002|28.79|43.22|30138
11002|28.79|42.18|30139
11002|28.79|41.26|30140
11010|28.52|49.72|40486
11009|35.98|67.39|10477
11009|35.98|67.16|10478
11009|35.98|66.63|10479
11015|36.37|60.53|20534
11010|36.04|60.73|30490
11003|39.23|55.35|40224
11003|39.23|57.69|40225
11003|39.63|57.12|40226
11003|40.23|56.97|40227
11003|40.33|55.96|40228
11003|41.23|56.20|40229
11003|37.23|57.40|40230
11003|40.03|55.44|40231
11003|39.23|55.48|40232
11004|44.77|62.55|10257
11004|45.37|63.00|10258
11004|45.97|63.57|10259
11004|46.57|64.16|10260
11004|47.17|64.82|10261
11004|47.77|65.42|10262
11004|48.37|66.01|10263
11004|48.97|66.61|10264
11002|44.91|59.21|20091
11002|44.91|59.06|20092
11002|44.91|58.49|20093
11002|44.91|59.02|20094
11002|44.91|59.05|20095
11002|44.31|60.20|20096
11002|44.31|60.08|20097
11002|44.31|60.00|20098
11002|44.71|60.00|20099
11002|44.31|59.63|20100
11004|45.16|64.69|30289
11004|45.16|65.98|30290
11004|45.16|63.04|30291
11004|45.16|61.33|30292
11004|45.16|64.34|30293
11004|45.16|64.48|30294
11004|45.16|62.54|30295
11004|45.16|64.37|30296
11015|45.26|85.21|40540
11013|51.48|83.43|10523
11011|50.16|75.43|20497
11013|52.06|89.56|30520
11003|50.41|74.06|40179
11003|50.41|74.52|40180
11003|50.41|72.68|40181
11003|50.41|74.92|40182
11003|50.41|73.56|40183
11003|50.41|72.50|40184
11003|50.41|76.49|40185
11003|50.41|73.43|40186
11003|50.41|74.15|40187
11009|58.99|83.12|10465
11009|58.99|89.12|10466
11009|58.99|80.99|10467
11002|59.42|78.40|20111
11002|59.42|77.99|20112
11002|59.42|77.83|20113
11002|59.42|78.32|20114
11002|59.42|78.53|20115
11002|59.42|77.92|20116
11002|58.82|79.08|20117
11002|58.82|78.38|20118
11002|58.82|79.62|20119
11002|58.82|78.85|20120
11012|58.47|86.15|30509
11004|58.78|79.86|40241
11004|58.78|79.67|40242
11004|58.78|79.01|40243
11004|58.78|79.24|40244
11004|58.78|79.42|40245
11004|58.78|80.40|40246
11004|58.78|80.33|40247
11004|58.78|81.36|40248
#group_44104_6
97.64
11004|7.23|22.35|10273
11004|7.23|22.61|10274
11004|7.23|23.11|10275
11004|7.23|22.81|10276
11004|7.23|22.95|10277
11004|7.23|23.48|10278
11004|7.23|23.15|10279
11004|7.23|23.45|10280
11013|5.74|28.89|20521
11013|5.79|29.10|30521
11025|6.95|58.11|40640
11009|12.95|37.08|10465
11009|12.95|43.08|10466
11009|12.95|34.95|10467
11009|14.25|36.99|20459
11009|14.25|39.07|20460
11009|14.25|40.27|20461
11018|13.05|46.70|30570
11002|14.02|29.28|40131
11002|14.02|29.61|40132
11002|14.02|27.93|40133
11002|14.02|29.01|40134
11002|14.02|27.36|40135
11002|14.02|26.95|40136
11002|14.02|28.30|40137
11002|14.02|28.83|40138
11002|14.02|27.41|40139
11002|14.02|26.89|40140
11018|21.61|60.49|10569
11010|22.67|60.98|20488
11092|21.85|63.98|31090
11010|21.35|54.58|40492
11015|28.42|52.76|10534
11090|28.35|44.69|21087
11003|29.52|53.80|30206
11003|29.52|53.95|30207
11003|29.52|53.65|30208
11003|29.52|53.92|30209
11003|29.52|53.46|30210
11003|31.02|53.51|30211
11003|31.02|53.71|30212
11003|31.02|53.94|30213
11003|31.02|53.72|30214
11010|29.82|68.19|40488
11001|36.98|55.08|10011
11001|36.88|55.01|10012
11001|36.98|55.00|10013
11001|36.98|55.36|10014
11001|36.98|54.70|10015
11001|36.98|55.43|10016
11001|37.48|54.05|10017
11001|37.78|54.18|10018
11001|37.48|54.23|10019
11001|37.48|54.09|10020
11002|37.24|56.40|20121
11002|37.59|56.45|20122
11002|37.94|57.06|20123
11002|38.29|57.72|20124
11002|38.64|58.06|20125
11002|38.99|58.13|20126
11002|39.34|58.49|20127
11002|39.69|59.11|20128
11002|40.04|59.81|20129
11002|40.39|59.82|20130
11025|37.39|88.90|30640
11001|36.20|57.51|40041
11001|36.20|57.35|40042
11001|36.20|57.10|40043
11001|36.20|57.47|40044
11001|36.20|58.16|40045
11001|36.20|57.71|40046
11001|36.20|57.23|40047
11001|36.20|57.53|40048
11001|36.20|56.77|40049
11001|36.20|58.16|40050
11021|44.35|73.42|10594
11003|45.17|68.50|20170
11003|45.17|67.60|20171
11003|45.17|66.67|20172
11003|45.97|67.14|20173
11003|45.97|70.09|20174
11003|45.97|71.81|20175
11003|45.97|72.33|20176
11003|45.17|70.65|20177
11003|46.27|70.91|20178
11010|44.04|71.41|30484
11015|45.03|74.58|40543
11090|53.23|73.07|11084
11015|53.53|86.12|20539
11017|53.49|89.73|30559
11003|52.96|68.65|40188
11003|52.96|68.19|40189
11003|52.96|68.64|40190
11003|52.96|69.53|40191
11003|52.96|68.32|40192
11003|52.96|69.48|40193
11003|52.96|68.44|40194
11003|52.96|68.29|40195
11003|52.96|69.22|40196
11010|59.40|97.64|10488
11002|59.56|75.22|20141
11002|59.56|75.83|20142
11002|59.56|75.17|20143
11002|59.56|75.82|20144
11002|59.56|75.20|20145
11002|59.56|75.66|20146
11002|59.56|75.27|20147
11002|59.56|74.89|20148
11002|59.56|75.22|20149
11002|59.56|74.71|20150
#group_44104_7
96.63
11013|6.94|36.67|10515
11015|6.05|31.54|20536
11009|5.95|27.82|30471
11009|5.95|27.07|30472
11009|5.95|28.08|30473
11004|7.19|26.69|40289
11004|7.19|28.13|40290
11004|7.19|25.12|40291
11004|7.19|23.45|40292
11004|7.19|26.29|40293
11004|7.19|26.48|40294
11004|7.19|24.62|40295
11004|7.19|26.42|40296
11021|13.80|46.11|10601
11009|13.24|32.20|20462
11009|14.44|33.34|20463
11009|15.64|34.59|20464
11008|13.31|42.57|30435
11008|13.31|42.55|30436
11008|13.31|34.30|30437
11008|13.31|37.83|30438
11002|14.06|32.99|40121
11002|14.41|33.30|40122
11002|14.76|33.97|40123
11002|15.11|34.29|40124
11002|15.46|34.64|40125
11002|15.81|35.03|40126
11002|16.16|35.35|40127
11002|16.51|35.73|40128
11002|16.86|36.38|40129
11002|17.21|36.65|40130
11002|22.05|40.85|10111
11002|22.05|40.48|10112
11002|22.05|40.31|10113
11002|22.05|41.24|10114
11002|22.05|41.47|10115
11002|22.05|40.44|10116
11002|21.45|42.01|10117
11002|21.45|40.98|10118
11002|21.45|42.09|10119
11002|21.45|41.52|10120
11002|20.81|39.97|20121
11002|21.16|40.02|20122
11002|21.51|40.63|20123
11002|21.86|41.29|20124
11002|22.21|41.63|20125
11002|22.56|41.70|20126
11002|22.91|42.06|20127
11002|23.26|42.68|20128
11002|23.61|43.38|20129
11002|23.96|43.39|20130
11001|21.31|44.68|30071
11001|21.31|44.05|30072
11001|21.31|44.12|30073
11001|21.31|43.43|30074
11001|21.31|44.03|30075
11001|21.31|43.66|30076
11001|21.71|43.40|30077
11001|21.51|42.43|30078
11001|21.31|41.37|30079
11001|22.11|42.61|30080
11003|22.30|46.56|40206
11003|22.30|46.73|40207
11003|22.30|46.45|40208
11003|22.30|46.58|40209
11003|22.30|46.44|40210
11003|23.80|46.29|40211
11003|23.80|46.46|40212
11003|23.80|46.60|40213
11003|23.80|46.32|40214
11090|28.17|50.84|11025
11003|28.15|52.44|20206
11003|28.15|52.56|20207
11003|28.15|52.27|20208
11003|28.15|52.41|20209
11003|28.15|52.32|20210
11003|29.65|52.01|20211
11003|29.65|51.94|20212
11003|29.65|52.63|20213
11003|29.65|51.99|20214
11013|28.45|65.95|30520
11092|28.93|71.06|41090
11009|37.07|59.04|10471
11009|37.07|58.30|10472
11009|37.07|59.43|10473
11002|36.99|52.65|20141
11002|36.99|53.26|20142
11002|36.99|52.60|20143
11002|36.99|53.25|20144
11002|36.99|52.63|20145
11002|36.99|53.09|20146
11002|36.99|52.70|20147
11002|36.99|52.32|20148
11002|36.99|52.65|20149
11002|36.99|52.14|20150
11008|36.97|55.68|30439
11008|36.97|55.74|30440
11008|36.97|55.52|30441
11008|36.97|56.56|30442
11002|36.07|51.33|40131
11002|36.07|51.66|40132
11002|36.07|49.98|40133
11002|36.07|51.06|40134
11002|36.07|49.41|40135
11002|36.07|49.00|40136
11002|36.07|50.35|40137
11002|36.07|50.88|40138
11002|36.07|49.46|40139
11002|36.07|48.94|40140
11092|42.90|80.64|11001
11214|43.61|78.60|20598
11001|42.23|58.34|30051
11001|42.23|55.58|30052
11001|42.23|54.56|30053
11001|42.23|55.81|30054
11001|42.23|55.74|30055
11001|42.23|55.34|30056
11001|42.23|55.03|30057
11001|42.23|54.35|30058
11001|42.23|56.41|30059
11001|42.23|56.39|30060
11013|41.94|75.00|40518
11003|51.17|67.66|10224
11003|51.17|69.53|10225
11003|51.57|69.14|10226
11003|52.17|68.85|10227
11003|52.27|67.86|10228
11003|53.17|68.15|10229
11003|49.17|69.21|10230
11003|51.97|67.39|10231
11003|51.17|67.53|10232
11011|50.79|94.46|20502
11008|50.57|70.08|30451
11008|50.57|69.31|30452
11008|50.57|68.67|30453
11008|50.57|69.34|30454
11008|50.62|66.36|40455
11008|50.62|66.04|40456
11008|50.62|63.36|40457
11008|50.62|62.12|40458
11009|57.44|73.43|10474
11009|57.44|71.85|10475
11009|57.44|75.38|10476
11092|56.38|79.11|21089
11015|57.83|96.63|30542
#group_44104_8
106.08
11018|6.38|50.55|10564
11008|6.27|25.51|20431
11008|6.27|25.62|20432
11008|6.27|27.05|20433
11008|6.27|25.60|20434
11003|6.21|28.08|30197
11003|6.21|28.42|30198
11003|6.21|27.84|30199
11003|6.21|28.43|30200
11003|6.21|28.22|30201
11003|6.21|27.14|30202
11003|6.21|27.65|30203
11003|6.21|27.50|30204
11003|6.21|27.23|30205
11214|6.56|44.95|40603
11001|13.67|29.47|10051
11001|13.67|27.23|10052
11001|13.67|26.01|10053
11001|13.67|27.43|10054
11001|13.67|27.37|10055
11001|13.67|26.61|10056
11001|13.67|26.50|10057
11001|13.67|25.88|10058
11001|13.67|27.81|10059
11001|13.67|27.88|10060
11013|13.95|41.63|20516
11001|15.56|36.86|30041
11001|15.56|36.76|30042
11001|15.56|36.47|30043
11001|15.56|36.85|30044
11001|15.56|37.42|30045
11001|15.56|37.08|30046
11001|15.56|36.51|30047
11001|15.56|36.87|30048
11001|15.56|36.22|30049
11001|15.56|37.57|30050
11009|13.95|29.98|40474
11009|13.95|28.43|40475
11009|13.95|31.64|40476
11009|20.83|36.82|10474
11009|20.83|35.24|10475
11009|20.83|38.77|10476
11025|21.69|57.56|20636
11021|20.61|60.43|30599
11092|21.46|44.10|41089
11018|28.24|63.25|10571
11092|29.53|67.15|21001
11002|28.91|42.93|30091
11002|28.91|42.97|30092
11002|28.91|42.51|30093
11002|28.91|43.02|30094
11002|28.91|42.98|30095
11002|28.31|44.20|30096
11002|28.31|43.94|30097
11002|28.31|43.96|30098
11002|28.71|43.99|30099
11002|28.31|43.58|30100
11214|28.71|61.39|40601
11021|35.67|64.66|10595
11017|35.83|69.17|20556
11013|36.16|63.50|30516
11004|35.49|53.09|40257
11004|36.09|53.73|40258
11004|36.69|54.38|40259
11004|37.29|54.94|40260
11004|37.89|55.50|40261
11004|38.49|56.14|40262
11004|39.09|56.70|40263
11004|39.69|57.31|40264
11008|42.38|57.96|10455
11008|42.38|57.93|10456
11008|42.38|55.25|10457
11008|42.38|53.77|10458
11010|43.30|81.61|20488
11092|42.56|65.88|31091
11092|42.08|65.42|41091
11008|49.66|64.27|10443
11008|49.66|63.22|10444
11008|49.66|65.09|10445
11008|49.66|64.06|10446
11025|49.57|106.08|20642
11003|49.25|71.12|30197
11003|49.25|71.46|30198
11003|49.25|70.88|30199
11003|49.25|71.47|30200
11003|49.25|71.26|30201
11003|49.25|70.18|30202
11003|49.25|70.69|30203
11003|49.25|70.54|30204
11003|49.25|70.27|30205
11003|50.84|66.96|40224
11003|50.84|69.30|40225
11003|51.24|68.73|40226
11003|51.84|68.58|40227
11003|51.94|67.57|40228
11003|52.84|67.81|40229
11003|48.84|69.01|40230
11003|51.64|67.05|40231
11003|50.84|67.09|40232
11012|57.26|92.45|10506
11003|57.82|73.50|20188
11003|57.82|73.08|20189
11003|57.82|73.48|20190
11003|57.82|74.13|20191
11003|57.82|73.26|20192
11003|57.82|74.15|20193
11003|57.82|73.31|20194
11003|57.82|73.11|20195
11003|57.82|73.94|20196
11011|58.41|83.82|30497
11008|56.90|75.56|40447
11008|56.90|77.36|40448
11008|56.90|76.91|40449
11008|56.90|76.79|40450
#group_44104_9
97.55
11018|6.62|43.79|10565
11002|5.89|21.45|20131
11002|5.89|16.37|20132
11002|5.89|19.89|20133
11002|5.89|20.66|20134
11002|5.89|19.44|20135
11002|5.89|18.79|20136
11002|5.89|19.91|20137
11002|5.89|20.38|20138
11002|5.89|19.45|20139
11002|5.89|18.51|20140
11018|7.25|42.13|30571
11017|7.19|52.58|40560
11011|13.66|38.77|10497
11001|14.85|36.09|20041
11001|14.85|35.97|20042
11001|14.85|35.69|20043
11001|14.85|36.21|20044
11001|14.85|36.84|20045
11001|14.85|36.30|20046
11001|14.85|35.83|20047
11001|14.85|36.08|20048
11001|14.85|35.44|20049
11001|14.85|36.85|20050
11004|14.44|34.81|30241
11004|14.44|35.00|30242
11004|14.44|34.32|30243
11004|14.44|34.49|30244
11004|14.44|35.06|30245
11004|14.44|35.47|30246
11004|14.44|36.01|30247
11004|14.44|36.97|30248
11015|14.34|40.70|40537
11012|21.88|53.77|10504
11001|22.44|38.94|20061
11001|22.44|39.64|20062
11001|22.44|38.41|20063
11001|22.44|38.33|20064
11001|22.44|38.96|20065
11001|21.39|40.50|20066
11001|21.69|39.34|20067
11001|21.69|39.52|20068
11001|21.39|40.23|20069
11001|21.69|39.70|20070
11011|23.07|67.82|30500
11092|21.43|66.23|41003
11001|30.54|47.66|10021
11001|30.96|47.88|10022
11001|31.38|48.36|10023
11001|31.80|48.72|10024
11001|32.22|49.11|10025
11001|32.64|49.56|10026
11001|33.06|50.00|10027
11001|33.48|50.44|10028
11001|33.90|50.80|10029
11001|34.32|51.43|10030
11010|30.83|60.49|20482
11010|30.57|63.87|30492
11002|30.22|50.17|40101
11002|30.22|49.19|40102
11002|30.22|49.57|40103
11002|30.22|49.91|40104
11002|30.22|49.03|40105
11002|30.22|50.18|40106
11002|30.22|46.87|40107
11002|30.22|49.78|40108
11002|30.22|48.41|40109
11002|30.22|48.88|40110
11002|39.54|68.06|10081
11002|39.79|67.89|10082
11002|39.84|68.14|10083
11002|40.04|67.85|10084
11002|39.54|69.45|10085
11002|40.54|68.92|10086
11002|41.14|69.20|10087
11002|41.14|69.71|10088
11002|41.14|69.23|10089
11002|41.14|68.21|10090
11015|39.35|63.51|20534
11015|39.06|64.78|30536
11011|39.54|73.67|40499
11013|46.21|79.26|10518
11017|46.96|97.55|20562
11214|47.44|76.43|30595
11013|47.48|79.49|40523
11002|53.83|69.24|10131
11002|53.83|69.48|10132
11002|53.83|67.84|10133
11002|53.83|69.12|10134
11002|53.83|67.34|10135
11002|53.83|67.05|10136
11002|53.83|67.80|10137
11002|53.83|68.78|10138
11002|53.83|67.62|10139
11002|53.83|66.74|10140
11010|53.88|74.92|20486
11009|53.58|69.58|30474
11009|53.58|68.09|30475
11009|53.58|71.33|30476
11011|53.26|96.81|40502
