#multiple_14007_1
28.04
14007|0.00|28.04|10654
#multiple_14007_10
33.63
14007|0.00|33.63|20656
#multiple_14007_11
33.74
14007|0.00|33.74|30656
#multiple_14007_12
33.63
14007|0.00|33.63|40656
#multiple_14007_13
23.16
14007|0.00|23.16|10657
#multiple_14007_14
23.18
14007|0.00|23.18|20657
#multiple_14007_15
23.25
14007|0.00|23.25|30657
#multiple_14007_16
23.19
14007|0.00|23.19|40657
#multiple_14007_2
28.31
14007|0.00|28.31|20654
#multiple_14007_3
28.30
14007|0.00|28.30|30654
#multiple_14007_4
28.12
14007|0.00|28.12|40654
#multiple_14007_5
26.10
14007|0.00|26.10|10655
#multiple_14007_6
25.85
14007|0.00|25.85|20655
#multiple_14007_7
25.64
14007|0.00|25.64|30655
#multiple_14007_8
25.66
14007|0.00|25.66|40655
#multiple_14007_9
33.59
14007|0.00|33.59|10656
#multiple_14009_1
26.64
14009|0.00|26.64|10664
#multiple_14009_10
29.24
14009|0.00|29.24|20666
#multiple_14009_11
29.47
14009|0.00|29.47|30666
#multiple_14009_12
29.47
14009|0.00|29.47|40666
#multiple_14009_13
42.13
14009|0.00|42.13|10667
#multiple_14009_14
42.25
14009|0.00|42.25|20667
#multiple_14009_15
42.12
14009|0.00|42.12|30667
#multiple_14009_16
42.18
14009|0.00|42.18|40667
#multiple_14009_2
25.80
14009|0.00|25.80|20664
#multiple_14009_3
25.73
14009|0.00|25.73|30664
#multiple_14009_4
26.73
14009|0.00|26.73|40664
#multiple_14009_5
26.73
14009|0.00|26.73|10665
#multiple_14009_6
26.59
14009|0.00|26.59|20665
#multiple_14009_7
26.58
14009|0.00|26.58|30665
#multiple_14009_8
26.94
14009|0.00|26.94|40665
#multiple_14009_9
29.24
14009|0.00|29.24|10666
#multiple_14011_1
27.10
14011|0.00|27.10|10674
#multiple_14011_10
27.72
14011|0.00|27.72|20676
#multiple_14011_11
27.65
14011|0.00|27.65|30676
#multiple_14011_12
27.68
14011|0.00|27.68|40676
#multiple_14011_13
31.43
14011|0.00|31.43|10677
#multiple_14011_14
31.52
14011|0.00|31.52|20677
#multiple_14011_15
31.18
14011|0.00|31.18|30677
#multiple_14011_16
31.33
14011|0.00|31.33|40677
#multiple_14011_2
27.18
14011|0.00|27.18|20674
#multiple_14011_3
27.16
14011|0.00|27.16|30674
#multiple_14011_4
27.24
14011|0.00|27.24|40674
#multiple_14011_5
32.18
14011|0.00|32.18|10675
#multiple_14011_6
32.06
14011|0.00|32.06|20675
#multiple_14011_7
31.97
14011|0.00|31.97|30675
#multiple_14011_8
32.56
14011|0.00|32.56|40675
#multiple_14011_9
27.57
14011|0.00|27.57|10676
#multiple_14013_1
26.79
14013|0.00|26.79|10684
#multiple_14013_10
27.76
14013|0.00|27.76|20686
#multiple_14013_11
27.74
14013|0.00|27.74|30686
#multiple_14013_12
27.74
14013|0.00|27.74|40686
#multiple_14013_13
41.41
14013|0.00|41.41|10687
#multiple_14013_14
41.95
14013|0.00|41.95|20687
#multiple_14013_15
41.53
14013|0.00|41.53|30687
#multiple_14013_16
42.09
14013|0.00|42.09|40687
#multiple_14013_2
26.78
14013|0.00|26.78|20684
#multiple_14013_3
26.70
14013|0.00|26.70|30684
#multiple_14013_4
26.73
14013|0.00|26.73|40684
#multiple_14013_5
23.49
14013|0.00|23.49|10685
#multiple_14013_6
23.26
14013|0.00|23.26|20685
#multiple_14013_7
23.69
14013|0.00|23.69|30685
#multiple_14013_8
23.53
14013|0.00|23.53|40685
#multiple_14013_9
27.85
14013|0.00|27.85|10686
#multiple_14015_1
22.27
14015|0.00|22.27|10694
#multiple_14015_10
25.43
14015|0.00|25.43|20696
#multiple_14015_11
25.83
14015|0.00|25.83|30696
#multiple_14015_12
25.30
14015|0.00|25.30|40696
#multiple_14015_13
26.27
14015|0.00|26.27|10697
#multiple_14015_14
26.18
14015|0.00|26.18|20697
#multiple_14015_15
26.15
14015|0.00|26.15|30697
#multiple_14015_16
26.15
14015|0.00|26.15|40697
#multiple_14015_2
22.34
14015|0.00|22.34|20694
#multiple_14015_3
22.45
14015|0.00|22.45|30694
#multiple_14015_4
22.33
14015|0.00|22.33|40694
#multiple_14015_5
29.09
14015|0.00|29.09|10695
#multiple_14015_6
28.94
14015|0.00|28.94|20695
#multiple_14015_7
29.05
14015|0.00|29.05|30695
#multiple_14015_8
29.05
14015|0.00|29.05|40695
#multiple_14015_9
25.63
14015|0.00|25.63|10696
#multiple_14016_1
27.23
14016|0.00|27.23|10704
#multiple_14016_10
32.59
14016|0.00|32.59|20706
#multiple_14016_11
32.98
14016|0.00|32.98|30706
#multiple_14016_12
32.98
14016|0.00|32.98|40706
#multiple_14016_13
37.67
14016|0.00|37.67|10707
#multiple_14016_14
38.04
14016|0.00|38.04|20707
#multiple_14016_15
38.61
14016|0.00|38.61|30707
#multiple_14016_16
38.46
14016|0.00|38.46|40707
#multiple_14016_2
27.23
14016|0.00|27.23|20704
#multiple_14016_3
26.92
14016|0.00|26.92|30704
#multiple_14016_4
27.35
14016|0.00|27.35|40704
#multiple_14016_5
29.78
14016|0.00|29.78|10705
#multiple_14016_6
30.26
14016|0.00|30.26|20705
#multiple_14016_7
30.55
14016|0.00|30.55|30705
#multiple_14016_8
30.17
14016|0.00|30.17|40705
#multiple_14016_9
32.80
14016|0.00|32.80|10706
#multiple_14017_1
28.89
14017|0.00|28.89|10714
#multiple_14017_10
30.39
14017|0.00|30.39|20716
#multiple_14017_11
30.72
14017|0.00|30.72|30716
#multiple_14017_12
29.82
14017|0.00|29.82|40716
#multiple_14017_13
22.07
14017|0.00|22.07|10717
#multiple_14017_14
22.13
14017|0.00|22.13|20717
#multiple_14017_15
22.23
14017|0.00|22.23|30717
#multiple_14017_16
22.12
14017|0.00|22.12|40717
#multiple_14017_2
28.89
14017|0.00|28.89|20714
#multiple_14017_3
28.88
14017|0.00|28.88|30714
#multiple_14017_4
28.86
14017|0.00|28.86|40714
#multiple_14017_5
25.71
14017|0.00|25.71|10715
#multiple_14017_6
25.60
14017|0.00|25.60|20715
#multiple_14017_7
25.64
14017|0.00|25.64|30715
#multiple_14017_8
25.63
14017|0.00|25.63|40715
#multiple_14017_9
30.71
14017|0.00|30.71|10716
#multiple_14019_1
38.51
14019|0.00|38.51|10724
#multiple_14019_10
39.01
14019|0.00|39.01|20726
#multiple_14019_11
36.02
14019|0.00|36.02|30726
#multiple_14019_12
36.16
14019|0.00|36.16|40726
#multiple_14019_13
27.20
14019|0.00|27.20|10727
#multiple_14019_14
26.94
14019|0.00|26.94|20727
#multiple_14019_15
27.61
14019|0.00|27.61|30727
#multiple_14019_16
27.73
14019|0.00|27.73|40727
#multiple_14019_2
38.50
14019|0.00|38.50|20724
#multiple_14019_3
37.99
14019|0.00|37.99|30724
#multiple_14019_4
38.27
14019|0.00|38.27|40724
#multiple_14019_5
39.15
14019|0.00|39.15|10725
#multiple_14019_6
39.23
14019|0.00|39.23|20725
#multiple_14019_7
39.01
14019|0.00|39.01|30725
#multiple_14019_8
39.13
14019|0.00|39.13|40725
#multiple_14019_9
38.74
14019|0.00|38.74|10726
#multiple_14020_1
35.77
14020|0.00|35.77|10734
#multiple_14020_10
24.98
14020|0.00|24.98|20736
#multiple_14020_11
24.84
14020|0.00|24.84|30736
#multiple_14020_12
24.96
14020|0.00|24.96|40736
#multiple_14020_13
28.46
14020|0.00|28.46|10737
#multiple_14020_14
28.70
14020|0.00|28.70|20737
#multiple_14020_15
28.29
14020|0.00|28.29|30737
#multiple_14020_16
28.32
14020|0.00|28.32|40737
#multiple_14020_2
36.24
14020|0.00|36.24|20734
#multiple_14020_3
36.24
14020|0.00|36.24|30734
#multiple_14020_4
36.24
14020|0.00|36.24|40734
#multiple_14020_5
53.78
14020|0.00|53.78|10735
#multiple_14020_6
53.78
14020|0.00|53.78|20735
#multiple_14020_7
53.78
14020|0.00|53.78|30735
#multiple_14020_8
53.78
14020|0.00|53.78|40735
#multiple_14020_9
24.85
14020|0.00|24.85|10736
#multiple_14021_1
41.98
14021|0.00|41.98|10744
#multiple_14021_10
39.01
14021|0.00|39.01|20746
#multiple_14021_11
39.76
14021|0.00|39.76|30746
#multiple_14021_12
39.74
14021|0.00|39.74|40746
#multiple_14021_13
34.95
14021|0.00|34.95|10747
#multiple_14021_14
35.48
14021|0.00|35.48|20747
#multiple_14021_15
34.73
14021|0.00|34.73|30747
#multiple_14021_16
34.88
14021|0.00|34.88|40747
#multiple_14021_2
41.98
14021|0.00|41.98|20744
#multiple_14021_3
41.98
14021|0.00|41.98|30744
#multiple_14021_4
41.98
14021|0.00|41.98|40744
#multiple_14021_5
31.57
14021|0.00|31.57|10745
#multiple_14021_6
31.61
14021|0.00|31.61|20745
#multiple_14021_7
31.56
14021|0.00|31.56|30745
#multiple_14021_8
31.66
14021|0.00|31.66|40745
#multiple_14021_9
39.75
14021|0.00|39.75|10746
#multiple_14022_1
32.33
14022|0.00|32.33|10754
#multiple_14022_10
33.81
14022|0.00|33.81|20756
#multiple_14022_11
33.80
14022|0.00|33.80|30756
#multiple_14022_12
33.84
14022|0.00|33.84|40756
#multiple_14022_13
45.12
14022|0.00|45.12|10757
#multiple_14022_14
45.00
14022|0.00|45.00|20757
#multiple_14022_15
45.00
14022|0.00|45.00|30757
#multiple_14022_16
45.27
14022|0.00|45.27|40757
#multiple_14022_2
32.30
14022|0.00|32.30|20754
#multiple_14022_3
32.44
14022|0.00|32.44|30754
#multiple_14022_4
32.34
14022|0.00|32.34|40754
#multiple_14022_5
31.89
14022|0.00|31.89|10755
#multiple_14022_6
31.89
14022|0.00|31.89|20755
#multiple_14022_7
31.89
14022|0.00|31.89|30755
#multiple_14022_8
31.89
14022|0.00|31.89|40755
#multiple_14022_9
33.83
14022|0.00|33.83|10756
#multiple_14023_1
21.26
14023|0.00|21.26|10764
#multiple_14023_10
29.48
14023|0.00|29.48|20766
#multiple_14023_11
30.12
14023|0.00|30.12|30766
#multiple_14023_12
29.79
14023|0.00|29.79|40766
#multiple_14023_13
22.52
14023|0.00|22.52|10767
#multiple_14023_14
22.43
14023|0.00|22.43|20767
#multiple_14023_15
22.50
14023|0.00|22.50|30767
#multiple_14023_16
22.41
14023|0.00|22.41|40767
#multiple_14023_2
21.26
14023|0.00|21.26|20764
#multiple_14023_3
21.26
14023|0.00|21.26|30764
#multiple_14023_4
21.26
14023|0.00|21.26|40764
#multiple_14023_5
22.50
14023|0.00|22.50|10765
#multiple_14023_6
22.16
14023|0.00|22.16|20765
#multiple_14023_7
22.09
14023|0.00|22.09|30765
#multiple_14023_8
22.61
14023|0.00|22.61|40765
#multiple_14023_9
29.47
14023|0.00|29.47|10766
#multiple_14024_1
37.31
14024|0.00|37.31|10913
#multiple_14024_10
30.99
14024|0.00|30.99|20915
#multiple_14024_11
31.07
14024|0.00|31.07|30915
#multiple_14024_12
30.99
14024|0.00|30.99|40915
#multiple_14024_13
32.53
14024|0.00|32.53|10916
#multiple_14024_14
32.53
14024|0.00|32.53|20916
#multiple_14024_15
32.53
14024|0.00|32.53|30916
#multiple_14024_16
32.53
14024|0.00|32.53|40916
#multiple_14024_2
36.93
14024|0.00|36.93|20913
#multiple_14024_3
36.99
14024|0.00|36.99|30913
#multiple_14024_4
36.85
14024|0.00|36.85|40913
#multiple_14024_5
36.25
14024|0.00|36.25|10914
#multiple_14024_6
36.45
14024|0.00|36.45|20914
#multiple_14024_7
36.42
14024|0.00|36.42|30914
#multiple_14024_8
36.35
14024|0.00|36.35|40914
#multiple_14024_9
31.07
14024|0.00|31.07|10915
#multiple_14025_1
33.36
14025|0.00|33.36|10923
#multiple_14025_10
35.83
14025|0.00|35.83|20925
#multiple_14025_11
36.19
14025|0.00|36.19|30925
#multiple_14025_12
35.93
14025|0.00|35.93|40925
#multiple_14025_13
66.36
14025|0.00|66.36|10926
#multiple_14025_14
66.36
14025|0.00|66.36|20926
#multiple_14025_15
66.36
14025|0.00|66.36|30926
#multiple_14025_16
66.36
14025|0.00|66.36|40926
#multiple_14025_2
33.35
14025|0.00|33.35|20923
#multiple_14025_3
33.51
14025|0.00|33.51|30923
#multiple_14025_4
33.41
14025|0.00|33.41|40923
#multiple_14025_5
73.44
14025|0.00|73.44|10924
#multiple_14025_6
73.31
14025|0.00|73.31|20924
#multiple_14025_7
72.82
14025|0.00|72.82|30924
#multiple_14025_8
73.42
14025|0.00|73.42|40924
#multiple_14025_9
35.96
14025|0.00|35.96|10925
#multiple_14235_1
35.77
14235|0.00|35.77|10734
#multiple_14235_10
24.98
14235|0.00|24.98|20736
#multiple_14235_11
24.84
14235|0.00|24.84|30736
#multiple_14235_12
24.96
14235|0.00|24.96|40736
#multiple_14235_13
28.46
14235|0.00|28.46|10737
#multiple_14235_14
28.70
14235|0.00|28.70|20737
#multiple_14235_15
28.29
14235|0.00|28.29|30737
#multiple_14235_16
28.32
14235|0.00|28.32|40737
#multiple_14235_2
36.24
14235|0.00|36.24|20734
#multiple_14235_3
36.24
14235|0.00|36.24|30734
#multiple_14235_4
36.24
14235|0.00|36.24|40734
#multiple_14235_5
53.78
14235|0.00|53.78|10735
#multiple_14235_6
53.78
14235|0.00|53.78|20735
#multiple_14235_7
53.78
14235|0.00|53.78|30735
#multiple_14235_8
53.78
14235|0.00|53.78|40735
#multiple_14235_9
24.85
14235|0.00|24.85|10736
