#rboss_36031_1
104.90
36031|0.00|100.26|50487
33074|0.00|30.82|50488
33074|2.00|32.82|50488
33074|4.00|34.82|50488
33074|6.00|36.82|50488
33074|8.00|38.82|50488
34077|11.00|41.82|50488
33074|14.00|44.82|50488
33074|16.00|46.82|50488
33074|18.00|48.82|50488
33074|20.00|50.82|50488
33074|22.00|52.82|50488
33076|25.00|55.82|50488
33074|28.00|58.82|50488
33074|30.00|60.82|50488
33074|32.00|62.82|50488
33074|34.00|64.82|50488
33074|36.00|66.82|50488
33075|39.00|69.82|50488
33074|42.00|72.82|50488
33074|44.00|74.82|50488
33074|46.00|76.82|50488
33074|48.00|78.82|50488
33074|50.00|80.82|50488
33075|53.00|83.82|50488
33074|56.00|86.82|50488
33074|58.00|88.82|50488
33074|60.00|90.82|50488
33074|62.00|92.82|50488
33074|64.00|94.82|50488
33075|67.00|97.82|50488
33074|70.00|100.82|50488
33074|72.00|102.82|50488
33074|74.00|104.82|50488
33074|0.00|30.90|50489
33074|2.00|32.90|50489
33074|4.00|34.90|50489
33074|6.00|36.90|50489
33074|8.00|38.90|50489
34077|11.00|41.90|50489
33074|14.00|44.90|50489
33074|16.00|46.90|50489
33074|18.00|48.90|50489
33074|20.00|50.90|50489
33074|22.00|52.90|50489
33076|25.00|55.90|50489
33074|28.00|58.90|50489
33074|30.00|60.90|50489
33074|32.00|62.90|50489
33074|34.00|64.90|50489
33074|36.00|66.90|50489
33075|39.00|69.90|50489
33074|42.00|72.90|50489
33074|44.00|74.90|50489
33074|46.00|76.90|50489
33074|48.00|78.90|50489
33074|50.00|80.90|50489
33075|53.00|83.90|50489
33074|56.00|86.90|50489
33074|58.00|88.90|50489
33074|60.00|90.90|50489
33074|62.00|92.90|50489
33074|64.00|94.90|50489
33075|67.00|97.90|50489
33074|70.00|100.90|50489
33074|72.00|102.90|50489
33074|74.00|104.90|50489
33074|0.00|30.79|50490
33074|2.00|32.79|50490
33074|4.00|34.79|50490
33074|6.00|36.79|50490
33074|8.00|38.79|50490
34077|11.00|41.79|50490
33074|14.00|44.79|50490
33074|16.00|46.79|50490
33074|18.00|48.79|50490
33074|20.00|50.79|50490
33074|22.00|52.79|50490
33076|25.00|55.79|50490
33074|28.00|58.79|50490
33074|30.00|60.79|50490
33074|32.00|62.79|50490
33074|34.00|64.79|50490
33074|36.00|66.79|50490
33075|39.00|69.79|50490
33074|42.00|72.79|50490
33074|44.00|74.79|50490
33074|46.00|76.79|50490
33074|48.00|78.79|50490
33074|50.00|80.79|50490
33075|53.00|83.79|50490
33074|56.00|86.79|50490
33074|58.00|88.79|50490
33074|60.00|90.79|50490
33074|62.00|92.79|50490
33074|64.00|94.79|50490
33075|67.00|97.79|50490
33074|70.00|100.79|50490
33074|72.00|102.79|50490
33074|74.00|104.79|50490
#rboss_36031_10
80.58
36031|0.00|73.75|50526
33074|0.00|27.21|50527
33074|1.50|28.71|50527
33074|3.00|30.21|50527
33074|4.50|31.71|50527
33075|8.00|35.21|50527
33074|11.50|38.71|50527
33074|13.00|40.21|50527
33074|14.50|41.71|50527
33074|16.00|43.21|50527
33076|19.50|46.71|50527
33074|23.00|50.21|50527
33074|24.50|51.71|50527
33074|26.00|53.21|50527
33074|27.50|54.71|50527
33075|31.00|58.21|50527
33074|34.50|61.71|50527
33074|36.00|63.21|50527
33074|37.50|64.71|50527
33074|39.00|66.21|50527
34077|42.50|69.71|50527
33074|46.00|73.21|50527
33074|47.50|74.71|50527
33074|49.00|76.21|50527
33074|50.50|77.71|50527
33074|0.00|30.08|50528
33074|1.50|31.58|50528
33074|3.00|33.08|50528
33074|4.50|34.58|50528
33075|8.00|38.08|50528
33074|11.50|41.58|50528
33074|13.00|43.08|50528
33074|14.50|44.58|50528
33074|16.00|46.08|50528
33076|19.50|49.58|50528
33074|23.00|53.08|50528
33074|24.50|54.58|50528
33074|26.00|56.08|50528
33074|27.50|57.58|50528
33075|31.00|61.08|50528
33074|34.50|64.58|50528
33074|36.00|66.08|50528
33074|37.50|67.58|50528
33074|39.00|69.08|50528
34077|42.50|72.58|50528
33074|46.00|76.08|50528
33074|47.50|77.58|50528
33074|49.00|79.08|50528
33074|50.50|80.58|50528
#rboss_36031_11
80.35
36031|0.00|74.11|50529
33074|0.00|27.24|50530
33074|1.50|28.74|50530
33074|3.00|30.24|50530
33074|4.50|31.74|50530
33075|8.00|35.24|50530
33074|11.50|38.74|50530
33074|13.00|40.24|50530
33074|14.50|41.74|50530
33074|16.00|43.24|50530
33076|19.50|46.74|50530
33074|23.00|50.24|50530
33074|24.50|51.74|50530
33074|26.00|53.24|50530
33074|27.50|54.74|50530
33075|31.00|58.24|50530
33074|34.50|61.74|50530
33074|36.00|63.24|50530
33074|37.50|64.74|50530
33074|39.00|66.24|50530
34077|42.50|69.74|50530
33074|46.00|73.24|50530
33074|47.50|74.74|50530
33074|49.00|76.24|50530
33074|50.50|77.74|50530
33074|0.00|29.85|50531
33074|1.50|31.35|50531
33074|3.00|32.85|50531
33074|4.50|34.35|50531
33075|8.00|37.85|50531
33074|11.50|41.35|50531
33074|13.00|42.85|50531
33074|14.50|44.35|50531
33074|16.00|45.85|50531
33076|19.50|49.35|50531
33074|23.00|52.85|50531
33074|24.50|54.35|50531
33074|26.00|55.85|50531
33074|27.50|57.35|50531
33075|31.00|60.85|50531
33074|34.50|64.35|50531
33074|36.00|65.85|50531
33074|37.50|67.35|50531
33074|39.00|68.85|50531
34077|42.50|72.35|50531
33074|46.00|75.85|50531
33074|47.50|77.35|50531
33074|49.00|78.85|50531
33074|50.50|80.35|50531
#rboss_36031_12
80.84
36031|0.00|73.24|50532
33074|0.00|26.98|50533
33074|1.50|28.48|50533
33074|3.00|29.98|50533
33074|4.50|31.48|50533
33075|8.00|34.98|50533
33074|11.50|38.48|50533
33074|13.00|39.98|50533
33074|14.50|41.48|50533
33074|16.00|42.98|50533
33076|19.50|46.48|50533
33074|23.00|49.98|50533
33074|24.50|51.48|50533
33074|26.00|52.98|50533
33074|27.50|54.48|50533
33075|31.00|57.98|50533
33074|34.50|61.48|50533
33074|36.00|62.98|50533
33074|37.50|64.48|50533
33074|39.00|65.98|50533
34077|42.50|69.48|50533
33074|46.00|72.98|50533
33074|47.50|74.48|50533
33074|49.00|75.98|50533
33074|50.50|77.48|50533
33074|0.00|30.34|50534
33074|1.50|31.84|50534
33074|3.00|33.34|50534
33074|4.50|34.84|50534
33075|8.00|38.34|50534
33074|11.50|41.84|50534
33074|13.00|43.34|50534
33074|14.50|44.84|50534
33074|16.00|46.34|50534
33076|19.50|49.84|50534
33074|23.00|53.34|50534
33074|24.50|54.84|50534
33074|26.00|56.34|50534
33074|27.50|57.84|50534
33075|31.00|61.34|50534
33074|34.50|64.84|50534
33074|36.00|66.34|50534
33074|37.50|67.84|50534
33074|39.00|69.34|50534
34077|42.50|72.84|50534
33074|46.00|76.34|50534
33074|47.50|77.84|50534
33074|49.00|79.34|50534
33074|50.50|80.84|50534
#rboss_36031_2
105.04
36031|0.00|100.26|50491
33074|0.00|30.85|50492
33074|2.00|32.85|50492
33074|4.00|34.85|50492
33074|6.00|36.85|50492
33074|8.00|38.85|50492
34077|11.00|41.85|50492
33074|14.00|44.85|50492
33074|16.00|46.85|50492
33074|18.00|48.85|50492
33074|20.00|50.85|50492
33074|22.00|52.85|50492
33076|25.00|55.85|50492
33074|28.00|58.85|50492
33074|30.00|60.85|50492
33074|32.00|62.85|50492
33074|34.00|64.85|50492
33074|36.00|66.85|50492
33075|39.00|69.85|50492
33074|42.00|72.85|50492
33074|44.00|74.85|50492
33074|46.00|76.85|50492
33074|48.00|78.85|50492
33074|50.00|80.85|50492
33075|53.00|83.85|50492
33074|56.00|86.85|50492
33074|58.00|88.85|50492
33074|60.00|90.85|50492
33074|62.00|92.85|50492
33074|64.00|94.85|50492
33075|67.00|97.85|50492
33074|70.00|100.85|50492
33074|72.00|102.85|50492
33074|74.00|104.85|50492
33074|0.00|31.04|50493
33074|2.00|33.04|50493
33074|4.00|35.04|50493
33074|6.00|37.04|50493
33074|8.00|39.04|50493
34077|11.00|42.04|50493
33074|14.00|45.04|50493
33074|16.00|47.04|50493
33074|18.00|49.04|50493
33074|20.00|51.04|50493
33074|22.00|53.04|50493
33076|25.00|56.04|50493
33074|28.00|59.04|50493
33074|30.00|61.04|50493
33074|32.00|63.04|50493
33074|34.00|65.04|50493
33074|36.00|67.04|50493
33075|39.00|70.04|50493
33074|42.00|73.04|50493
33074|44.00|75.04|50493
33074|46.00|77.04|50493
33074|48.00|79.04|50493
33074|50.00|81.04|50493
33075|53.00|84.04|50493
33074|56.00|87.04|50493
33074|58.00|89.04|50493
33074|60.00|91.04|50493
33074|62.00|93.04|50493
33074|64.00|95.04|50493
33075|67.00|98.04|50493
33074|70.00|101.04|50493
33074|72.00|103.04|50493
33074|74.00|105.04|50493
33074|0.00|30.83|50494
33074|2.00|32.83|50494
33074|4.00|34.83|50494
33074|6.00|36.83|50494
33074|8.00|38.83|50494
34077|11.00|41.83|50494
33074|14.00|44.83|50494
33074|16.00|46.83|50494
33074|18.00|48.83|50494
33074|20.00|50.83|50494
33074|22.00|52.83|50494
33076|25.00|55.83|50494
33074|28.00|58.83|50494
33074|30.00|60.83|50494
33074|32.00|62.83|50494
33074|34.00|64.83|50494
33074|36.00|66.83|50494
33075|39.00|69.83|50494
33074|42.00|72.83|50494
33074|44.00|74.83|50494
33074|46.00|76.83|50494
33074|48.00|78.83|50494
33074|50.00|80.83|50494
33075|53.00|83.83|50494
33074|56.00|86.83|50494
33074|58.00|88.83|50494
33074|60.00|90.83|50494
33074|62.00|92.83|50494
33074|64.00|94.83|50494
33075|67.00|97.83|50494
33074|70.00|100.83|50494
33074|72.00|102.83|50494
33074|74.00|104.83|50494
#rboss_36031_3
104.97
36031|0.00|100.26|50495
33074|0.00|30.81|50496
33074|2.00|32.81|50496
33074|4.00|34.81|50496
33074|6.00|36.81|50496
33074|8.00|38.81|50496
34077|11.00|41.81|50496
33074|14.00|44.81|50496
33074|16.00|46.81|50496
33074|18.00|48.81|50496
33074|20.00|50.81|50496
33074|22.00|52.81|50496
33076|25.00|55.81|50496
33074|28.00|58.81|50496
33074|30.00|60.81|50496
33074|32.00|62.81|50496
33074|34.00|64.81|50496
33074|36.00|66.81|50496
33075|39.00|69.81|50496
33074|42.00|72.81|50496
33074|44.00|74.81|50496
33074|46.00|76.81|50496
33074|48.00|78.81|50496
33074|50.00|80.81|50496
33075|53.00|83.81|50496
33074|56.00|86.81|50496
33074|58.00|88.81|50496
33074|60.00|90.81|50496
33074|62.00|92.81|50496
33074|64.00|94.81|50496
33075|67.00|97.81|50496
33074|70.00|100.81|50496
33074|72.00|102.81|50496
33074|74.00|104.81|50496
33074|0.00|30.97|50497
33074|2.00|32.97|50497
33074|4.00|34.97|50497
33074|6.00|36.97|50497
33074|8.00|38.97|50497
34077|11.00|41.97|50497
33074|14.00|44.97|50497
33074|16.00|46.97|50497
33074|18.00|48.97|50497
33074|20.00|50.97|50497
33074|22.00|52.97|50497
33076|25.00|55.97|50497
33074|28.00|58.97|50497
33074|30.00|60.97|50497
33074|32.00|62.97|50497
33074|34.00|64.97|50497
33074|36.00|66.97|50497
33075|39.00|69.97|50497
33074|42.00|72.97|50497
33074|44.00|74.97|50497
33074|46.00|76.97|50497
33074|48.00|78.97|50497
33074|50.00|80.97|50497
33075|53.00|83.97|50497
33074|56.00|86.97|50497
33074|58.00|88.97|50497
33074|60.00|90.97|50497
33074|62.00|92.97|50497
33074|64.00|94.97|50497
33075|67.00|97.97|50497
33074|70.00|100.97|50497
33074|72.00|102.97|50497
33074|74.00|104.97|50497
33074|0.00|30.72|50498
33074|2.00|32.72|50498
33074|4.00|34.72|50498
33074|6.00|36.72|50498
33074|8.00|38.72|50498
34077|11.00|41.72|50498
33074|14.00|44.72|50498
33074|16.00|46.72|50498
33074|18.00|48.72|50498
33074|20.00|50.72|50498
33074|22.00|52.72|50498
33076|25.00|55.72|50498
33074|28.00|58.72|50498
33074|30.00|60.72|50498
33074|32.00|62.72|50498
33074|34.00|64.72|50498
33074|36.00|66.72|50498
33075|39.00|69.72|50498
33074|42.00|72.72|50498
33074|44.00|74.72|50498
33074|46.00|76.72|50498
33074|48.00|78.72|50498
33074|50.00|80.72|50498
33075|53.00|83.72|50498
33074|56.00|86.72|50498
33074|58.00|88.72|50498
33074|60.00|90.72|50498
33074|62.00|92.72|50498
33074|64.00|94.72|50498
33075|67.00|97.72|50498
33074|70.00|100.72|50498
33074|72.00|102.72|50498
33074|74.00|104.72|50498
#rboss_36031_4
104.91
36031|0.00|100.26|50499
33074|0.00|30.81|50500
33074|2.00|32.81|50500
33074|4.00|34.81|50500
33074|6.00|36.81|50500
33074|8.00|38.81|50500
34077|11.00|41.81|50500
33074|14.00|44.81|50500
33074|16.00|46.81|50500
33074|18.00|48.81|50500
33074|20.00|50.81|50500
33074|22.00|52.81|50500
33076|25.00|55.81|50500
33074|28.00|58.81|50500
33074|30.00|60.81|50500
33074|32.00|62.81|50500
33074|34.00|64.81|50500
33074|36.00|66.81|50500
33075|39.00|69.81|50500
33074|42.00|72.81|50500
33074|44.00|74.81|50500
33074|46.00|76.81|50500
33074|48.00|78.81|50500
33074|50.00|80.81|50500
33075|53.00|83.81|50500
33074|56.00|86.81|50500
33074|58.00|88.81|50500
33074|60.00|90.81|50500
33074|62.00|92.81|50500
33074|64.00|94.81|50500
33075|67.00|97.81|50500
33074|70.00|100.81|50500
33074|72.00|102.81|50500
33074|74.00|104.81|50500
33074|0.00|30.91|50501
33074|2.00|32.91|50501
33074|4.00|34.91|50501
33074|6.00|36.91|50501
33074|8.00|38.91|50501
34077|11.00|41.91|50501
33074|14.00|44.91|50501
33074|16.00|46.91|50501
33074|18.00|48.91|50501
33074|20.00|50.91|50501
33074|22.00|52.91|50501
33076|25.00|55.91|50501
33074|28.00|58.91|50501
33074|30.00|60.91|50501
33074|32.00|62.91|50501
33074|34.00|64.91|50501
33074|36.00|66.91|50501
33075|39.00|69.91|50501
33074|42.00|72.91|50501
33074|44.00|74.91|50501
33074|46.00|76.91|50501
33074|48.00|78.91|50501
33074|50.00|80.91|50501
33075|53.00|83.91|50501
33074|56.00|86.91|50501
33074|58.00|88.91|50501
33074|60.00|90.91|50501
33074|62.00|92.91|50501
33074|64.00|94.91|50501
33075|67.00|97.91|50501
33074|70.00|100.91|50501
33074|72.00|102.91|50501
33074|74.00|104.91|50501
33074|0.00|30.79|50502
33074|2.00|32.79|50502
33074|4.00|34.79|50502
33074|6.00|36.79|50502
33074|8.00|38.79|50502
34077|11.00|41.79|50502
33074|14.00|44.79|50502
33074|16.00|46.79|50502
33074|18.00|48.79|50502
33074|20.00|50.79|50502
33074|22.00|52.79|50502
33076|25.00|55.79|50502
33074|28.00|58.79|50502
33074|30.00|60.79|50502
33074|32.00|62.79|50502
33074|34.00|64.79|50502
33074|36.00|66.79|50502
33075|39.00|69.79|50502
33074|42.00|72.79|50502
33074|44.00|74.79|50502
33074|46.00|76.79|50502
33074|48.00|78.79|50502
33074|50.00|80.79|50502
33075|53.00|83.79|50502
33074|56.00|86.79|50502
33074|58.00|88.79|50502
33074|60.00|90.79|50502
33074|62.00|92.79|50502
33074|64.00|94.79|50502
33075|67.00|97.79|50502
33074|70.00|100.79|50502
33074|72.00|102.79|50502
33074|74.00|104.79|50502
#rboss_36031_5
147.79
36031|0.00|130.61|50503
33074|0.00|30.29|50504
33074|1.50|31.79|50504
33074|3.00|33.29|50504
33074|4.50|34.79|50504
33075|8.00|38.29|50504
33074|11.50|41.79|50504
33074|13.00|43.29|50504
33074|14.50|44.79|50504
33074|16.00|46.29|50504
33075|19.50|49.79|50504
33074|23.00|53.29|50504
33074|24.50|54.79|50504
33074|26.00|56.29|50504
33074|27.50|57.79|50504
33076|31.00|61.29|50504
33074|34.50|64.79|50504
33074|36.00|66.29|50504
33074|37.50|67.79|50504
33074|39.00|69.29|50504
33075|42.50|72.79|50504
33074|46.00|76.29|50504
33074|47.50|77.79|50504
33074|49.00|79.29|50504
33074|50.50|80.79|50504
33075|54.00|84.29|50504
33074|57.50|87.79|50504
33074|59.00|89.29|50504
33074|60.50|90.79|50504
33074|62.00|92.29|50504
34077|63.50|93.79|50504
33074|67.00|97.29|50504
33074|68.50|98.79|50504
33074|70.00|100.29|50504
33074|71.50|101.79|50504
33075|75.00|105.29|50504
33074|78.50|108.79|50504
33074|80.00|110.29|50504
33074|81.50|111.79|50504
33074|83.00|113.29|50504
33075|86.50|116.79|50504
33074|90.00|120.29|50504
33074|91.50|121.79|50504
33074|93.00|123.29|50504
33074|94.50|124.79|50504
33076|98.00|128.29|50504
33074|101.50|131.79|50504
33074|103.00|133.29|50504
33074|104.50|134.79|50504
33074|106.00|136.29|50504
34077|109.50|139.79|50504
33074|113.00|143.29|50504
33074|114.50|144.79|50504
33074|116.00|146.29|50504
33074|117.50|147.79|50504
33074|0.00|28.17|50505
33074|1.50|29.67|50505
33074|3.00|31.17|50505
33074|4.50|32.67|50505
33075|8.00|36.17|50505
33074|11.50|39.67|50505
33074|13.00|41.17|50505
33074|14.50|42.67|50505
33074|16.00|44.17|50505
33075|19.50|47.67|50505
33074|23.00|51.17|50505
33074|24.50|52.67|50505
33074|26.00|54.17|50505
33074|27.50|55.67|50505
33076|31.00|59.17|50505
33074|34.50|62.67|50505
33074|36.00|64.17|50505
33074|37.50|65.67|50505
33074|39.00|67.17|50505
33075|42.50|70.67|50505
33074|46.00|74.17|50505
33074|47.50|75.67|50505
33074|49.00|77.17|50505
33074|50.50|78.67|50505
33075|54.00|82.17|50505
33074|57.50|85.67|50505
33074|59.00|87.17|50505
33074|60.50|88.67|50505
33074|62.00|90.17|50505
34077|63.50|91.67|50505
33074|67.00|95.17|50505
33074|68.50|96.67|50505
33074|70.00|98.17|50505
33074|71.50|99.67|50505
33075|75.00|103.17|50505
33074|78.50|106.67|50505
33074|80.00|108.17|50505
33074|81.50|109.67|50505
33074|83.00|111.17|50505
33075|86.50|114.67|50505
33074|90.00|118.17|50505
33074|91.50|119.67|50505
33074|93.00|121.17|50505
33074|94.50|122.67|50505
33076|98.00|126.17|50505
33074|101.50|129.67|50505
33074|103.00|131.17|50505
33074|104.50|132.67|50505
33074|106.00|134.17|50505
34077|109.50|137.67|50505
33074|113.00|141.17|50505
33074|114.50|142.67|50505
33074|116.00|144.17|50505
33074|117.50|145.67|50505
33074|0.00|27.30|50506
33074|1.50|28.80|50506
33074|3.00|30.30|50506
33074|4.50|31.80|50506
33075|8.00|35.30|50506
33074|11.50|38.80|50506
33074|13.00|40.30|50506
33074|14.50|41.80|50506
33074|16.00|43.30|50506
33075|19.50|46.80|50506
33074|23.00|50.30|50506
33074|24.50|51.80|50506
33074|26.00|53.30|50506
33074|27.50|54.80|50506
33076|31.00|58.30|50506
33074|34.50|61.80|50506
33074|36.00|63.30|50506
33074|37.50|64.80|50506
33074|39.00|66.30|50506
33075|42.50|69.80|50506
33074|46.00|73.30|50506
33074|47.50|74.80|50506
33074|49.00|76.30|50506
33074|50.50|77.80|50506
33075|54.00|81.30|50506
33074|57.50|84.80|50506
33074|59.00|86.30|50506
33074|60.50|87.80|50506
33074|62.00|89.30|50506
34077|63.50|90.80|50506
33074|67.00|94.30|50506
33074|68.50|95.80|50506
33074|70.00|97.30|50506
33074|71.50|98.80|50506
33075|75.00|102.30|50506
33074|78.50|105.80|50506
33074|80.00|107.30|50506
33074|81.50|108.80|50506
33074|83.00|110.30|50506
33075|86.50|113.80|50506
33074|90.00|117.30|50506
33074|91.50|118.80|50506
33074|93.00|120.30|50506
33074|94.50|121.80|50506
33076|98.00|125.30|50506
33074|101.50|128.80|50506
33074|103.00|130.30|50506
33074|104.50|131.80|50506
33074|106.00|133.30|50506
34077|109.50|136.80|50506
33074|113.00|140.30|50506
33074|114.50|141.80|50506
33074|116.00|143.30|50506
33074|117.50|144.80|50506
33074|0.00|25.17|50507
33074|1.50|26.67|50507
33074|3.00|28.17|50507
33074|4.50|29.67|50507
33075|8.00|33.17|50507
33074|11.50|36.67|50507
33074|13.00|38.17|50507
33074|14.50|39.67|50507
33074|16.00|41.17|50507
33075|19.50|44.67|50507
33074|23.00|48.17|50507
33074|24.50|49.67|50507
33074|26.00|51.17|50507
33074|27.50|52.67|50507
33076|31.00|56.17|50507
33074|34.50|59.67|50507
33074|36.00|61.17|50507
33074|37.50|62.67|50507
33074|39.00|64.17|50507
33075|42.50|67.67|50507
33074|46.00|71.17|50507
33074|47.50|72.67|50507
33074|49.00|74.17|50507
33074|50.50|75.67|50507
33075|54.00|79.17|50507
33074|57.50|82.67|50507
33074|59.00|84.17|50507
33074|60.50|85.67|50507
33074|62.00|87.17|50507
34077|63.50|88.67|50507
33074|67.00|92.17|50507
33074|68.50|93.67|50507
33074|70.00|95.17|50507
33074|71.50|96.67|50507
33075|75.00|100.17|50507
33074|78.50|103.67|50507
33074|80.00|105.17|50507
33074|81.50|106.67|50507
33074|83.00|108.17|50507
33075|86.50|111.67|50507
33074|90.00|115.17|50507
33074|91.50|116.67|50507
33074|93.00|118.17|50507
33074|94.50|119.67|50507
33076|98.00|123.17|50507
33074|101.50|126.67|50507
33074|103.00|128.17|50507
33074|104.50|129.67|50507
33074|106.00|131.17|50507
34077|109.50|134.67|50507
33074|113.00|138.17|50507
33074|114.50|139.67|50507
33074|116.00|141.17|50507
33074|117.50|142.67|50507
#rboss_36031_6
147.83
36031|0.00|130.62|50508
33074|0.00|30.33|50509
33074|1.50|31.83|50509
33074|3.00|33.33|50509
33074|4.50|34.83|50509
33075|8.00|38.33|50509
33074|11.50|41.83|50509
33074|13.00|43.33|50509
33074|14.50|44.83|50509
33074|16.00|46.33|50509
33075|19.50|49.83|50509
33074|23.00|53.33|50509
33074|24.50|54.83|50509
33074|26.00|56.33|50509
33074|27.50|57.83|50509
33076|31.00|61.33|50509
33074|34.50|64.83|50509
33074|36.00|66.33|50509
33074|37.50|67.83|50509
33074|39.00|69.33|50509
33075|42.50|72.83|50509
33074|46.00|76.33|50509
33074|47.50|77.83|50509
33074|49.00|79.33|50509
33074|50.50|80.83|50509
33075|54.00|84.33|50509
33074|57.50|87.83|50509
33074|59.00|89.33|50509
33074|60.50|90.83|50509
33074|62.00|92.33|50509
34077|63.50|93.83|50509
33074|67.00|97.33|50509
33074|68.50|98.83|50509
33074|70.00|100.33|50509
33074|71.50|101.83|50509
33075|75.00|105.33|50509
33074|78.50|108.83|50509
33074|80.00|110.33|50509
33074|81.50|111.83|50509
33074|83.00|113.33|50509
33075|86.50|116.83|50509
33074|90.00|120.33|50509
33074|91.50|121.83|50509
33074|93.00|123.33|50509
33074|94.50|124.83|50509
33076|98.00|128.33|50509
33074|101.50|131.83|50509
33074|103.00|133.33|50509
33074|104.50|134.83|50509
33074|106.00|136.33|50509
34077|109.50|139.83|50509
33074|113.00|143.33|50509
33074|114.50|144.83|50509
33074|116.00|146.33|50509
33074|117.50|147.83|50509
33074|0.00|28.17|50510
33074|1.50|29.67|50510
33074|3.00|31.17|50510
33074|4.50|32.67|50510
33075|8.00|36.17|50510
33074|11.50|39.67|50510
33074|13.00|41.17|50510
33074|14.50|42.67|50510
33074|16.00|44.17|50510
33075|19.50|47.67|50510
33074|23.00|51.17|50510
33074|24.50|52.67|50510
33074|26.00|54.17|50510
33074|27.50|55.67|50510
33076|31.00|59.17|50510
33074|34.50|62.67|50510
33074|36.00|64.17|50510
33074|37.50|65.67|50510
33074|39.00|67.17|50510
33075|42.50|70.67|50510
33074|46.00|74.17|50510
33074|47.50|75.67|50510
33074|49.00|77.17|50510
33074|50.50|78.67|50510
33075|54.00|82.17|50510
33074|57.50|85.67|50510
33074|59.00|87.17|50510
33074|60.50|88.67|50510
33074|62.00|90.17|50510
34077|63.50|91.67|50510
33074|67.00|95.17|50510
33074|68.50|96.67|50510
33074|70.00|98.17|50510
33074|71.50|99.67|50510
33075|75.00|103.17|50510
33074|78.50|106.67|50510
33074|80.00|108.17|50510
33074|81.50|109.67|50510
33074|83.00|111.17|50510
33075|86.50|114.67|50510
33074|90.00|118.17|50510
33074|91.50|119.67|50510
33074|93.00|121.17|50510
33074|94.50|122.67|50510
33076|98.00|126.17|50510
33074|101.50|129.67|50510
33074|103.00|131.17|50510
33074|104.50|132.67|50510
33074|106.00|134.17|50510
34077|109.50|137.67|50510
33074|113.00|141.17|50510
33074|114.50|142.67|50510
33074|116.00|144.17|50510
33074|117.50|145.67|50510
33074|0.00|27.24|50511
33074|1.50|28.74|50511
33074|3.00|30.24|50511
33074|4.50|31.74|50511
33075|8.00|35.24|50511
33074|11.50|38.74|50511
33074|13.00|40.24|50511
33074|14.50|41.74|50511
33074|16.00|43.24|50511
33075|19.50|46.74|50511
33074|23.00|50.24|50511
33074|24.50|51.74|50511
33074|26.00|53.24|50511
33074|27.50|54.74|50511
33076|31.00|58.24|50511
33074|34.50|61.74|50511
33074|36.00|63.24|50511
33074|37.50|64.74|50511
33074|39.00|66.24|50511
33075|42.50|69.74|50511
33074|46.00|73.24|50511
33074|47.50|74.74|50511
33074|49.00|76.24|50511
33074|50.50|77.74|50511
33075|54.00|81.24|50511
33074|57.50|84.74|50511
33074|59.00|86.24|50511
33074|60.50|87.74|50511
33074|62.00|89.24|50511
34077|63.50|90.74|50511
33074|67.00|94.24|50511
33074|68.50|95.74|50511
33074|70.00|97.24|50511
33074|71.50|98.74|50511
33075|75.00|102.24|50511
33074|78.50|105.74|50511
33074|80.00|107.24|50511
33074|81.50|108.74|50511
33074|83.00|110.24|50511
33075|86.50|113.74|50511
33074|90.00|117.24|50511
33074|91.50|118.74|50511
33074|93.00|120.24|50511
33074|94.50|121.74|50511
33076|98.00|125.24|50511
33074|101.50|128.74|50511
33074|103.00|130.24|50511
33074|104.50|131.74|50511
33074|106.00|133.24|50511
34077|109.50|136.74|50511
33074|113.00|140.24|50511
33074|114.50|141.74|50511
33074|116.00|143.24|50511
33074|117.50|144.74|50511
33074|0.00|25.43|50512
33074|1.50|26.93|50512
33074|3.00|28.43|50512
33074|4.50|29.93|50512
33075|8.00|33.43|50512
33074|11.50|36.93|50512
33074|13.00|38.43|50512
33074|14.50|39.93|50512
33074|16.00|41.43|50512
33075|19.50|44.93|50512
33074|23.00|48.43|50512
33074|24.50|49.93|50512
33074|26.00|51.43|50512
33074|27.50|52.93|50512
33076|31.00|56.43|50512
33074|34.50|59.93|50512
33074|36.00|61.43|50512
33074|37.50|62.93|50512
33074|39.00|64.43|50512
33075|42.50|67.93|50512
33074|46.00|71.43|50512
33074|47.50|72.93|50512
33074|49.00|74.43|50512
33074|50.50|75.93|50512
33075|54.00|79.43|50512
33074|57.50|82.93|50512
33074|59.00|84.43|50512
33074|60.50|85.93|50512
33074|62.00|87.43|50512
34077|63.50|88.93|50512
33074|67.00|92.43|50512
33074|68.50|93.93|50512
33074|70.00|95.43|50512
33074|71.50|96.93|50512
33075|75.00|100.43|50512
33074|78.50|103.93|50512
33074|80.00|105.43|50512
33074|81.50|106.93|50512
33074|83.00|108.43|50512
33075|86.50|111.93|50512
33074|90.00|115.43|50512
33074|91.50|116.93|50512
33074|93.00|118.43|50512
33074|94.50|119.93|50512
33076|98.00|123.43|50512
33074|101.50|126.93|50512
33074|103.00|128.43|50512
33074|104.50|129.93|50512
33074|106.00|131.43|50512
34077|109.50|134.93|50512
33074|113.00|138.43|50512
33074|114.50|139.93|50512
33074|116.00|141.43|50512
33074|117.50|142.93|50512
#rboss_36031_7
147.79
36031|0.00|130.70|50513
33074|0.00|30.29|50514
33074|1.50|31.79|50514
33074|3.00|33.29|50514
33074|4.50|34.79|50514
33075|8.00|38.29|50514
33074|11.50|41.79|50514
33074|13.00|43.29|50514
33074|14.50|44.79|50514
33074|16.00|46.29|50514
33075|19.50|49.79|50514
33074|23.00|53.29|50514
33074|24.50|54.79|50514
33074|26.00|56.29|50514
33074|27.50|57.79|50514
33076|31.00|61.29|50514
33074|34.50|64.79|50514
33074|36.00|66.29|50514
33074|37.50|67.79|50514
33074|39.00|69.29|50514
33075|42.50|72.79|50514
33074|46.00|76.29|50514
33074|47.50|77.79|50514
33074|49.00|79.29|50514
33074|50.50|80.79|50514
33075|54.00|84.29|50514
33074|57.50|87.79|50514
33074|59.00|89.29|50514
33074|60.50|90.79|50514
33074|62.00|92.29|50514
34077|63.50|93.79|50514
33074|67.00|97.29|50514
33074|68.50|98.79|50514
33074|70.00|100.29|50514
33074|71.50|101.79|50514
33075|75.00|105.29|50514
33074|78.50|108.79|50514
33074|80.00|110.29|50514
33074|81.50|111.79|50514
33074|83.00|113.29|50514
33075|86.50|116.79|50514
33074|90.00|120.29|50514
33074|91.50|121.79|50514
33074|93.00|123.29|50514
33074|94.50|124.79|50514
33076|98.00|128.29|50514
33074|101.50|131.79|50514
33074|103.00|133.29|50514
33074|104.50|134.79|50514
33074|106.00|136.29|50514
34077|109.50|139.79|50514
33074|113.00|143.29|50514
33074|114.50|144.79|50514
33074|116.00|146.29|50514
33074|117.50|147.79|50514
33074|0.00|28.10|50515
33074|1.50|29.60|50515
33074|3.00|31.10|50515
33074|4.50|32.60|50515
33075|8.00|36.10|50515
33074|11.50|39.60|50515
33074|13.00|41.10|50515
33074|14.50|42.60|50515
33074|16.00|44.10|50515
33075|19.50|47.60|50515
33074|23.00|51.10|50515
33074|24.50|52.60|50515
33074|26.00|54.10|50515
33074|27.50|55.60|50515
33076|31.00|59.10|50515
33074|34.50|62.60|50515
33074|36.00|64.10|50515
33074|37.50|65.60|50515
33074|39.00|67.10|50515
33075|42.50|70.60|50515
33074|46.00|74.10|50515
33074|47.50|75.60|50515
33074|49.00|77.10|50515
33074|50.50|78.60|50515
33075|54.00|82.10|50515
33074|57.50|85.60|50515
33074|59.00|87.10|50515
33074|60.50|88.60|50515
33074|62.00|90.10|50515
34077|63.50|91.60|50515
33074|67.00|95.10|50515
33074|68.50|96.60|50515
33074|70.00|98.10|50515
33074|71.50|99.60|50515
33075|75.00|103.10|50515
33074|78.50|106.60|50515
33074|80.00|108.10|50515
33074|81.50|109.60|50515
33074|83.00|111.10|50515
33075|86.50|114.60|50515
33074|90.00|118.10|50515
33074|91.50|119.60|50515
33074|93.00|121.10|50515
33074|94.50|122.60|50515
33076|98.00|126.10|50515
33074|101.50|129.60|50515
33074|103.00|131.10|50515
33074|104.50|132.60|50515
33074|106.00|134.10|50515
34077|109.50|137.60|50515
33074|113.00|141.10|50515
33074|114.50|142.60|50515
33074|116.00|144.10|50515
33074|117.50|145.60|50515
33074|0.00|27.89|50516
33074|1.50|29.39|50516
33074|3.00|30.89|50516
33074|4.50|32.39|50516
33075|8.00|35.89|50516
33074|11.50|39.39|50516
33074|13.00|40.89|50516
33074|14.50|42.39|50516
33074|16.00|43.89|50516
33075|19.50|47.39|50516
33074|23.00|50.89|50516
33074|24.50|52.39|50516
33074|26.00|53.89|50516
33074|27.50|55.39|50516
33076|31.00|58.89|50516
33074|34.50|62.39|50516
33074|36.00|63.89|50516
33074|37.50|65.39|50516
33074|39.00|66.89|50516
33075|42.50|70.39|50516
33074|46.00|73.89|50516
33074|47.50|75.39|50516
33074|49.00|76.89|50516
33074|50.50|78.39|50516
33075|54.00|81.89|50516
33074|57.50|85.39|50516
33074|59.00|86.89|50516
33074|60.50|88.39|50516
33074|62.00|89.89|50516
34077|63.50|91.39|50516
33074|67.00|94.89|50516
33074|68.50|96.39|50516
33074|70.00|97.89|50516
33074|71.50|99.39|50516
33075|75.00|102.89|50516
33074|78.50|106.39|50516
33074|80.00|107.89|50516
33074|81.50|109.39|50516
33074|83.00|110.89|50516
33075|86.50|114.39|50516
33074|90.00|117.89|50516
33074|91.50|119.39|50516
33074|93.00|120.89|50516
33074|94.50|122.39|50516
33076|98.00|125.89|50516
33074|101.50|129.39|50516
33074|103.00|130.89|50516
33074|104.50|132.39|50516
33074|106.00|133.89|50516
34077|109.50|137.39|50516
33074|113.00|140.89|50516
33074|114.50|142.39|50516
33074|116.00|143.89|50516
33074|117.50|145.39|50516
33074|0.00|25.21|50517
33074|1.50|26.71|50517
33074|3.00|28.21|50517
33074|4.50|29.71|50517
33075|8.00|33.21|50517
33074|11.50|36.71|50517
33074|13.00|38.21|50517
33074|14.50|39.71|50517
33074|16.00|41.21|50517
33075|19.50|44.71|50517
33074|23.00|48.21|50517
33074|24.50|49.71|50517
33074|26.00|51.21|50517
33074|27.50|52.71|50517
33076|31.00|56.21|50517
33074|34.50|59.71|50517
33074|36.00|61.21|50517
33074|37.50|62.71|50517
33074|39.00|64.21|50517
33075|42.50|67.71|50517
33074|46.00|71.21|50517
33074|47.50|72.71|50517
33074|49.00|74.21|50517
33074|50.50|75.71|50517
33075|54.00|79.21|50517
33074|57.50|82.71|50517
33074|59.00|84.21|50517
33074|60.50|85.71|50517
33074|62.00|87.21|50517
34077|63.50|88.71|50517
33074|67.00|92.21|50517
33074|68.50|93.71|50517
33074|70.00|95.21|50517
33074|71.50|96.71|50517
33075|75.00|100.21|50517
33074|78.50|103.71|50517
33074|80.00|105.21|50517
33074|81.50|106.71|50517
33074|83.00|108.21|50517
33075|86.50|111.71|50517
33074|90.00|115.21|50517
33074|91.50|116.71|50517
33074|93.00|118.21|50517
33074|94.50|119.71|50517
33076|98.00|123.21|50517
33074|101.50|126.71|50517
33074|103.00|128.21|50517
33074|104.50|129.71|50517
33074|106.00|131.21|50517
34077|109.50|134.71|50517
33074|113.00|138.21|50517
33074|114.50|139.71|50517
33074|116.00|141.21|50517
33074|117.50|142.71|50517
#rboss_36031_8
147.80
36031|0.00|130.72|50518
33074|0.00|30.30|50519
33074|1.50|31.80|50519
33074|3.00|33.30|50519
33074|4.50|34.80|50519
33075|8.00|38.30|50519
33074|11.50|41.80|50519
33074|13.00|43.30|50519
33074|14.50|44.80|50519
33074|16.00|46.30|50519
33075|19.50|49.80|50519
33074|23.00|53.30|50519
33074|24.50|54.80|50519
33074|26.00|56.30|50519
33074|27.50|57.80|50519
33076|31.00|61.30|50519
33074|34.50|64.80|50519
33074|36.00|66.30|50519
33074|37.50|67.80|50519
33074|39.00|69.30|50519
33075|42.50|72.80|50519
33074|46.00|76.30|50519
33074|47.50|77.80|50519
33074|49.00|79.30|50519
33074|50.50|80.80|50519
33075|54.00|84.30|50519
33074|57.50|87.80|50519
33074|59.00|89.30|50519
33074|60.50|90.80|50519
33074|62.00|92.30|50519
34077|63.50|93.80|50519
33074|67.00|97.30|50519
33074|68.50|98.80|50519
33074|70.00|100.30|50519
33074|71.50|101.80|50519
33075|75.00|105.30|50519
33074|78.50|108.80|50519
33074|80.00|110.30|50519
33074|81.50|111.80|50519
33074|83.00|113.30|50519
33075|86.50|116.80|50519
33074|90.00|120.30|50519
33074|91.50|121.80|50519
33074|93.00|123.30|50519
33074|94.50|124.80|50519
33076|98.00|128.30|50519
33074|101.50|131.80|50519
33074|103.00|133.30|50519
33074|104.50|134.80|50519
33074|106.00|136.30|50519
34077|109.50|139.80|50519
33074|113.00|143.30|50519
33074|114.50|144.80|50519
33074|116.00|146.30|50519
33074|117.50|147.80|50519
33074|0.00|28.24|50520
33074|1.50|29.74|50520
33074|3.00|31.24|50520
33074|4.50|32.74|50520
33075|8.00|36.24|50520
33074|11.50|39.74|50520
33074|13.00|41.24|50520
33074|14.50|42.74|50520
33074|16.00|44.24|50520
33075|19.50|47.74|50520
33074|23.00|51.24|50520
33074|24.50|52.74|50520
33074|26.00|54.24|50520
33074|27.50|55.74|50520
33076|31.00|59.24|50520
33074|34.50|62.74|50520
33074|36.00|64.24|50520
33074|37.50|65.74|50520
33074|39.00|67.24|50520
33075|42.50|70.74|50520
33074|46.00|74.24|50520
33074|47.50|75.74|50520
33074|49.00|77.24|50520
33074|50.50|78.74|50520
33075|54.00|82.24|50520
33074|57.50|85.74|50520
33074|59.00|87.24|50520
33074|60.50|88.74|50520
33074|62.00|90.24|50520
34077|63.50|91.74|50520
33074|67.00|95.24|50520
33074|68.50|96.74|50520
33074|70.00|98.24|50520
33074|71.50|99.74|50520
33075|75.00|103.24|50520
33074|78.50|106.74|50520
33074|80.00|108.24|50520
33074|81.50|109.74|50520
33074|83.00|111.24|50520
33075|86.50|114.74|50520
33074|90.00|118.24|50520
33074|91.50|119.74|50520
33074|93.00|121.24|50520
33074|94.50|122.74|50520
33076|98.00|126.24|50520
33074|101.50|129.74|50520
33074|103.00|131.24|50520
33074|104.50|132.74|50520
33074|106.00|134.24|50520
34077|109.50|137.74|50520
33074|113.00|141.24|50520
33074|114.50|142.74|50520
33074|116.00|144.24|50520
33074|117.50|145.74|50520
33074|0.00|27.96|50521
33074|1.50|29.46|50521
33074|3.00|30.96|50521
33074|4.50|32.46|50521
33075|8.00|35.96|50521
33074|11.50|39.46|50521
33074|13.00|40.96|50521
33074|14.50|42.46|50521
33074|16.00|43.96|50521
33075|19.50|47.46|50521
33074|23.00|50.96|50521
33074|24.50|52.46|50521
33074|26.00|53.96|50521
33074|27.50|55.46|50521
33076|31.00|58.96|50521
33074|34.50|62.46|50521
33074|36.00|63.96|50521
33074|37.50|65.46|50521
33074|39.00|66.96|50521
33075|42.50|70.46|50521
33074|46.00|73.96|50521
33074|47.50|75.46|50521
33074|49.00|76.96|50521
33074|50.50|78.46|50521
33075|54.00|81.96|50521
33074|57.50|85.46|50521
33074|59.00|86.96|50521
33074|60.50|88.46|50521
33074|62.00|89.96|50521
34077|63.50|91.46|50521
33074|67.00|94.96|50521
33074|68.50|96.46|50521
33074|70.00|97.96|50521
33074|71.50|99.46|50521
33075|75.00|102.96|50521
33074|78.50|106.46|50521
33074|80.00|107.96|50521
33074|81.50|109.46|50521
33074|83.00|110.96|50521
33075|86.50|114.46|50521
33074|90.00|117.96|50521
33074|91.50|119.46|50521
33074|93.00|120.96|50521
33074|94.50|122.46|50521
33076|98.00|125.96|50521
33074|101.50|129.46|50521
33074|103.00|130.96|50521
33074|104.50|132.46|50521
33074|106.00|133.96|50521
34077|109.50|137.46|50521
33074|113.00|140.96|50521
33074|114.50|142.46|50521
33074|116.00|143.96|50521
33074|117.50|145.46|50521
33074|0.00|25.03|50522
33074|1.50|26.53|50522
33074|3.00|28.03|50522
33074|4.50|29.53|50522
33075|8.00|33.03|50522
33074|11.50|36.53|50522
33074|13.00|38.03|50522
33074|14.50|39.53|50522
33074|16.00|41.03|50522
33075|19.50|44.53|50522
33074|23.00|48.03|50522
33074|24.50|49.53|50522
33074|26.00|51.03|50522
33074|27.50|52.53|50522
33076|31.00|56.03|50522
33074|34.50|59.53|50522
33074|36.00|61.03|50522
33074|37.50|62.53|50522
33074|39.00|64.03|50522
33075|42.50|67.53|50522
33074|46.00|71.03|50522
33074|47.50|72.53|50522
33074|49.00|74.03|50522
33074|50.50|75.53|50522
33075|54.00|79.03|50522
33074|57.50|82.53|50522
33074|59.00|84.03|50522
33074|60.50|85.53|50522
33074|62.00|87.03|50522
34077|63.50|88.53|50522
33074|67.00|92.03|50522
33074|68.50|93.53|50522
33074|70.00|95.03|50522
33074|71.50|96.53|50522
33075|75.00|100.03|50522
33074|78.50|103.53|50522
33074|80.00|105.03|50522
33074|81.50|106.53|50522
33074|83.00|108.03|50522
33075|86.50|111.53|50522
33074|90.00|115.03|50522
33074|91.50|116.53|50522
33074|93.00|118.03|50522
33074|94.50|119.53|50522
33076|98.00|123.03|50522
33074|101.50|126.53|50522
33074|103.00|128.03|50522
33074|104.50|129.53|50522
33074|106.00|131.03|50522
34077|109.50|134.53|50522
33074|113.00|138.03|50522
33074|114.50|139.53|50522
33074|116.00|141.03|50522
33074|117.50|142.53|50522
#rboss_36031_9
80.63
36031|0.00|74.02|50523
33074|0.00|27.42|50524
33074|1.50|28.92|50524
33074|3.00|30.42|50524
33074|4.50|31.92|50524
33075|8.00|35.42|50524
33074|11.50|38.92|50524
33074|13.00|40.42|50524
33074|14.50|41.92|50524
33074|16.00|43.42|50524
33076|19.50|46.92|50524
33074|23.00|50.42|50524
33074|24.50|51.92|50524
33074|26.00|53.42|50524
33074|27.50|54.92|50524
33075|31.00|58.42|50524
33074|34.50|61.92|50524
33074|36.00|63.42|50524
33074|37.50|64.92|50524
33074|39.00|66.42|50524
34077|42.50|69.92|50524
33074|46.00|73.42|50524
33074|47.50|74.92|50524
33074|49.00|76.42|50524
33074|50.50|77.92|50524
33074|0.00|30.13|50525
33074|1.50|31.63|50525
33074|3.00|33.13|50525
33074|4.50|34.63|50525
33075|8.00|38.13|50525
33074|11.50|41.63|50525
33074|13.00|43.13|50525
33074|14.50|44.63|50525
33074|16.00|46.13|50525
33076|19.50|49.63|50525
33074|23.00|53.13|50525
33074|24.50|54.63|50525
33074|26.00|56.13|50525
33074|27.50|57.63|50525
33075|31.00|61.13|50525
33074|34.50|64.63|50525
33074|36.00|66.13|50525
33074|37.50|67.63|50525
33074|39.00|69.13|50525
34077|42.50|72.63|50525
33074|46.00|76.13|50525
33074|47.50|77.63|50525
33074|49.00|79.13|50525
33074|50.50|80.63|50525
#rboss_36078_1
104.90
36078|0.00|100.26|50487
33074|0.00|30.82|50488
33074|2.00|32.82|50488
33074|4.00|34.82|50488
33074|6.00|36.82|50488
33074|8.00|38.82|50488
34077|11.00|41.82|50488
33074|14.00|44.82|50488
33074|16.00|46.82|50488
33074|18.00|48.82|50488
33074|20.00|50.82|50488
33074|22.00|52.82|50488
33076|25.00|55.82|50488
33074|28.00|58.82|50488
33074|30.00|60.82|50488
33074|32.00|62.82|50488
33074|34.00|64.82|50488
33074|36.00|66.82|50488
33075|39.00|69.82|50488
33074|42.00|72.82|50488
33074|44.00|74.82|50488
33074|46.00|76.82|50488
33074|48.00|78.82|50488
33074|50.00|80.82|50488
33075|53.00|83.82|50488
33074|56.00|86.82|50488
33074|58.00|88.82|50488
33074|60.00|90.82|50488
33074|62.00|92.82|50488
33074|64.00|94.82|50488
33075|67.00|97.82|50488
33074|70.00|100.82|50488
33074|72.00|102.82|50488
33074|74.00|104.82|50488
33074|0.00|30.90|50489
33074|2.00|32.90|50489
33074|4.00|34.90|50489
33074|6.00|36.90|50489
33074|8.00|38.90|50489
34077|11.00|41.90|50489
33074|14.00|44.90|50489
33074|16.00|46.90|50489
33074|18.00|48.90|50489
33074|20.00|50.90|50489
33074|22.00|52.90|50489
33076|25.00|55.90|50489
33074|28.00|58.90|50489
33074|30.00|60.90|50489
33074|32.00|62.90|50489
33074|34.00|64.90|50489
33074|36.00|66.90|50489
33075|39.00|69.90|50489
33074|42.00|72.90|50489
33074|44.00|74.90|50489
33074|46.00|76.90|50489
33074|48.00|78.90|50489
33074|50.00|80.90|50489
33075|53.00|83.90|50489
33074|56.00|86.90|50489
33074|58.00|88.90|50489
33074|60.00|90.90|50489
33074|62.00|92.90|50489
33074|64.00|94.90|50489
33075|67.00|97.90|50489
33074|70.00|100.90|50489
33074|72.00|102.90|50489
33074|74.00|104.90|50489
33074|0.00|30.79|50490
33074|2.00|32.79|50490
33074|4.00|34.79|50490
33074|6.00|36.79|50490
33074|8.00|38.79|50490
34077|11.00|41.79|50490
33074|14.00|44.79|50490
33074|16.00|46.79|50490
33074|18.00|48.79|50490
33074|20.00|50.79|50490
33074|22.00|52.79|50490
33076|25.00|55.79|50490
33074|28.00|58.79|50490
33074|30.00|60.79|50490
33074|32.00|62.79|50490
33074|34.00|64.79|50490
33074|36.00|66.79|50490
33075|39.00|69.79|50490
33074|42.00|72.79|50490
33074|44.00|74.79|50490
33074|46.00|76.79|50490
33074|48.00|78.79|50490
33074|50.00|80.79|50490
33075|53.00|83.79|50490
33074|56.00|86.79|50490
33074|58.00|88.79|50490
33074|60.00|90.79|50490
33074|62.00|92.79|50490
33074|64.00|94.79|50490
33075|67.00|97.79|50490
33074|70.00|100.79|50490
33074|72.00|102.79|50490
33074|74.00|104.79|50490
#rboss_36078_10
80.58
36078|0.00|73.75|50526
33074|0.00|27.21|50527
33074|1.50|28.71|50527
33074|3.00|30.21|50527
33074|4.50|31.71|50527
33075|8.00|35.21|50527
33074|11.50|38.71|50527
33074|13.00|40.21|50527
33074|14.50|41.71|50527
33074|16.00|43.21|50527
33076|19.50|46.71|50527
33074|23.00|50.21|50527
33074|24.50|51.71|50527
33074|26.00|53.21|50527
33074|27.50|54.71|50527
33075|31.00|58.21|50527
33074|34.50|61.71|50527
33074|36.00|63.21|50527
33074|37.50|64.71|50527
33074|39.00|66.21|50527
34077|42.50|69.71|50527
33074|46.00|73.21|50527
33074|47.50|74.71|50527
33074|49.00|76.21|50527
33074|50.50|77.71|50527
33074|0.00|30.08|50528
33074|1.50|31.58|50528
33074|3.00|33.08|50528
33074|4.50|34.58|50528
33075|8.00|38.08|50528
33074|11.50|41.58|50528
33074|13.00|43.08|50528
33074|14.50|44.58|50528
33074|16.00|46.08|50528
33076|19.50|49.58|50528
33074|23.00|53.08|50528
33074|24.50|54.58|50528
33074|26.00|56.08|50528
33074|27.50|57.58|50528
33075|31.00|61.08|50528
33074|34.50|64.58|50528
33074|36.00|66.08|50528
33074|37.50|67.58|50528
33074|39.00|69.08|50528
34077|42.50|72.58|50528
33074|46.00|76.08|50528
33074|47.50|77.58|50528
33074|49.00|79.08|50528
33074|50.50|80.58|50528
#rboss_36078_11
80.35
36078|0.00|74.11|50529
33074|0.00|27.24|50530
33074|1.50|28.74|50530
33074|3.00|30.24|50530
33074|4.50|31.74|50530
33075|8.00|35.24|50530
33074|11.50|38.74|50530
33074|13.00|40.24|50530
33074|14.50|41.74|50530
33074|16.00|43.24|50530
33076|19.50|46.74|50530
33074|23.00|50.24|50530
33074|24.50|51.74|50530
33074|26.00|53.24|50530
33074|27.50|54.74|50530
33075|31.00|58.24|50530
33074|34.50|61.74|50530
33074|36.00|63.24|50530
33074|37.50|64.74|50530
33074|39.00|66.24|50530
34077|42.50|69.74|50530
33074|46.00|73.24|50530
33074|47.50|74.74|50530
33074|49.00|76.24|50530
33074|50.50|77.74|50530
33074|0.00|29.85|50531
33074|1.50|31.35|50531
33074|3.00|32.85|50531
33074|4.50|34.35|50531
33075|8.00|37.85|50531
33074|11.50|41.35|50531
33074|13.00|42.85|50531
33074|14.50|44.35|50531
33074|16.00|45.85|50531
33076|19.50|49.35|50531
33074|23.00|52.85|50531
33074|24.50|54.35|50531
33074|26.00|55.85|50531
33074|27.50|57.35|50531
33075|31.00|60.85|50531
33074|34.50|64.35|50531
33074|36.00|65.85|50531
33074|37.50|67.35|50531
33074|39.00|68.85|50531
34077|42.50|72.35|50531
33074|46.00|75.85|50531
33074|47.50|77.35|50531
33074|49.00|78.85|50531
33074|50.50|80.35|50531
#rboss_36078_12
80.84
36078|0.00|73.24|50532
33074|0.00|26.98|50533
33074|1.50|28.48|50533
33074|3.00|29.98|50533
33074|4.50|31.48|50533
33075|8.00|34.98|50533
33074|11.50|38.48|50533
33074|13.00|39.98|50533
33074|14.50|41.48|50533
33074|16.00|42.98|50533
33076|19.50|46.48|50533
33074|23.00|49.98|50533
33074|24.50|51.48|50533
33074|26.00|52.98|50533
33074|27.50|54.48|50533
33075|31.00|57.98|50533
33074|34.50|61.48|50533
33074|36.00|62.98|50533
33074|37.50|64.48|50533
33074|39.00|65.98|50533
34077|42.50|69.48|50533
33074|46.00|72.98|50533
33074|47.50|74.48|50533
33074|49.00|75.98|50533
33074|50.50|77.48|50533
33074|0.00|30.34|50534
33074|1.50|31.84|50534
33074|3.00|33.34|50534
33074|4.50|34.84|50534
33075|8.00|38.34|50534
33074|11.50|41.84|50534
33074|13.00|43.34|50534
33074|14.50|44.84|50534
33074|16.00|46.34|50534
33076|19.50|49.84|50534
33074|23.00|53.34|50534
33074|24.50|54.84|50534
33074|26.00|56.34|50534
33074|27.50|57.84|50534
33075|31.00|61.34|50534
33074|34.50|64.84|50534
33074|36.00|66.34|50534
33074|37.50|67.84|50534
33074|39.00|69.34|50534
34077|42.50|72.84|50534
33074|46.00|76.34|50534
33074|47.50|77.84|50534
33074|49.00|79.34|50534
33074|50.50|80.84|50534
#rboss_36078_2
105.04
36078|0.00|100.26|50491
33074|0.00|30.85|50492
33074|2.00|32.85|50492
33074|4.00|34.85|50492
33074|6.00|36.85|50492
33074|8.00|38.85|50492
34077|11.00|41.85|50492
33074|14.00|44.85|50492
33074|16.00|46.85|50492
33074|18.00|48.85|50492
33074|20.00|50.85|50492
33074|22.00|52.85|50492
33076|25.00|55.85|50492
33074|28.00|58.85|50492
33074|30.00|60.85|50492
33074|32.00|62.85|50492
33074|34.00|64.85|50492
33074|36.00|66.85|50492
33075|39.00|69.85|50492
33074|42.00|72.85|50492
33074|44.00|74.85|50492
33074|46.00|76.85|50492
33074|48.00|78.85|50492
33074|50.00|80.85|50492
33075|53.00|83.85|50492
33074|56.00|86.85|50492
33074|58.00|88.85|50492
33074|60.00|90.85|50492
33074|62.00|92.85|50492
33074|64.00|94.85|50492
33075|67.00|97.85|50492
33074|70.00|100.85|50492
33074|72.00|102.85|50492
33074|74.00|104.85|50492
33074|0.00|31.04|50493
33074|2.00|33.04|50493
33074|4.00|35.04|50493
33074|6.00|37.04|50493
33074|8.00|39.04|50493
34077|11.00|42.04|50493
33074|14.00|45.04|50493
33074|16.00|47.04|50493
33074|18.00|49.04|50493
33074|20.00|51.04|50493
33074|22.00|53.04|50493
33076|25.00|56.04|50493
33074|28.00|59.04|50493
33074|30.00|61.04|50493
33074|32.00|63.04|50493
33074|34.00|65.04|50493
33074|36.00|67.04|50493
33075|39.00|70.04|50493
33074|42.00|73.04|50493
33074|44.00|75.04|50493
33074|46.00|77.04|50493
33074|48.00|79.04|50493
33074|50.00|81.04|50493
33075|53.00|84.04|50493
33074|56.00|87.04|50493
33074|58.00|89.04|50493
33074|60.00|91.04|50493
33074|62.00|93.04|50493
33074|64.00|95.04|50493
33075|67.00|98.04|50493
33074|70.00|101.04|50493
33074|72.00|103.04|50493
33074|74.00|105.04|50493
33074|0.00|30.83|50494
33074|2.00|32.83|50494
33074|4.00|34.83|50494
33074|6.00|36.83|50494
33074|8.00|38.83|50494
34077|11.00|41.83|50494
33074|14.00|44.83|50494
33074|16.00|46.83|50494
33074|18.00|48.83|50494
33074|20.00|50.83|50494
33074|22.00|52.83|50494
33076|25.00|55.83|50494
33074|28.00|58.83|50494
33074|30.00|60.83|50494
33074|32.00|62.83|50494
33074|34.00|64.83|50494
33074|36.00|66.83|50494
33075|39.00|69.83|50494
33074|42.00|72.83|50494
33074|44.00|74.83|50494
33074|46.00|76.83|50494
33074|48.00|78.83|50494
33074|50.00|80.83|50494
33075|53.00|83.83|50494
33074|56.00|86.83|50494
33074|58.00|88.83|50494
33074|60.00|90.83|50494
33074|62.00|92.83|50494
33074|64.00|94.83|50494
33075|67.00|97.83|50494
33074|70.00|100.83|50494
33074|72.00|102.83|50494
33074|74.00|104.83|50494
#rboss_36078_3
104.97
36078|0.00|100.26|50495
33074|0.00|30.81|50496
33074|2.00|32.81|50496
33074|4.00|34.81|50496
33074|6.00|36.81|50496
33074|8.00|38.81|50496
34077|11.00|41.81|50496
33074|14.00|44.81|50496
33074|16.00|46.81|50496
33074|18.00|48.81|50496
33074|20.00|50.81|50496
33074|22.00|52.81|50496
33076|25.00|55.81|50496
33074|28.00|58.81|50496
33074|30.00|60.81|50496
33074|32.00|62.81|50496
33074|34.00|64.81|50496
33074|36.00|66.81|50496
33075|39.00|69.81|50496
33074|42.00|72.81|50496
33074|44.00|74.81|50496
33074|46.00|76.81|50496
33074|48.00|78.81|50496
33074|50.00|80.81|50496
33075|53.00|83.81|50496
33074|56.00|86.81|50496
33074|58.00|88.81|50496
33074|60.00|90.81|50496
33074|62.00|92.81|50496
33074|64.00|94.81|50496
33075|67.00|97.81|50496
33074|70.00|100.81|50496
33074|72.00|102.81|50496
33074|74.00|104.81|50496
33074|0.00|30.97|50497
33074|2.00|32.97|50497
33074|4.00|34.97|50497
33074|6.00|36.97|50497
33074|8.00|38.97|50497
34077|11.00|41.97|50497
33074|14.00|44.97|50497
33074|16.00|46.97|50497
33074|18.00|48.97|50497
33074|20.00|50.97|50497
33074|22.00|52.97|50497
33076|25.00|55.97|50497
33074|28.00|58.97|50497
33074|30.00|60.97|50497
33074|32.00|62.97|50497
33074|34.00|64.97|50497
33074|36.00|66.97|50497
33075|39.00|69.97|50497
33074|42.00|72.97|50497
33074|44.00|74.97|50497
33074|46.00|76.97|50497
33074|48.00|78.97|50497
33074|50.00|80.97|50497
33075|53.00|83.97|50497
33074|56.00|86.97|50497
33074|58.00|88.97|50497
33074|60.00|90.97|50497
33074|62.00|92.97|50497
33074|64.00|94.97|50497
33075|67.00|97.97|50497
33074|70.00|100.97|50497
33074|72.00|102.97|50497
33074|74.00|104.97|50497
33074|0.00|30.72|50498
33074|2.00|32.72|50498
33074|4.00|34.72|50498
33074|6.00|36.72|50498
33074|8.00|38.72|50498
34077|11.00|41.72|50498
33074|14.00|44.72|50498
33074|16.00|46.72|50498
33074|18.00|48.72|50498
33074|20.00|50.72|50498
33074|22.00|52.72|50498
33076|25.00|55.72|50498
33074|28.00|58.72|50498
33074|30.00|60.72|50498
33074|32.00|62.72|50498
33074|34.00|64.72|50498
33074|36.00|66.72|50498
33075|39.00|69.72|50498
33074|42.00|72.72|50498
33074|44.00|74.72|50498
33074|46.00|76.72|50498
33074|48.00|78.72|50498
33074|50.00|80.72|50498
33075|53.00|83.72|50498
33074|56.00|86.72|50498
33074|58.00|88.72|50498
33074|60.00|90.72|50498
33074|62.00|92.72|50498
33074|64.00|94.72|50498
33075|67.00|97.72|50498
33074|70.00|100.72|50498
33074|72.00|102.72|50498
33074|74.00|104.72|50498
#rboss_36078_4
104.91
36078|0.00|100.26|50499
33074|0.00|30.81|50500
33074|2.00|32.81|50500
33074|4.00|34.81|50500
33074|6.00|36.81|50500
33074|8.00|38.81|50500
34077|11.00|41.81|50500
33074|14.00|44.81|50500
33074|16.00|46.81|50500
33074|18.00|48.81|50500
33074|20.00|50.81|50500
33074|22.00|52.81|50500
33076|25.00|55.81|50500
33074|28.00|58.81|50500
33074|30.00|60.81|50500
33074|32.00|62.81|50500
33074|34.00|64.81|50500
33074|36.00|66.81|50500
33075|39.00|69.81|50500
33074|42.00|72.81|50500
33074|44.00|74.81|50500
33074|46.00|76.81|50500
33074|48.00|78.81|50500
33074|50.00|80.81|50500
33075|53.00|83.81|50500
33074|56.00|86.81|50500
33074|58.00|88.81|50500
33074|60.00|90.81|50500
33074|62.00|92.81|50500
33074|64.00|94.81|50500
33075|67.00|97.81|50500
33074|70.00|100.81|50500
33074|72.00|102.81|50500
33074|74.00|104.81|50500
33074|0.00|30.91|50501
33074|2.00|32.91|50501
33074|4.00|34.91|50501
33074|6.00|36.91|50501
33074|8.00|38.91|50501
34077|11.00|41.91|50501
33074|14.00|44.91|50501
33074|16.00|46.91|50501
33074|18.00|48.91|50501
33074|20.00|50.91|50501
33074|22.00|52.91|50501
33076|25.00|55.91|50501
33074|28.00|58.91|50501
33074|30.00|60.91|50501
33074|32.00|62.91|50501
33074|34.00|64.91|50501
33074|36.00|66.91|50501
33075|39.00|69.91|50501
33074|42.00|72.91|50501
33074|44.00|74.91|50501
33074|46.00|76.91|50501
33074|48.00|78.91|50501
33074|50.00|80.91|50501
33075|53.00|83.91|50501
33074|56.00|86.91|50501
33074|58.00|88.91|50501
33074|60.00|90.91|50501
33074|62.00|92.91|50501
33074|64.00|94.91|50501
33075|67.00|97.91|50501
33074|70.00|100.91|50501
33074|72.00|102.91|50501
33074|74.00|104.91|50501
33074|0.00|30.79|50502
33074|2.00|32.79|50502
33074|4.00|34.79|50502
33074|6.00|36.79|50502
33074|8.00|38.79|50502
34077|11.00|41.79|50502
33074|14.00|44.79|50502
33074|16.00|46.79|50502
33074|18.00|48.79|50502
33074|20.00|50.79|50502
33074|22.00|52.79|50502
33076|25.00|55.79|50502
33074|28.00|58.79|50502
33074|30.00|60.79|50502
33074|32.00|62.79|50502
33074|34.00|64.79|50502
33074|36.00|66.79|50502
33075|39.00|69.79|50502
33074|42.00|72.79|50502
33074|44.00|74.79|50502
33074|46.00|76.79|50502
33074|48.00|78.79|50502
33074|50.00|80.79|50502
33075|53.00|83.79|50502
33074|56.00|86.79|50502
33074|58.00|88.79|50502
33074|60.00|90.79|50502
33074|62.00|92.79|50502
33074|64.00|94.79|50502
33075|67.00|97.79|50502
33074|70.00|100.79|50502
33074|72.00|102.79|50502
33074|74.00|104.79|50502
#rboss_36078_5
147.79
36078|0.00|130.61|50503
33074|0.00|30.29|50504
33074|1.50|31.79|50504
33074|3.00|33.29|50504
33074|4.50|34.79|50504
33075|8.00|38.29|50504
33074|11.50|41.79|50504
33074|13.00|43.29|50504
33074|14.50|44.79|50504
33074|16.00|46.29|50504
33075|19.50|49.79|50504
33074|23.00|53.29|50504
33074|24.50|54.79|50504
33074|26.00|56.29|50504
33074|27.50|57.79|50504
33076|31.00|61.29|50504
33074|34.50|64.79|50504
33074|36.00|66.29|50504
33074|37.50|67.79|50504
33074|39.00|69.29|50504
33075|42.50|72.79|50504
33074|46.00|76.29|50504
33074|47.50|77.79|50504
33074|49.00|79.29|50504
33074|50.50|80.79|50504
33075|54.00|84.29|50504
33074|57.50|87.79|50504
33074|59.00|89.29|50504
33074|60.50|90.79|50504
33074|62.00|92.29|50504
34077|63.50|93.79|50504
33074|67.00|97.29|50504
33074|68.50|98.79|50504
33074|70.00|100.29|50504
33074|71.50|101.79|50504
33075|75.00|105.29|50504
33074|78.50|108.79|50504
33074|80.00|110.29|50504
33074|81.50|111.79|50504
33074|83.00|113.29|50504
33075|86.50|116.79|50504
33074|90.00|120.29|50504
33074|91.50|121.79|50504
33074|93.00|123.29|50504
33074|94.50|124.79|50504
33076|98.00|128.29|50504
33074|101.50|131.79|50504
33074|103.00|133.29|50504
33074|104.50|134.79|50504
33074|106.00|136.29|50504
34077|109.50|139.79|50504
33074|113.00|143.29|50504
33074|114.50|144.79|50504
33074|116.00|146.29|50504
33074|117.50|147.79|50504
33074|0.00|28.17|50505
33074|1.50|29.67|50505
33074|3.00|31.17|50505
33074|4.50|32.67|50505
33075|8.00|36.17|50505
33074|11.50|39.67|50505
33074|13.00|41.17|50505
33074|14.50|42.67|50505
33074|16.00|44.17|50505
33075|19.50|47.67|50505
33074|23.00|51.17|50505
33074|24.50|52.67|50505
33074|26.00|54.17|50505
33074|27.50|55.67|50505
33076|31.00|59.17|50505
33074|34.50|62.67|50505
33074|36.00|64.17|50505
33074|37.50|65.67|50505
33074|39.00|67.17|50505
33075|42.50|70.67|50505
33074|46.00|74.17|50505
33074|47.50|75.67|50505
33074|49.00|77.17|50505
33074|50.50|78.67|50505
33075|54.00|82.17|50505
33074|57.50|85.67|50505
33074|59.00|87.17|50505
33074|60.50|88.67|50505
33074|62.00|90.17|50505
34077|63.50|91.67|50505
33074|67.00|95.17|50505
33074|68.50|96.67|50505
33074|70.00|98.17|50505
33074|71.50|99.67|50505
33075|75.00|103.17|50505
33074|78.50|106.67|50505
33074|80.00|108.17|50505
33074|81.50|109.67|50505
33074|83.00|111.17|50505
33075|86.50|114.67|50505
33074|90.00|118.17|50505
33074|91.50|119.67|50505
33074|93.00|121.17|50505
33074|94.50|122.67|50505
33076|98.00|126.17|50505
33074|101.50|129.67|50505
33074|103.00|131.17|50505
33074|104.50|132.67|50505
33074|106.00|134.17|50505
34077|109.50|137.67|50505
33074|113.00|141.17|50505
33074|114.50|142.67|50505
33074|116.00|144.17|50505
33074|117.50|145.67|50505
33074|0.00|27.30|50506
33074|1.50|28.80|50506
33074|3.00|30.30|50506
33074|4.50|31.80|50506
33075|8.00|35.30|50506
33074|11.50|38.80|50506
33074|13.00|40.30|50506
33074|14.50|41.80|50506
33074|16.00|43.30|50506
33075|19.50|46.80|50506
33074|23.00|50.30|50506
33074|24.50|51.80|50506
33074|26.00|53.30|50506
33074|27.50|54.80|50506
33076|31.00|58.30|50506
33074|34.50|61.80|50506
33074|36.00|63.30|50506
33074|37.50|64.80|50506
33074|39.00|66.30|50506
33075|42.50|69.80|50506
33074|46.00|73.30|50506
33074|47.50|74.80|50506
33074|49.00|76.30|50506
33074|50.50|77.80|50506
33075|54.00|81.30|50506
33074|57.50|84.80|50506
33074|59.00|86.30|50506
33074|60.50|87.80|50506
33074|62.00|89.30|50506
34077|63.50|90.80|50506
33074|67.00|94.30|50506
33074|68.50|95.80|50506
33074|70.00|97.30|50506
33074|71.50|98.80|50506
33075|75.00|102.30|50506
33074|78.50|105.80|50506
33074|80.00|107.30|50506
33074|81.50|108.80|50506
33074|83.00|110.30|50506
33075|86.50|113.80|50506
33074|90.00|117.30|50506
33074|91.50|118.80|50506
33074|93.00|120.30|50506
33074|94.50|121.80|50506
33076|98.00|125.30|50506
33074|101.50|128.80|50506
33074|103.00|130.30|50506
33074|104.50|131.80|50506
33074|106.00|133.30|50506
34077|109.50|136.80|50506
33074|113.00|140.30|50506
33074|114.50|141.80|50506
33074|116.00|143.30|50506
33074|117.50|144.80|50506
33074|0.00|25.17|50507
33074|1.50|26.67|50507
33074|3.00|28.17|50507
33074|4.50|29.67|50507
33075|8.00|33.17|50507
33074|11.50|36.67|50507
33074|13.00|38.17|50507
33074|14.50|39.67|50507
33074|16.00|41.17|50507
33075|19.50|44.67|50507
33074|23.00|48.17|50507
33074|24.50|49.67|50507
33074|26.00|51.17|50507
33074|27.50|52.67|50507
33076|31.00|56.17|50507
33074|34.50|59.67|50507
33074|36.00|61.17|50507
33074|37.50|62.67|50507
33074|39.00|64.17|50507
33075|42.50|67.67|50507
33074|46.00|71.17|50507
33074|47.50|72.67|50507
33074|49.00|74.17|50507
33074|50.50|75.67|50507
33075|54.00|79.17|50507
33074|57.50|82.67|50507
33074|59.00|84.17|50507
33074|60.50|85.67|50507
33074|62.00|87.17|50507
34077|63.50|88.67|50507
33074|67.00|92.17|50507
33074|68.50|93.67|50507
33074|70.00|95.17|50507
33074|71.50|96.67|50507
33075|75.00|100.17|50507
33074|78.50|103.67|50507
33074|80.00|105.17|50507
33074|81.50|106.67|50507
33074|83.00|108.17|50507
33075|86.50|111.67|50507
33074|90.00|115.17|50507
33074|91.50|116.67|50507
33074|93.00|118.17|50507
33074|94.50|119.67|50507
33076|98.00|123.17|50507
33074|101.50|126.67|50507
33074|103.00|128.17|50507
33074|104.50|129.67|50507
33074|106.00|131.17|50507
34077|109.50|134.67|50507
33074|113.00|138.17|50507
33074|114.50|139.67|50507
33074|116.00|141.17|50507
33074|117.50|142.67|50507
#rboss_36078_6
147.83
36078|0.00|130.62|50508
33074|0.00|30.33|50509
33074|1.50|31.83|50509
33074|3.00|33.33|50509
33074|4.50|34.83|50509
33075|8.00|38.33|50509
33074|11.50|41.83|50509
33074|13.00|43.33|50509
33074|14.50|44.83|50509
33074|16.00|46.33|50509
33075|19.50|49.83|50509
33074|23.00|53.33|50509
33074|24.50|54.83|50509
33074|26.00|56.33|50509
33074|27.50|57.83|50509
33076|31.00|61.33|50509
33074|34.50|64.83|50509
33074|36.00|66.33|50509
33074|37.50|67.83|50509
33074|39.00|69.33|50509
33075|42.50|72.83|50509
33074|46.00|76.33|50509
33074|47.50|77.83|50509
33074|49.00|79.33|50509
33074|50.50|80.83|50509
33075|54.00|84.33|50509
33074|57.50|87.83|50509
33074|59.00|89.33|50509
33074|60.50|90.83|50509
33074|62.00|92.33|50509
34077|63.50|93.83|50509
33074|67.00|97.33|50509
33074|68.50|98.83|50509
33074|70.00|100.33|50509
33074|71.50|101.83|50509
33075|75.00|105.33|50509
33074|78.50|108.83|50509
33074|80.00|110.33|50509
33074|81.50|111.83|50509
33074|83.00|113.33|50509
33075|86.50|116.83|50509
33074|90.00|120.33|50509
33074|91.50|121.83|50509
33074|93.00|123.33|50509
33074|94.50|124.83|50509
33076|98.00|128.33|50509
33074|101.50|131.83|50509
33074|103.00|133.33|50509
33074|104.50|134.83|50509
33074|106.00|136.33|50509
34077|109.50|139.83|50509
33074|113.00|143.33|50509
33074|114.50|144.83|50509
33074|116.00|146.33|50509
33074|117.50|147.83|50509
33074|0.00|28.17|50510
33074|1.50|29.67|50510
33074|3.00|31.17|50510
33074|4.50|32.67|50510
33075|8.00|36.17|50510
33074|11.50|39.67|50510
33074|13.00|41.17|50510
33074|14.50|42.67|50510
33074|16.00|44.17|50510
33075|19.50|47.67|50510
33074|23.00|51.17|50510
33074|24.50|52.67|50510
33074|26.00|54.17|50510
33074|27.50|55.67|50510
33076|31.00|59.17|50510
33074|34.50|62.67|50510
33074|36.00|64.17|50510
33074|37.50|65.67|50510
33074|39.00|67.17|50510
33075|42.50|70.67|50510
33074|46.00|74.17|50510
33074|47.50|75.67|50510
33074|49.00|77.17|50510
33074|50.50|78.67|50510
33075|54.00|82.17|50510
33074|57.50|85.67|50510
33074|59.00|87.17|50510
33074|60.50|88.67|50510
33074|62.00|90.17|50510
34077|63.50|91.67|50510
33074|67.00|95.17|50510
33074|68.50|96.67|50510
33074|70.00|98.17|50510
33074|71.50|99.67|50510
33075|75.00|103.17|50510
33074|78.50|106.67|50510
33074|80.00|108.17|50510
33074|81.50|109.67|50510
33074|83.00|111.17|50510
33075|86.50|114.67|50510
33074|90.00|118.17|50510
33074|91.50|119.67|50510
33074|93.00|121.17|50510
33074|94.50|122.67|50510
33076|98.00|126.17|50510
33074|101.50|129.67|50510
33074|103.00|131.17|50510
33074|104.50|132.67|50510
33074|106.00|134.17|50510
34077|109.50|137.67|50510
33074|113.00|141.17|50510
33074|114.50|142.67|50510
33074|116.00|144.17|50510
33074|117.50|145.67|50510
33074|0.00|27.24|50511
33074|1.50|28.74|50511
33074|3.00|30.24|50511
33074|4.50|31.74|50511
33075|8.00|35.24|50511
33074|11.50|38.74|50511
33074|13.00|40.24|50511
33074|14.50|41.74|50511
33074|16.00|43.24|50511
33075|19.50|46.74|50511
33074|23.00|50.24|50511
33074|24.50|51.74|50511
33074|26.00|53.24|50511
33074|27.50|54.74|50511
33076|31.00|58.24|50511
33074|34.50|61.74|50511
33074|36.00|63.24|50511
33074|37.50|64.74|50511
33074|39.00|66.24|50511
33075|42.50|69.74|50511
33074|46.00|73.24|50511
33074|47.50|74.74|50511
33074|49.00|76.24|50511
33074|50.50|77.74|50511
33075|54.00|81.24|50511
33074|57.50|84.74|50511
33074|59.00|86.24|50511
33074|60.50|87.74|50511
33074|62.00|89.24|50511
34077|63.50|90.74|50511
33074|67.00|94.24|50511
33074|68.50|95.74|50511
33074|70.00|97.24|50511
33074|71.50|98.74|50511
33075|75.00|102.24|50511
33074|78.50|105.74|50511
33074|80.00|107.24|50511
33074|81.50|108.74|50511
33074|83.00|110.24|50511
33075|86.50|113.74|50511
33074|90.00|117.24|50511
33074|91.50|118.74|50511
33074|93.00|120.24|50511
33074|94.50|121.74|50511
33076|98.00|125.24|50511
33074|101.50|128.74|50511
33074|103.00|130.24|50511
33074|104.50|131.74|50511
33074|106.00|133.24|50511
34077|109.50|136.74|50511
33074|113.00|140.24|50511
33074|114.50|141.74|50511
33074|116.00|143.24|50511
33074|117.50|144.74|50511
33074|0.00|25.43|50512
33074|1.50|26.93|50512
33074|3.00|28.43|50512
33074|4.50|29.93|50512
33075|8.00|33.43|50512
33074|11.50|36.93|50512
33074|13.00|38.43|50512
33074|14.50|39.93|50512
33074|16.00|41.43|50512
33075|19.50|44.93|50512
33074|23.00|48.43|50512
33074|24.50|49.93|50512
33074|26.00|51.43|50512
33074|27.50|52.93|50512
33076|31.00|56.43|50512
33074|34.50|59.93|50512
33074|36.00|61.43|50512
33074|37.50|62.93|50512
33074|39.00|64.43|50512
33075|42.50|67.93|50512
33074|46.00|71.43|50512
33074|47.50|72.93|50512
33074|49.00|74.43|50512
33074|50.50|75.93|50512
33075|54.00|79.43|50512
33074|57.50|82.93|50512
33074|59.00|84.43|50512
33074|60.50|85.93|50512
33074|62.00|87.43|50512
34077|63.50|88.93|50512
33074|67.00|92.43|50512
33074|68.50|93.93|50512
33074|70.00|95.43|50512
33074|71.50|96.93|50512
33075|75.00|100.43|50512
33074|78.50|103.93|50512
33074|80.00|105.43|50512
33074|81.50|106.93|50512
33074|83.00|108.43|50512
33075|86.50|111.93|50512
33074|90.00|115.43|50512
33074|91.50|116.93|50512
33074|93.00|118.43|50512
33074|94.50|119.93|50512
33076|98.00|123.43|50512
33074|101.50|126.93|50512
33074|103.00|128.43|50512
33074|104.50|129.93|50512
33074|106.00|131.43|50512
34077|109.50|134.93|50512
33074|113.00|138.43|50512
33074|114.50|139.93|50512
33074|116.00|141.43|50512
33074|117.50|142.93|50512
#rboss_36078_7
147.79
36078|0.00|130.70|50513
33074|0.00|30.29|50514
33074|1.50|31.79|50514
33074|3.00|33.29|50514
33074|4.50|34.79|50514
33075|8.00|38.29|50514
33074|11.50|41.79|50514
33074|13.00|43.29|50514
33074|14.50|44.79|50514
33074|16.00|46.29|50514
33075|19.50|49.79|50514
33074|23.00|53.29|50514
33074|24.50|54.79|50514
33074|26.00|56.29|50514
33074|27.50|57.79|50514
33076|31.00|61.29|50514
33074|34.50|64.79|50514
33074|36.00|66.29|50514
33074|37.50|67.79|50514
33074|39.00|69.29|50514
33075|42.50|72.79|50514
33074|46.00|76.29|50514
33074|47.50|77.79|50514
33074|49.00|79.29|50514
33074|50.50|80.79|50514
33075|54.00|84.29|50514
33074|57.50|87.79|50514
33074|59.00|89.29|50514
33074|60.50|90.79|50514
33074|62.00|92.29|50514
34077|63.50|93.79|50514
33074|67.00|97.29|50514
33074|68.50|98.79|50514
33074|70.00|100.29|50514
33074|71.50|101.79|50514
33075|75.00|105.29|50514
33074|78.50|108.79|50514
33074|80.00|110.29|50514
33074|81.50|111.79|50514
33074|83.00|113.29|50514
33075|86.50|116.79|50514
33074|90.00|120.29|50514
33074|91.50|121.79|50514
33074|93.00|123.29|50514
33074|94.50|124.79|50514
33076|98.00|128.29|50514
33074|101.50|131.79|50514
33074|103.00|133.29|50514
33074|104.50|134.79|50514
33074|106.00|136.29|50514
34077|109.50|139.79|50514
33074|113.00|143.29|50514
33074|114.50|144.79|50514
33074|116.00|146.29|50514
33074|117.50|147.79|50514
33074|0.00|28.10|50515
33074|1.50|29.60|50515
33074|3.00|31.10|50515
33074|4.50|32.60|50515
33075|8.00|36.10|50515
33074|11.50|39.60|50515
33074|13.00|41.10|50515
33074|14.50|42.60|50515
33074|16.00|44.10|50515
33075|19.50|47.60|50515
33074|23.00|51.10|50515
33074|24.50|52.60|50515
33074|26.00|54.10|50515
33074|27.50|55.60|50515
33076|31.00|59.10|50515
33074|34.50|62.60|50515
33074|36.00|64.10|50515
33074|37.50|65.60|50515
33074|39.00|67.10|50515
33075|42.50|70.60|50515
33074|46.00|74.10|50515
33074|47.50|75.60|50515
33074|49.00|77.10|50515
33074|50.50|78.60|50515
33075|54.00|82.10|50515
33074|57.50|85.60|50515
33074|59.00|87.10|50515
33074|60.50|88.60|50515
33074|62.00|90.10|50515
34077|63.50|91.60|50515
33074|67.00|95.10|50515
33074|68.50|96.60|50515
33074|70.00|98.10|50515
33074|71.50|99.60|50515
33075|75.00|103.10|50515
33074|78.50|106.60|50515
33074|80.00|108.10|50515
33074|81.50|109.60|50515
33074|83.00|111.10|50515
33075|86.50|114.60|50515
33074|90.00|118.10|50515
33074|91.50|119.60|50515
33074|93.00|121.10|50515
33074|94.50|122.60|50515
33076|98.00|126.10|50515
33074|101.50|129.60|50515
33074|103.00|131.10|50515
33074|104.50|132.60|50515
33074|106.00|134.10|50515
34077|109.50|137.60|50515
33074|113.00|141.10|50515
33074|114.50|142.60|50515
33074|116.00|144.10|50515
33074|117.50|145.60|50515
33074|0.00|27.89|50516
33074|1.50|29.39|50516
33074|3.00|30.89|50516
33074|4.50|32.39|50516
33075|8.00|35.89|50516
33074|11.50|39.39|50516
33074|13.00|40.89|50516
33074|14.50|42.39|50516
33074|16.00|43.89|50516
33075|19.50|47.39|50516
33074|23.00|50.89|50516
33074|24.50|52.39|50516
33074|26.00|53.89|50516
33074|27.50|55.39|50516
33076|31.00|58.89|50516
33074|34.50|62.39|50516
33074|36.00|63.89|50516
33074|37.50|65.39|50516
33074|39.00|66.89|50516
33075|42.50|70.39|50516
33074|46.00|73.89|50516
33074|47.50|75.39|50516
33074|49.00|76.89|50516
33074|50.50|78.39|50516
33075|54.00|81.89|50516
33074|57.50|85.39|50516
33074|59.00|86.89|50516
33074|60.50|88.39|50516
33074|62.00|89.89|50516
34077|63.50|91.39|50516
33074|67.00|94.89|50516
33074|68.50|96.39|50516
33074|70.00|97.89|50516
33074|71.50|99.39|50516
33075|75.00|102.89|50516
33074|78.50|106.39|50516
33074|80.00|107.89|50516
33074|81.50|109.39|50516
33074|83.00|110.89|50516
33075|86.50|114.39|50516
33074|90.00|117.89|50516
33074|91.50|119.39|50516
33074|93.00|120.89|50516
33074|94.50|122.39|50516
33076|98.00|125.89|50516
33074|101.50|129.39|50516
33074|103.00|130.89|50516
33074|104.50|132.39|50516
33074|106.00|133.89|50516
34077|109.50|137.39|50516
33074|113.00|140.89|50516
33074|114.50|142.39|50516
33074|116.00|143.89|50516
33074|117.50|145.39|50516
33074|0.00|25.21|50517
33074|1.50|26.71|50517
33074|3.00|28.21|50517
33074|4.50|29.71|50517
33075|8.00|33.21|50517
33074|11.50|36.71|50517
33074|13.00|38.21|50517
33074|14.50|39.71|50517
33074|16.00|41.21|50517
33075|19.50|44.71|50517
33074|23.00|48.21|50517
33074|24.50|49.71|50517
33074|26.00|51.21|50517
33074|27.50|52.71|50517
33076|31.00|56.21|50517
33074|34.50|59.71|50517
33074|36.00|61.21|50517
33074|37.50|62.71|50517
33074|39.00|64.21|50517
33075|42.50|67.71|50517
33074|46.00|71.21|50517
33074|47.50|72.71|50517
33074|49.00|74.21|50517
33074|50.50|75.71|50517
33075|54.00|79.21|50517
33074|57.50|82.71|50517
33074|59.00|84.21|50517
33074|60.50|85.71|50517
33074|62.00|87.21|50517
34077|63.50|88.71|50517
33074|67.00|92.21|50517
33074|68.50|93.71|50517
33074|70.00|95.21|50517
33074|71.50|96.71|50517
33075|75.00|100.21|50517
33074|78.50|103.71|50517
33074|80.00|105.21|50517
33074|81.50|106.71|50517
33074|83.00|108.21|50517
33075|86.50|111.71|50517
33074|90.00|115.21|50517
33074|91.50|116.71|50517
33074|93.00|118.21|50517
33074|94.50|119.71|50517
33076|98.00|123.21|50517
33074|101.50|126.71|50517
33074|103.00|128.21|50517
33074|104.50|129.71|50517
33074|106.00|131.21|50517
34077|109.50|134.71|50517
33074|113.00|138.21|50517
33074|114.50|139.71|50517
33074|116.00|141.21|50517
33074|117.50|142.71|50517
#rboss_36078_8
147.80
36078|0.00|130.72|50518
33074|0.00|30.30|50519
33074|1.50|31.80|50519
33074|3.00|33.30|50519
33074|4.50|34.80|50519
33075|8.00|38.30|50519
33074|11.50|41.80|50519
33074|13.00|43.30|50519
33074|14.50|44.80|50519
33074|16.00|46.30|50519
33075|19.50|49.80|50519
33074|23.00|53.30|50519
33074|24.50|54.80|50519
33074|26.00|56.30|50519
33074|27.50|57.80|50519
33076|31.00|61.30|50519
33074|34.50|64.80|50519
33074|36.00|66.30|50519
33074|37.50|67.80|50519
33074|39.00|69.30|50519
33075|42.50|72.80|50519
33074|46.00|76.30|50519
33074|47.50|77.80|50519
33074|49.00|79.30|50519
33074|50.50|80.80|50519
33075|54.00|84.30|50519
33074|57.50|87.80|50519
33074|59.00|89.30|50519
33074|60.50|90.80|50519
33074|62.00|92.30|50519
34077|63.50|93.80|50519
33074|67.00|97.30|50519
33074|68.50|98.80|50519
33074|70.00|100.30|50519
33074|71.50|101.80|50519
33075|75.00|105.30|50519
33074|78.50|108.80|50519
33074|80.00|110.30|50519
33074|81.50|111.80|50519
33074|83.00|113.30|50519
33075|86.50|116.80|50519
33074|90.00|120.30|50519
33074|91.50|121.80|50519
33074|93.00|123.30|50519
33074|94.50|124.80|50519
33076|98.00|128.30|50519
33074|101.50|131.80|50519
33074|103.00|133.30|50519
33074|104.50|134.80|50519
33074|106.00|136.30|50519
34077|109.50|139.80|50519
33074|113.00|143.30|50519
33074|114.50|144.80|50519
33074|116.00|146.30|50519
33074|117.50|147.80|50519
33074|0.00|28.24|50520
33074|1.50|29.74|50520
33074|3.00|31.24|50520
33074|4.50|32.74|50520
33075|8.00|36.24|50520
33074|11.50|39.74|50520
33074|13.00|41.24|50520
33074|14.50|42.74|50520
33074|16.00|44.24|50520
33075|19.50|47.74|50520
33074|23.00|51.24|50520
33074|24.50|52.74|50520
33074|26.00|54.24|50520
33074|27.50|55.74|50520
33076|31.00|59.24|50520
33074|34.50|62.74|50520
33074|36.00|64.24|50520
33074|37.50|65.74|50520
33074|39.00|67.24|50520
33075|42.50|70.74|50520
33074|46.00|74.24|50520
33074|47.50|75.74|50520
33074|49.00|77.24|50520
33074|50.50|78.74|50520
33075|54.00|82.24|50520
33074|57.50|85.74|50520
33074|59.00|87.24|50520
33074|60.50|88.74|50520
33074|62.00|90.24|50520
34077|63.50|91.74|50520
33074|67.00|95.24|50520
33074|68.50|96.74|50520
33074|70.00|98.24|50520
33074|71.50|99.74|50520
33075|75.00|103.24|50520
33074|78.50|106.74|50520
33074|80.00|108.24|50520
33074|81.50|109.74|50520
33074|83.00|111.24|50520
33075|86.50|114.74|50520
33074|90.00|118.24|50520
33074|91.50|119.74|50520
33074|93.00|121.24|50520
33074|94.50|122.74|50520
33076|98.00|126.24|50520
33074|101.50|129.74|50520
33074|103.00|131.24|50520
33074|104.50|132.74|50520
33074|106.00|134.24|50520
34077|109.50|137.74|50520
33074|113.00|141.24|50520
33074|114.50|142.74|50520
33074|116.00|144.24|50520
33074|117.50|145.74|50520
33074|0.00|27.96|50521
33074|1.50|29.46|50521
33074|3.00|30.96|50521
33074|4.50|32.46|50521
33075|8.00|35.96|50521
33074|11.50|39.46|50521
33074|13.00|40.96|50521
33074|14.50|42.46|50521
33074|16.00|43.96|50521
33075|19.50|47.46|50521
33074|23.00|50.96|50521
33074|24.50|52.46|50521
33074|26.00|53.96|50521
33074|27.50|55.46|50521
33076|31.00|58.96|50521
33074|34.50|62.46|50521
33074|36.00|63.96|50521
33074|37.50|65.46|50521
33074|39.00|66.96|50521
33075|42.50|70.46|50521
33074|46.00|73.96|50521
33074|47.50|75.46|50521
33074|49.00|76.96|50521
33074|50.50|78.46|50521
33075|54.00|81.96|50521
33074|57.50|85.46|50521
33074|59.00|86.96|50521
33074|60.50|88.46|50521
33074|62.00|89.96|50521
34077|63.50|91.46|50521
33074|67.00|94.96|50521
33074|68.50|96.46|50521
33074|70.00|97.96|50521
33074|71.50|99.46|50521
33075|75.00|102.96|50521
33074|78.50|106.46|50521
33074|80.00|107.96|50521
33074|81.50|109.46|50521
33074|83.00|110.96|50521
33075|86.50|114.46|50521
33074|90.00|117.96|50521
33074|91.50|119.46|50521
33074|93.00|120.96|50521
33074|94.50|122.46|50521
33076|98.00|125.96|50521
33074|101.50|129.46|50521
33074|103.00|130.96|50521
33074|104.50|132.46|50521
33074|106.00|133.96|50521
34077|109.50|137.46|50521
33074|113.00|140.96|50521
33074|114.50|142.46|50521
33074|116.00|143.96|50521
33074|117.50|145.46|50521
33074|0.00|25.03|50522
33074|1.50|26.53|50522
33074|3.00|28.03|50522
33074|4.50|29.53|50522
33075|8.00|33.03|50522
33074|11.50|36.53|50522
33074|13.00|38.03|50522
33074|14.50|39.53|50522
33074|16.00|41.03|50522
33075|19.50|44.53|50522
33074|23.00|48.03|50522
33074|24.50|49.53|50522
33074|26.00|51.03|50522
33074|27.50|52.53|50522
33076|31.00|56.03|50522
33074|34.50|59.53|50522
33074|36.00|61.03|50522
33074|37.50|62.53|50522
33074|39.00|64.03|50522
33075|42.50|67.53|50522
33074|46.00|71.03|50522
33074|47.50|72.53|50522
33074|49.00|74.03|50522
33074|50.50|75.53|50522
33075|54.00|79.03|50522
33074|57.50|82.53|50522
33074|59.00|84.03|50522
33074|60.50|85.53|50522
33074|62.00|87.03|50522
34077|63.50|88.53|50522
33074|67.00|92.03|50522
33074|68.50|93.53|50522
33074|70.00|95.03|50522
33074|71.50|96.53|50522
33075|75.00|100.03|50522
33074|78.50|103.53|50522
33074|80.00|105.03|50522
33074|81.50|106.53|50522
33074|83.00|108.03|50522
33075|86.50|111.53|50522
33074|90.00|115.03|50522
33074|91.50|116.53|50522
33074|93.00|118.03|50522
33074|94.50|119.53|50522
33076|98.00|123.03|50522
33074|101.50|126.53|50522
33074|103.00|128.03|50522
33074|104.50|129.53|50522
33074|106.00|131.03|50522
34077|109.50|134.53|50522
33074|113.00|138.03|50522
33074|114.50|139.53|50522
33074|116.00|141.03|50522
33074|117.50|142.53|50522
#rboss_36078_9
80.63
36078|0.00|74.02|50523
33074|0.00|27.42|50524
33074|1.50|28.92|50524
33074|3.00|30.42|50524
33074|4.50|31.92|50524
33075|8.00|35.42|50524
33074|11.50|38.92|50524
33074|13.00|40.42|50524
33074|14.50|41.92|50524
33074|16.00|43.42|50524
33076|19.50|46.92|50524
33074|23.00|50.42|50524
33074|24.50|51.92|50524
33074|26.00|53.42|50524
33074|27.50|54.92|50524
33075|31.00|58.42|50524
33074|34.50|61.92|50524
33074|36.00|63.42|50524
33074|37.50|64.92|50524
33074|39.00|66.42|50524
34077|42.50|69.92|50524
33074|46.00|73.42|50524
33074|47.50|74.92|50524
33074|49.00|76.42|50524
33074|50.50|77.92|50524
33074|0.00|30.13|50525
33074|1.50|31.63|50525
33074|3.00|33.13|50525
33074|4.50|34.63|50525
33075|8.00|38.13|50525
33074|11.50|41.63|50525
33074|13.00|43.13|50525
33074|14.50|44.63|50525
33074|16.00|46.13|50525
33076|19.50|49.63|50525
33074|23.00|53.13|50525
33074|24.50|54.63|50525
33074|26.00|56.13|50525
33074|27.50|57.63|50525
33075|31.00|61.13|50525
33074|34.50|64.63|50525
33074|36.00|66.13|50525
33074|37.50|67.63|50525
33074|39.00|69.13|50525
34077|42.50|72.63|50525
33074|46.00|76.13|50525
33074|47.50|77.63|50525
33074|49.00|79.13|50525
33074|50.50|80.63|50525
