#shoal_11001_1_1
15.00
11001|0.00|15.00|1015141
11001|0.00|15.00|1015151
11001|0.00|15.00|1015161
11001|0.00|15.00|1015171
11001|0.00|15.00|1015181
11001|0.00|15.00|1015191
11001|0.00|15.00|1015201
11001|0.00|15.00|1015211
11001|0.00|15.00|1015221
11001|0.00|15.00|1015231
11001|0.00|15.00|1015241
11001|0.00|15.00|1015251
11001|0.00|15.00|1015261
#shoal_11001_1_2
15.00
11001|0.00|15.00|1015142
11001|0.00|15.00|1015152
11001|0.00|15.00|1015162
11001|0.00|15.00|1015172
11001|0.00|15.00|1015182
11001|0.00|15.00|1015192
11001|0.00|15.00|1015202
11001|0.00|15.00|1015212
11001|0.00|15.00|1015222
11001|0.00|15.00|1015232
11001|0.00|15.00|1015242
11001|0.00|15.00|1015252
11001|0.00|15.00|1015262
#shoal_11001_1_3
15.00
11001|0.00|15.00|1015143
11001|0.00|15.00|1015153
11001|0.00|15.00|1015163
11001|0.00|15.00|1015173
11001|0.00|15.00|1015183
11001|0.00|15.00|1015193
11001|0.00|15.00|1015203
11001|0.00|15.00|1015213
11001|0.00|15.00|1015223
11001|0.00|15.00|1015233
11001|0.00|15.00|1015243
11001|0.00|15.00|1015253
11001|0.00|15.00|1015263
#shoal_11001_1_4
15.00
11001|0.00|15.00|1015144
11001|0.00|15.00|1015154
11001|0.00|15.00|1015164
11001|0.00|15.00|1015174
11001|0.00|15.00|1015184
11001|0.00|15.00|1015194
11001|0.00|15.00|1015204
11001|0.00|15.00|1015214
11001|0.00|15.00|1015224
11001|0.00|15.00|1015234
11001|0.00|15.00|1015244
11001|0.00|15.00|1015254
11001|0.00|15.00|1015264
#shoal_11001_2_1
15.00
11001|0.00|15.00|1015271
11001|0.00|15.00|1015281
11001|0.00|15.00|1015291
11001|0.00|15.00|1015301
11001|0.00|15.00|1015311
11001|0.00|15.00|1015321
11001|0.00|15.00|1015331
11001|0.00|15.00|1015341
11001|0.00|15.00|1015351
11001|0.00|15.00|1015361
11001|0.00|15.00|1015371
11001|0.00|15.00|1015381
11001|0.00|15.00|1015391
#shoal_11001_2_2
15.00
11001|0.00|15.00|1015272
11001|0.00|15.00|1015282
11001|0.00|15.00|1015292
11001|0.00|15.00|1015302
11001|0.00|15.00|1015312
11001|0.00|15.00|1015322
11001|0.00|15.00|1015332
11001|0.00|15.00|1015342
11001|0.00|15.00|1015352
11001|0.00|15.00|1015362
11001|0.00|15.00|1015372
11001|0.00|15.00|1015382
11001|0.00|15.00|1015392
#shoal_11001_2_3
15.00
11001|0.00|15.00|1015273
11001|0.00|15.00|1015283
11001|0.00|15.00|1015293
11001|0.00|15.00|1015303
11001|0.00|15.00|1015313
11001|0.00|15.00|1015323
11001|0.00|15.00|1015333
11001|0.00|15.00|1015343
11001|0.00|15.00|1015353
11001|0.00|15.00|1015363
11001|0.00|15.00|1015373
11001|0.00|15.00|1015383
11001|0.00|15.00|1015393
#shoal_11001_2_4
15.00
11001|0.00|15.00|1015274
11001|0.00|15.00|1015284
11001|0.00|15.00|1015294
11001|0.00|15.00|1015304
11001|0.00|15.00|1015314
11001|0.00|15.00|1015324
11001|0.00|15.00|1015334
11001|0.00|15.00|1015344
11001|0.00|15.00|1015354
11001|0.00|15.00|1015364
11001|0.00|15.00|1015374
11001|0.00|15.00|1015384
11001|0.00|15.00|1015394
#shoal_11001_3_1
15.00
11001|0.00|15.00|1015401
11001|0.00|15.00|1015411
11001|0.00|15.00|1015421
11001|0.00|15.00|1015431
11001|0.00|15.00|1015441
11001|0.00|15.00|1015451
11001|0.00|15.00|1015461
11001|0.00|15.00|1015471
11001|0.00|15.00|1015481
11001|0.00|15.00|1015491
11001|0.00|15.00|1015501
11001|0.00|15.00|1015511
11001|0.00|15.00|1015521
#shoal_11001_3_2
15.00
11001|0.00|15.00|1015402
11001|0.00|15.00|1015412
11001|0.00|15.00|1015422
11001|0.00|15.00|1015432
11001|0.00|15.00|1015442
11001|0.00|15.00|1015452
11001|0.00|15.00|1015462
11001|0.00|15.00|1015472
11001|0.00|15.00|1015482
11001|0.00|15.00|1015492
11001|0.00|15.00|1015502
11001|0.00|15.00|1015512
11001|0.00|15.00|1015522
#shoal_11001_3_3
15.00
11001|0.00|15.00|1015403
11001|0.00|15.00|1015413
11001|0.00|15.00|1015423
11001|0.00|15.00|1015433
11001|0.00|15.00|1015443
11001|0.00|15.00|1015453
11001|0.00|15.00|1015463
11001|0.00|15.00|1015473
11001|0.00|15.00|1015483
11001|0.00|15.00|1015493
11001|0.00|15.00|1015503
11001|0.00|15.00|1015513
11001|0.00|15.00|1015523
#shoal_11001_3_4
15.00
11001|0.00|15.00|1015404
11001|0.00|15.00|1015414
11001|0.00|15.00|1015424
11001|0.00|15.00|1015434
11001|0.00|15.00|1015444
11001|0.00|15.00|1015454
11001|0.00|15.00|1015464
11001|0.00|15.00|1015474
11001|0.00|15.00|1015484
11001|0.00|15.00|1015494
11001|0.00|15.00|1015504
11001|0.00|15.00|1015514
11001|0.00|15.00|1015524
#shoal_11001_4_1
15.00
11001|0.00|15.00|1015531
11001|0.00|15.00|1015541
11001|0.00|15.00|1015551
11001|0.00|15.00|1015561
11001|0.00|15.00|1015571
11001|0.00|15.00|1015581
11001|0.00|15.00|1015591
11001|0.00|15.00|1015601
11001|0.00|15.00|1015611
11001|0.00|15.00|1015621
11001|0.00|15.00|1015631
11001|0.00|15.00|1015641
11001|0.00|15.00|1015651
#shoal_11001_4_2
15.00
11001|0.00|15.00|1015532
11001|0.00|15.00|1015542
11001|0.00|15.00|1015552
11001|0.00|15.00|1015562
11001|0.00|15.00|1015572
11001|0.00|15.00|1015582
11001|0.00|15.00|1015592
11001|0.00|15.00|1015602
11001|0.00|15.00|1015612
11001|0.00|15.00|1015622
11001|0.00|15.00|1015632
11001|0.00|15.00|1015642
11001|0.00|15.00|1015652
#shoal_11001_4_3
15.00
11001|0.00|15.00|1015533
11001|0.00|15.00|1015543
11001|0.00|15.00|1015553
11001|0.00|15.00|1015563
11001|0.00|15.00|1015573
11001|0.00|15.00|1015583
11001|0.00|15.00|1015593
11001|0.00|15.00|1015603
11001|0.00|15.00|1015613
11001|0.00|15.00|1015623
11001|0.00|15.00|1015633
11001|0.00|15.00|1015643
11001|0.00|15.00|1015653
#shoal_11001_4_4
15.00
11001|0.00|15.00|1015534
11001|0.00|15.00|1015544
11001|0.00|15.00|1015554
11001|0.00|15.00|1015564
11001|0.00|15.00|1015574
11001|0.00|15.00|1015584
11001|0.00|15.00|1015594
11001|0.00|15.00|1015604
11001|0.00|15.00|1015614
11001|0.00|15.00|1015624
11001|0.00|15.00|1015634
11001|0.00|15.00|1015644
11001|0.00|15.00|1015654
#shoal_11001_5_1
15.00
11001|0.00|15.00|1015661
11001|0.00|15.00|1015671
11001|0.00|15.00|1015681
11001|0.00|15.00|1015691
11001|0.00|15.00|1015701
11001|0.00|15.00|1015711
11001|0.00|15.00|1015721
11001|0.00|15.00|1015731
11001|0.00|15.00|1015741
11001|0.00|15.00|1015751
11001|0.00|15.00|1015761
11001|0.00|15.00|1015771
11001|0.00|15.00|1015781
#shoal_11001_5_2
15.00
11001|0.00|15.00|1015662
11001|0.00|15.00|1015672
11001|0.00|15.00|1015682
11001|0.00|15.00|1015692
11001|0.00|15.00|1015702
11001|0.00|15.00|1015712
11001|0.00|15.00|1015722
11001|0.00|15.00|1015732
11001|0.00|15.00|1015742
11001|0.00|15.00|1015752
11001|0.00|15.00|1015762
11001|0.00|15.00|1015772
11001|0.00|15.00|1015782
#shoal_11001_5_3
15.00
11001|0.00|15.00|1015663
11001|0.00|15.00|1015673
11001|0.00|15.00|1015683
11001|0.00|15.00|1015693
11001|0.00|15.00|1015703
11001|0.00|15.00|1015713
11001|0.00|15.00|1015723
11001|0.00|15.00|1015733
11001|0.00|15.00|1015743
11001|0.00|15.00|1015753
11001|0.00|15.00|1015763
11001|0.00|15.00|1015773
11001|0.00|15.00|1015783
#shoal_11001_5_4
15.00
11001|0.00|15.00|1015664
11001|0.00|15.00|1015674
11001|0.00|15.00|1015684
11001|0.00|15.00|1015694
11001|0.00|15.00|1015704
11001|0.00|15.00|1015714
11001|0.00|15.00|1015724
11001|0.00|15.00|1015734
11001|0.00|15.00|1015744
11001|0.00|15.00|1015754
11001|0.00|15.00|1015764
11001|0.00|15.00|1015774
11001|0.00|15.00|1015784
#shoal_11001_6_1
15.00
11001|0.00|15.00|1015791
11001|0.00|15.00|1015801
11001|0.00|15.00|1015811
11001|0.00|15.00|1015821
11001|0.00|15.00|1015831
11001|0.00|15.00|1015841
11001|0.00|15.00|1015851
11001|0.00|15.00|1015861
11001|0.00|15.00|1015871
11001|0.00|15.00|1015881
11001|0.00|15.00|1015891
11001|0.00|15.00|1015901
11001|0.00|15.00|1015911
#shoal_11001_6_2
15.00
11001|0.00|15.00|1015792
11001|0.00|15.00|1015802
11001|0.00|15.00|1015812
11001|0.00|15.00|1015822
11001|0.00|15.00|1015832
11001|0.00|15.00|1015842
11001|0.00|15.00|1015852
11001|0.00|15.00|1015862
11001|0.00|15.00|1015872
11001|0.00|15.00|1015882
11001|0.00|15.00|1015892
11001|0.00|15.00|1015902
11001|0.00|15.00|1015912
#shoal_11001_6_3
15.00
11001|0.00|15.00|1015793
11001|0.00|15.00|1015803
11001|0.00|15.00|1015813
11001|0.00|15.00|1015823
11001|0.00|15.00|1015833
11001|0.00|15.00|1015843
11001|0.00|15.00|1015853
11001|0.00|15.00|1015863
11001|0.00|15.00|1015873
11001|0.00|15.00|1015883
11001|0.00|15.00|1015893
11001|0.00|15.00|1015903
11001|0.00|15.00|1015913
#shoal_11001_6_4
15.00
11001|0.00|15.00|1015794
11001|0.00|15.00|1015804
11001|0.00|15.00|1015814
11001|0.00|15.00|1015824
11001|0.00|15.00|1015834
11001|0.00|15.00|1015844
11001|0.00|15.00|1015854
11001|0.00|15.00|1015864
11001|0.00|15.00|1015874
11001|0.00|15.00|1015884
11001|0.00|15.00|1015894
11001|0.00|15.00|1015904
11001|0.00|15.00|1015914
#shoal_11001_7_1
15.00
11001|0.00|15.00|1015921
11001|0.00|15.00|1015931
11001|0.00|15.00|1015941
11001|0.00|15.00|1015951
11001|0.00|15.00|1015961
11001|0.00|15.00|1015971
11001|0.00|15.00|1015981
11001|0.00|15.00|1015991
11001|0.00|15.00|1016001
11001|0.00|15.00|1016011
11001|0.00|15.00|1016021
11001|0.00|15.00|1016031
11001|0.00|15.00|1016041
#shoal_11001_7_2
15.00
11001|0.00|15.00|1015922
11001|0.00|15.00|1015932
11001|0.00|15.00|1015942
11001|0.00|15.00|1015952
11001|0.00|15.00|1015962
11001|0.00|15.00|1015972
11001|0.00|15.00|1015982
11001|0.00|15.00|1015992
11001|0.00|15.00|1016002
11001|0.00|15.00|1016012
11001|0.00|15.00|1016022
11001|0.00|15.00|1016032
11001|0.00|15.00|1016042
#shoal_11001_7_3
15.00
11001|0.00|15.00|1015923
11001|0.00|15.00|1015933
11001|0.00|15.00|1015943
11001|0.00|15.00|1015953
11001|0.00|15.00|1015963
11001|0.00|15.00|1015973
11001|0.00|15.00|1015983
11001|0.00|15.00|1015993
11001|0.00|15.00|1016003
11001|0.00|15.00|1016013
11001|0.00|15.00|1016023
11001|0.00|15.00|1016033
11001|0.00|15.00|1016043
#shoal_11001_7_4
15.00
11001|0.00|15.00|1015924
11001|0.00|15.00|1015934
11001|0.00|15.00|1015944
11001|0.00|15.00|1015954
11001|0.00|15.00|1015964
11001|0.00|15.00|1015974
11001|0.00|15.00|1015984
11001|0.00|15.00|1015994
11001|0.00|15.00|1016004
11001|0.00|15.00|1016014
11001|0.00|15.00|1016024
11001|0.00|15.00|1016034
11001|0.00|15.00|1016044
#shoal_11001_8_1
15.00
11001|0.00|15.00|1016051
11001|0.00|15.00|1016061
11001|0.00|15.00|1016071
11001|0.00|15.00|1016081
11001|0.00|15.00|1016091
11001|0.00|15.00|1016101
11001|0.00|15.00|1016111
11001|0.00|15.00|1016121
11001|0.00|15.00|1016131
11001|0.00|15.00|1016141
11001|0.00|15.00|1016151
11001|0.00|15.00|1016161
11001|0.00|15.00|1016171
#shoal_11001_8_2
15.00
11001|0.00|15.00|1016052
11001|0.00|15.00|1016062
11001|0.00|15.00|1016072
11001|0.00|15.00|1016082
11001|0.00|15.00|1016092
11001|0.00|15.00|1016102
11001|0.00|15.00|1016112
11001|0.00|15.00|1016122
11001|0.00|15.00|1016132
11001|0.00|15.00|1016142
11001|0.00|15.00|1016152
11001|0.00|15.00|1016162
11001|0.00|15.00|1016172
#shoal_11001_8_3
15.00
11001|0.00|15.00|1016053
11001|0.00|15.00|1016063
11001|0.00|15.00|1016073
11001|0.00|15.00|1016083
11001|0.00|15.00|1016093
11001|0.00|15.00|1016103
11001|0.00|15.00|1016113
11001|0.00|15.00|1016123
11001|0.00|15.00|1016133
11001|0.00|15.00|1016143
11001|0.00|15.00|1016153
11001|0.00|15.00|1016163
11001|0.00|15.00|1016173
#shoal_11001_8_4
15.00
11001|0.00|15.00|1016054
11001|0.00|15.00|1016064
11001|0.00|15.00|1016074
11001|0.00|15.00|1016084
11001|0.00|15.00|1016094
11001|0.00|15.00|1016104
11001|0.00|15.00|1016114
11001|0.00|15.00|1016124
11001|0.00|15.00|1016134
11001|0.00|15.00|1016144
11001|0.00|15.00|1016154
11001|0.00|15.00|1016164
11001|0.00|15.00|1016174
#shoal_11002_1_1
15.00
11002|0.00|15.00|1014101
11002|0.00|15.00|1014111
11002|0.00|15.00|1014151
11002|0.00|15.00|1014131
11002|0.00|15.00|1014141
11002|0.00|15.00|1014151
11002|0.00|15.00|1014161
11002|0.00|15.00|1014171
11002|0.00|15.00|1014181
11002|0.00|15.00|1014191
11002|0.00|15.00|1014201
11002|0.00|15.00|1014211
11002|0.00|15.00|1014221
#shoal_11002_1_2
15.00
11002|0.00|15.00|1014102
11002|0.00|15.00|1014112
11002|0.00|15.00|1014122
11002|0.00|15.00|1014132
11002|0.00|15.00|1014142
11002|0.00|15.00|1014152
11002|0.00|15.00|1014162
11002|0.00|15.00|1014172
11002|0.00|15.00|1014182
11002|0.00|15.00|1014192
11002|0.00|15.00|1014202
11002|0.00|15.00|1014212
11002|0.00|15.00|1014222
#shoal_11002_1_3
15.00
11002|0.00|15.00|1014103
11002|0.00|15.00|1014113
11002|0.00|15.00|1014123
11002|0.00|15.00|1014133
11002|0.00|15.00|1014143
11002|0.00|15.00|1014153
11002|0.00|15.00|1014163
11002|0.00|15.00|1014173
11002|0.00|15.00|1014183
11002|0.00|15.00|1014193
11002|0.00|15.00|1014203
11002|0.00|15.00|1014213
11002|0.00|15.00|1014223
#shoal_11002_1_4
15.00
11002|0.00|15.00|1014104
11002|0.00|15.00|1014114
11002|0.00|15.00|1014124
11002|0.00|15.00|1014134
11002|0.00|15.00|1014144
11002|0.00|15.00|1014154
11002|0.00|15.00|1014164
11002|0.00|15.00|1014174
11002|0.00|15.00|1014184
11002|0.00|15.00|1014194
11002|0.00|15.00|1014204
11002|0.00|15.00|1014214
11002|0.00|15.00|1014224
#shoal_11002_2_1
15.00
11002|0.00|15.00|1014231
11002|0.00|15.00|1014241
11002|0.00|15.00|1014251
11002|0.00|15.00|1014261
11002|0.00|15.00|1014271
11002|0.00|15.00|1014281
11002|0.00|15.00|1014291
11002|0.00|15.00|1014301
11002|0.00|15.00|1014311
11002|0.00|15.00|1014321
11002|0.00|15.00|1014331
11002|0.00|15.00|1014341
11002|0.00|15.00|1014351
#shoal_11002_2_2
15.00
11002|0.00|15.00|1014232
11002|0.00|15.00|1014242
11002|0.00|15.00|1014252
11002|0.00|15.00|1014262
11002|0.00|15.00|1014272
11002|0.00|15.00|1014282
11002|0.00|15.00|1014292
11002|0.00|15.00|1014302
11002|0.00|15.00|1014312
11002|0.00|15.00|1014322
11002|0.00|15.00|1014332
11002|0.00|15.00|1014342
11002|0.00|15.00|1014352
#shoal_11002_2_3
15.00
11002|0.00|15.00|1014233
11002|0.00|15.00|1014243
11002|0.00|15.00|1014253
11002|0.00|15.00|1014263
11002|0.00|15.00|1014273
11002|0.00|15.00|1014283
11002|0.00|15.00|1014293
11002|0.00|15.00|1014303
11002|0.00|15.00|1014313
11002|0.00|15.00|1014323
11002|0.00|15.00|1014333
11002|0.00|15.00|1014343
11002|0.00|15.00|1014353
#shoal_11002_2_4
15.00
11002|0.00|15.00|1014234
11002|0.00|15.00|1014244
11002|0.00|15.00|1014254
11002|0.00|15.00|1014264
11002|0.00|15.00|1014274
11002|0.00|15.00|1014284
11002|0.00|15.00|1014294
11002|0.00|15.00|1014304
11002|0.00|15.00|1014314
11002|0.00|15.00|1014324
11002|0.00|15.00|1014334
11002|0.00|15.00|1014344
11002|0.00|15.00|1014354
#shoal_11002_3_1
15.00
11002|0.00|15.00|1014361
11002|0.00|15.00|1014371
11002|0.00|15.00|1014381
11002|0.00|15.00|1014391
11002|0.00|15.00|1014401
11002|0.00|15.00|1014411
11002|0.00|15.00|1014421
11002|0.00|15.00|1014431
11002|0.00|15.00|1014441
11002|0.00|15.00|1014451
11002|0.00|15.00|1014461
11002|0.00|15.00|1014471
11002|0.00|15.00|1014481
#shoal_11002_3_2
15.00
11002|0.00|15.00|1014362
11002|0.00|15.00|1014372
11002|0.00|15.00|1014382
11002|0.00|15.00|1014392
11002|0.00|15.00|1014402
11002|0.00|15.00|1014412
11002|0.00|15.00|1014422
11002|0.00|15.00|1014432
11002|0.00|15.00|1014442
11002|0.00|15.00|1014452
11002|0.00|15.00|1014462
11002|0.00|15.00|1014472
11002|0.00|15.00|1014482
#shoal_11002_3_3
15.00
11002|0.00|15.00|1014363
11002|0.00|15.00|1014373
11002|0.00|15.00|1014383
11002|0.00|15.00|1014393
11002|0.00|15.00|1014403
11002|0.00|15.00|1014413
11002|0.00|15.00|1014423
11002|0.00|15.00|1014433
11002|0.00|15.00|1014443
11002|0.00|15.00|1014453
11002|0.00|15.00|1014463
11002|0.00|15.00|1014473
11002|0.00|15.00|1014483
#shoal_11002_3_4
15.00
11002|0.00|15.00|1014364
11002|0.00|15.00|1014374
11002|0.00|15.00|1014384
11002|0.00|15.00|1014394
11002|0.00|15.00|1014404
11002|0.00|15.00|1014414
11002|0.00|15.00|1014424
11002|0.00|15.00|1014434
11002|0.00|15.00|1014444
11002|0.00|15.00|1014454
11002|0.00|15.00|1014464
11002|0.00|15.00|1014474
11002|0.00|15.00|1014484
#shoal_11002_4_1
15.00
11002|0.00|15.00|1014491
11002|0.00|15.00|1014501
11002|0.00|15.00|1014511
11002|0.00|15.00|1014521
11002|0.00|15.00|1014531
11002|0.00|15.00|1014541
11002|0.00|15.00|1014551
11002|0.00|15.00|1014561
11002|0.00|15.00|1014571
11002|0.00|15.00|1014581
11002|0.00|15.00|1014591
11002|0.00|15.00|1014601
11002|0.00|15.00|1014611
#shoal_11002_4_2
15.00
11002|0.00|15.00|1014492
11002|0.00|15.00|1014502
11002|0.00|15.00|1014512
11002|0.00|15.00|1014522
11002|0.00|15.00|1014532
11002|0.00|15.00|1014542
11002|0.00|15.00|1014552
11002|0.00|15.00|1014562
11002|0.00|15.00|1014572
11002|0.00|15.00|1014582
11002|0.00|15.00|1014592
11002|0.00|15.00|1014602
11002|0.00|15.00|1014612
#shoal_11002_4_3
15.00
11002|0.00|15.00|1014493
11002|0.00|15.00|1014503
11002|0.00|15.00|1014513
11002|0.00|15.00|1014523
11002|0.00|15.00|1014533
11002|0.00|15.00|1014543
11002|0.00|15.00|1014553
11002|0.00|15.00|1014563
11002|0.00|15.00|1014573
11002|0.00|15.00|1014583
11002|0.00|15.00|1014593
11002|0.00|15.00|1014603
11002|0.00|15.00|1014613
#shoal_11002_4_4
15.00
11002|0.00|15.00|1014494
11002|0.00|15.00|1014504
11002|0.00|15.00|1014514
11002|0.00|15.00|1014524
11002|0.00|15.00|1014534
11002|0.00|15.00|1014544
11002|0.00|15.00|1014554
11002|0.00|15.00|1014564
11002|0.00|15.00|1014574
11002|0.00|15.00|1014584
11002|0.00|15.00|1014594
11002|0.00|15.00|1014604
11002|0.00|15.00|1014614
#shoal_11002_5_1
15.00
11002|0.00|15.00|1014621
11002|0.00|15.00|1014631
11002|0.00|15.00|1014641
11002|0.00|15.00|1014651
11002|0.00|15.00|1014661
11002|0.00|15.00|1014671
11002|0.00|15.00|1014681
11002|0.00|15.00|1014691
11002|0.00|15.00|1014701
11002|0.00|15.00|1014711
11002|0.00|15.00|1014721
11002|0.00|15.00|1014731
11002|0.00|15.00|1014741
#shoal_11002_5_2
15.00
11002|0.00|15.00|1014622
11002|0.00|15.00|1014632
11002|0.00|15.00|1014642
11002|0.00|15.00|1014652
11002|0.00|15.00|1014662
11002|0.00|15.00|1014672
11002|0.00|15.00|1014682
11002|0.00|15.00|1014692
11002|0.00|15.00|1014702
11002|0.00|15.00|1014712
11002|0.00|15.00|1014722
11002|0.00|15.00|1014732
11002|0.00|15.00|1014742
#shoal_11002_5_3
15.00
11002|0.00|15.00|1014623
11002|0.00|15.00|1014633
11002|0.00|15.00|1014643
11002|0.00|15.00|1014653
11002|0.00|15.00|1014663
11002|0.00|15.00|1014673
11002|0.00|15.00|1014683
11002|0.00|15.00|1014693
11002|0.00|15.00|1014703
11002|0.00|15.00|1014713
11002|0.00|15.00|1014723
11002|0.00|15.00|1014733
11002|0.00|15.00|1014743
#shoal_11002_5_4
15.00
11002|0.00|15.00|1014624
11002|0.00|15.00|1014634
11002|0.00|15.00|1014644
11002|0.00|15.00|1014654
11002|0.00|15.00|1014664
11002|0.00|15.00|1014674
11002|0.00|15.00|1014684
11002|0.00|15.00|1014694
11002|0.00|15.00|1014704
11002|0.00|15.00|1014714
11002|0.00|15.00|1014724
11002|0.00|15.00|1014734
11002|0.00|15.00|1014744
#shoal_11002_6_1
15.00
11002|0.00|15.00|1014751
11002|0.00|15.00|1014761
11002|0.00|15.00|1014771
11002|0.00|15.00|1014781
11002|0.00|15.00|1014791
11002|0.00|15.00|1014801
11002|0.00|15.00|1014811
11002|0.00|15.00|1014821
11002|0.00|15.00|1014831
11002|0.00|15.00|1014841
11002|0.00|15.00|1014851
11002|0.00|15.00|1014861
11002|0.00|15.00|1014871
#shoal_11002_6_2
15.00
11002|0.00|15.00|1014752
11002|0.00|15.00|1014762
11002|0.00|15.00|1014772
11002|0.00|15.00|1014782
11002|0.00|15.00|1014792
11002|0.00|15.00|1014802
11002|0.00|15.00|1014812
11002|0.00|15.00|1014822
11002|0.00|15.00|1014832
11002|0.00|15.00|1014842
11002|0.00|15.00|1014852
11002|0.00|15.00|1014862
11002|0.00|15.00|1014872
#shoal_11002_6_3
15.00
11002|0.00|15.00|1014753
11002|0.00|15.00|1014763
11002|0.00|15.00|1014773
11002|0.00|15.00|1014783
11002|0.00|15.00|1014793
11002|0.00|15.00|1014803
11002|0.00|15.00|1014813
11002|0.00|15.00|1014823
11002|0.00|15.00|1014833
11002|0.00|15.00|1014843
11002|0.00|15.00|1014853
11002|0.00|15.00|1014863
11002|0.00|15.00|1014873
#shoal_11002_6_4
15.00
11002|0.00|15.00|1014754
11002|0.00|15.00|1014764
11002|0.00|15.00|1014774
11002|0.00|15.00|1014784
11002|0.00|15.00|1014794
11002|0.00|15.00|1014804
11002|0.00|15.00|1014814
11002|0.00|15.00|1014824
11002|0.00|15.00|1014834
11002|0.00|15.00|1014844
11002|0.00|15.00|1014854
11002|0.00|15.00|1014864
11002|0.00|15.00|1014874
#shoal_11002_7_1
15.00
11002|0.00|15.00|1014881
11002|0.00|15.00|1014891
11002|0.00|15.00|1014901
11002|0.00|15.00|1014911
11002|0.00|15.00|1014921
11002|0.00|15.00|1014931
11002|0.00|15.00|1014941
11002|0.00|15.00|1014951
11002|0.00|15.00|1014961
11002|0.00|15.00|1014971
11002|0.00|15.00|1014981
11002|0.00|15.00|1014991
11002|0.00|15.00|1015001
#shoal_11002_7_2
15.00
11002|0.00|15.00|1014882
11002|0.00|15.00|1014892
11002|0.00|15.00|1014902
11002|0.00|15.00|1014912
11002|0.00|15.00|1014922
11002|0.00|15.00|1014932
11002|0.00|15.00|1014942
11002|0.00|15.00|1014952
11002|0.00|15.00|1014962
11002|0.00|15.00|1014972
11002|0.00|15.00|1014982
11002|0.00|15.00|1014992
11002|0.00|15.00|1015002
#shoal_11002_7_3
15.00
11002|0.00|15.00|1014883
11002|0.00|15.00|1014893
11002|0.00|15.00|1014903
11002|0.00|15.00|1014913
11002|0.00|15.00|1014923
11002|0.00|15.00|1014933
11002|0.00|15.00|1014943
11002|0.00|15.00|1014953
11002|0.00|15.00|1014963
11002|0.00|15.00|1014973
11002|0.00|15.00|1014983
11002|0.00|15.00|1014993
11002|0.00|15.00|1015003
#shoal_11002_7_4
15.00
11002|0.00|15.00|1014884
11002|0.00|15.00|1014894
11002|0.00|15.00|1014904
11002|0.00|15.00|1014914
11002|0.00|15.00|1014924
11002|0.00|15.00|1014934
11002|0.00|15.00|1014944
11002|0.00|15.00|1014954
11002|0.00|15.00|1014964
11002|0.00|15.00|1014974
11002|0.00|15.00|1014984
11002|0.00|15.00|1014994
11002|0.00|15.00|1015004
#shoal_11002_8_1
15.00
11002|0.00|15.00|1015011
11002|0.00|15.00|1015021
11002|0.00|15.00|1015031
11002|0.00|15.00|1015041
11002|0.00|15.00|1015051
11002|0.00|15.00|1015061
11002|0.00|15.00|1015071
11002|0.00|15.00|1015081
11002|0.00|15.00|1015091
11002|0.00|15.00|1015101
11002|0.00|15.00|1015111
11002|0.00|15.00|1015121
11002|0.00|15.00|1015131
#shoal_11002_8_2
15.00
11002|0.00|15.00|1015012
11002|0.00|15.00|1015022
11002|0.00|15.00|1015032
11002|0.00|15.00|1015042
11002|0.00|15.00|1015052
11002|0.00|15.00|1015062
11002|0.00|15.00|1015072
11002|0.00|15.00|1015082
11002|0.00|15.00|1015092
11002|0.00|15.00|1015102
11002|0.00|15.00|1015112
11002|0.00|15.00|1015122
11002|0.00|15.00|1015132
#shoal_11002_8_3
15.00
11002|0.00|15.00|1015013
11002|0.00|15.00|1015023
11002|0.00|15.00|1015033
11002|0.00|15.00|1015043
11002|0.00|15.00|1015053
11002|0.00|15.00|1015063
11002|0.00|15.00|1015073
11002|0.00|15.00|1015083
11002|0.00|15.00|1015093
11002|0.00|15.00|1015103
11002|0.00|15.00|1015113
11002|0.00|15.00|1015123
11002|0.00|15.00|1015133
#shoal_11002_8_4
15.00
11002|0.00|15.00|1015014
11002|0.00|15.00|1015024
11002|0.00|15.00|1015034
11002|0.00|15.00|1015044
11002|0.00|15.00|1015054
11002|0.00|15.00|1015064
11002|0.00|15.00|1015074
11002|0.00|15.00|1015084
11002|0.00|15.00|1015094
11002|0.00|15.00|1015104
11002|0.00|15.00|1015114
11002|0.00|15.00|1015124
11002|0.00|15.00|1015134
#shoal_11003_1_1
18.50
11003|0.00|14.00|1011861
11003|0.50|14.50|1011871
11003|1.00|15.00|1011881
11003|1.50|15.50|1011891
11003|2.00|16.00|1011901
11003|2.50|16.50|1011911
11003|3.00|17.00|1011921
11003|3.50|17.50|1011931
11003|4.00|18.00|1011941
11003|4.50|18.50|1011951
#shoal_11003_1_2
18.50
11003|0.00|14.00|1011862
11003|0.50|14.50|1011872
11003|1.00|15.00|1011882
11003|1.50|15.50|1011892
11003|2.00|16.00|1011902
11003|2.50|16.50|1011912
11003|3.00|17.00|1011922
11003|3.50|17.50|1011932
11003|4.00|18.00|1011942
11003|4.50|18.50|1011952
#shoal_11003_1_3
18.50
11003|0.00|14.00|1011863
11003|0.50|14.50|1011873
11003|1.00|15.00|1011883
11003|1.50|15.50|1011893
11003|2.00|16.00|1011903
11003|2.50|16.50|1011913
11003|3.00|17.00|1011923
11003|3.50|17.50|1011933
11003|4.00|18.00|1011943
11003|4.50|18.50|1011953
#shoal_11003_1_4
18.50
11003|0.00|14.00|1011864
11003|0.50|14.50|1011874
11003|1.00|15.00|1011884
11003|1.50|15.50|1011894
11003|2.00|16.00|1011904
11003|2.50|16.50|1011914
11003|3.00|17.00|1011924
11003|3.50|17.50|1011934
11003|4.00|18.00|1011944
11003|4.50|18.50|1011954
#shoal_11003_2_1
18.50
11003|0.00|14.00|1011961
11003|0.50|14.50|1011971
11003|1.00|15.00|1011981
11003|1.50|15.50|1011991
11003|2.00|16.00|1012001
11003|2.50|16.50|1012011
11003|3.00|17.00|1012021
11003|3.50|17.50|1012031
11003|4.00|18.00|1012041
11003|4.50|18.50|1012051
#shoal_11003_2_2
18.50
11003|0.00|14.00|1011962
11003|0.50|14.50|1011972
11003|1.00|15.00|1011982
11003|1.50|15.50|1011992
11003|2.00|16.00|1012002
11003|2.50|16.50|1012012
11003|3.00|17.00|1012022
11003|3.50|17.50|1012032
11003|4.00|18.00|1012042
11003|4.50|18.50|1012052
#shoal_11003_2_3
18.50
11003|0.00|14.00|1011963
11003|0.50|14.50|1011973
11003|1.00|15.00|1011983
11003|1.50|15.50|1011993
11003|2.00|16.00|1012003
11003|2.50|16.50|1012013
11003|3.00|17.00|1012023
11003|3.50|17.50|1012033
11003|4.00|18.00|1012043
11003|4.50|18.50|1012053
#shoal_11003_2_4
18.50
11003|0.00|14.00|1011964
11003|0.50|14.50|1011974
11003|1.00|15.00|1011984
11003|1.50|15.50|1011994
11003|2.00|16.00|1012004
11003|2.50|16.50|1012014
11003|3.00|17.00|1012024
11003|3.50|17.50|1012034
11003|4.00|18.00|1012044
11003|4.50|18.50|1012054
#shoal_11003_3_1
18.50
11003|0.00|14.00|1012061
11003|0.50|14.50|1012071
11003|1.00|15.00|1012081
11003|1.50|15.50|1012091
11003|2.00|16.00|1012101
11003|2.50|16.50|1012111
11003|3.00|17.00|1012121
11003|3.50|17.50|1012131
11003|4.00|18.00|1012141
11003|4.50|18.50|1012151
#shoal_11003_3_2
18.50
11003|0.00|14.00|1012062
11003|0.50|14.50|1012072
11003|1.00|15.00|1012082
11003|1.50|15.50|1012092
11003|2.00|16.00|1012102
11003|2.50|16.50|1012112
11003|3.00|17.00|1012122
11003|3.50|17.50|1012132
11003|4.00|18.00|1012142
11003|4.50|18.50|1012152
#shoal_11003_3_3
18.50
11003|0.00|14.00|1012063
11003|0.50|14.50|1012073
11003|1.00|15.00|1012083
11003|1.50|15.50|1012093
11003|2.00|16.00|1012103
11003|2.50|16.50|1012113
11003|3.00|17.00|1012123
11003|3.50|17.50|1012133
11003|4.00|18.00|1012143
11003|4.50|18.50|1012153
#shoal_11003_3_4
18.50
11003|0.00|14.00|1012064
11003|0.50|14.50|1012074
11003|1.00|15.00|1012084
11003|1.50|15.50|1012094
11003|2.00|16.00|1012104
11003|2.50|16.50|1012114
11003|3.00|17.00|1012124
11003|3.50|17.50|1012134
11003|4.00|18.00|1012144
11003|4.50|18.50|1012154
#shoal_11003_4_1
19.50
11003|0.00|15.00|1012161
11003|0.50|15.50|1012171
11003|1.00|16.00|1012181
11003|1.50|16.50|1012191
11003|2.00|17.00|1012201
11003|2.50|17.50|1012211
11003|3.00|18.00|1012221
11003|3.50|18.50|1012231
11003|4.00|19.00|1012241
11003|4.50|19.50|1012251
#shoal_11003_4_2
19.50
11003|0.00|15.00|1012162
11003|0.50|15.50|1012172
11003|1.00|16.00|1012182
11003|1.50|16.50|1012192
11003|2.00|17.00|1012202
11003|2.50|17.50|1012212
11003|3.00|18.00|1012222
11003|3.50|18.50|1012232
11003|4.00|19.00|1012242
11003|4.50|19.50|1012252
#shoal_11003_4_3
19.50
11003|0.00|15.00|1012163
11003|0.50|15.50|1012173
11003|1.00|16.00|1012183
11003|1.50|16.50|1012193
11003|2.00|17.00|1012203
11003|2.50|17.50|1012213
11003|3.00|18.00|1012223
11003|3.50|18.50|1012233
11003|4.00|19.00|1012243
11003|4.50|19.50|1012253
#shoal_11003_4_4
19.50
11003|0.00|15.00|1012164
11003|0.50|15.50|1012174
11003|1.00|16.00|1012184
11003|1.50|16.50|1012194
11003|2.00|17.00|1012204
11003|2.50|17.50|1012214
11003|3.00|18.00|1012224
11003|3.50|18.50|1012234
11003|4.00|19.00|1012244
11003|4.50|19.50|1012254
#shoal_11003_5_1
19.50
11003|0.00|15.00|1012261
11003|0.50|15.50|1012271
11003|1.00|16.00|1012281
11003|1.50|16.50|1012291
11003|2.00|17.00|1012301
11003|2.50|17.50|1012311
11003|3.00|18.00|1012321
11003|3.50|18.50|1012331
11003|4.00|19.00|1012341
11003|4.50|19.50|1012351
#shoal_11003_5_2
19.50
11003|0.00|15.00|1012262
11003|0.50|15.50|1012272
11003|1.00|16.00|1012282
11003|1.50|16.50|1012292
11003|2.00|17.00|1012302
11003|2.50|17.50|1012312
11003|3.00|18.00|1012322
11003|3.50|18.50|1012332
11003|4.00|19.00|1012342
11003|4.50|19.50|1012352
#shoal_11003_5_3
19.50
11003|0.00|15.00|1012263
11003|0.50|15.50|1012273
11003|1.00|16.00|1012283
11003|1.50|16.50|1012293
11003|2.00|17.00|1012303
11003|2.50|17.50|1012313
11003|3.00|18.00|1012323
11003|3.50|18.50|1012333
11003|4.00|19.00|1012343
11003|4.50|19.50|1012353
#shoal_11003_5_4
19.50
11003|0.00|15.00|1012264
11003|0.50|15.50|1012274
11003|1.00|16.00|1012284
11003|1.50|16.50|1012294
11003|2.00|17.00|1012304
11003|2.50|17.50|1012314
11003|3.00|18.00|1012324
11003|3.50|18.50|1012334
11003|4.00|19.00|1012344
11003|4.50|19.50|1012354
#shoal_11004_1_1
19.40
11004|0.00|14.00|1011301
11004|0.60|14.60|1011311
11004|1.20|15.20|1011321
11004|1.80|15.80|1011331
11004|2.40|16.40|1011341
11004|3.00|17.00|1011351
11004|3.60|17.60|1011361
11004|4.20|18.20|1011371
11004|4.80|18.80|1011381
11004|5.40|19.40|1011391
#shoal_11004_1_2
19.40
11004|0.00|14.00|1011302
11004|0.60|14.60|1011312
11004|1.20|15.20|1011322
11004|1.80|15.80|1011332
11004|2.40|16.40|1011342
11004|3.00|17.00|1011352
11004|3.60|17.60|1011362
11004|4.20|18.20|1011372
11004|4.80|18.80|1011382
11004|5.40|19.40|1011392
#shoal_11004_1_3
19.40
11004|0.00|14.00|1011303
11004|0.60|14.60|1011313
11004|1.20|15.20|1011323
11004|1.80|15.80|1011333
11004|2.40|16.40|1011343
11004|3.00|17.00|1011353
11004|3.60|17.60|1011363
11004|4.20|18.20|1011373
11004|4.80|18.80|1011383
11004|5.40|19.40|1011393
#shoal_11004_1_4
19.40
11004|0.00|14.00|1011304
11004|0.60|14.60|1011314
11004|1.20|15.20|1011324
11004|1.80|15.80|1011334
11004|2.40|16.40|1011344
11004|3.00|17.00|1011354
11004|3.60|17.60|1011364
11004|4.20|18.20|1011374
11004|4.80|18.80|1011384
11004|5.40|19.40|1011394
#shoal_11004_2_1
19.40
11004|0.00|14.00|1011401
11004|0.60|14.60|1011411
11004|1.20|15.20|1011421
11004|1.80|15.80|1011431
11004|2.40|16.40|1011441
11004|3.00|17.00|1011451
11004|3.60|17.60|1011461
11004|4.20|18.20|1011471
11004|4.80|18.80|1011481
11004|5.40|19.40|1011491
#shoal_11004_2_2
19.40
11004|0.00|14.00|1011402
11004|0.60|14.60|1011412
11004|1.20|15.20|1011422
11004|1.80|15.80|1011432
11004|2.40|16.40|1011442
11004|3.00|17.00|1011452
11004|3.60|17.60|1011462
11004|4.20|18.20|1011472
11004|4.80|18.80|1011482
11004|5.40|19.40|1011492
#shoal_11004_2_3
19.40
11004|0.00|14.00|1011403
11004|0.60|14.60|1011413
11004|1.20|15.20|1011423
11004|1.80|15.80|1011433
11004|2.40|16.40|1011443
11004|3.00|17.00|1011453
11004|3.60|17.60|1011463
11004|4.20|18.20|1011473
11004|4.80|18.80|1011483
11004|5.40|19.40|1011493
#shoal_11004_2_4
19.40
11004|0.00|14.00|1011404
11004|0.60|14.60|1011414
11004|1.20|15.20|1011424
11004|1.80|15.80|1011434
11004|2.40|16.40|1011444
11004|3.00|17.00|1011454
11004|3.60|17.60|1011464
11004|4.20|18.20|1011474
11004|4.80|18.80|1011484
11004|5.40|19.40|1011494
#shoal_11004_3_1
19.40
11004|0.00|14.00|1011501
11004|0.60|14.60|1011511
11004|1.20|15.20|1011521
11004|1.80|15.80|1011531
11004|2.40|16.40|1011541
11004|3.00|17.00|1011551
11004|3.60|17.60|1011561
11004|4.20|18.20|1011571
11004|4.80|18.80|1011581
11004|5.40|19.40|1011591
#shoal_11004_3_2
19.40
11004|0.00|14.00|1011502
11004|0.60|14.60|1011512
11004|1.20|15.20|1011522
11004|1.80|15.80|1011532
11004|2.40|16.40|1011542
11004|3.00|17.00|1011552
11004|3.60|17.60|1011562
11004|4.20|18.20|1011572
11004|4.80|18.80|1011582
11004|5.40|19.40|1011592
#shoal_11004_3_3
19.40
11004|0.00|14.00|1011503
11004|0.60|14.60|1011513
11004|1.20|15.20|1011523
11004|1.80|15.80|1011533
11004|2.40|16.40|1011543
11004|3.00|17.00|1011553
11004|3.60|17.60|1011563
11004|4.20|18.20|1011573
11004|4.80|18.80|1011583
11004|5.40|19.40|1011593
#shoal_11004_3_4
19.40
11004|0.00|14.00|1011504
11004|0.60|14.60|1011514
11004|1.20|15.20|1011524
11004|1.80|15.80|1011534
11004|2.40|16.40|1011544
11004|3.00|17.00|1011554
11004|3.60|17.60|1011564
11004|4.20|18.20|1011574
11004|4.80|18.80|1011584
11004|5.40|19.40|1011594
#shoal_11004_4_1
22.40
11004|0.00|17.00|1011601
11004|0.60|17.60|1011611
11004|1.20|18.20|1011621
11004|1.80|18.80|1011631
11004|2.40|19.40|1011641
11004|3.00|20.00|1011651
11004|3.60|20.60|1011661
11004|4.20|21.20|1011671
11004|4.80|21.80|1011681
11004|5.40|22.40|1011691
#shoal_11004_4_2
22.40
11004|0.00|17.00|1011602
11004|0.60|17.60|1011612
11004|1.20|18.20|1011622
11004|1.80|18.80|1011632
11004|2.40|19.40|1011642
11004|3.00|20.00|1011652
11004|3.60|20.60|1011662
11004|4.20|21.20|1011672
11004|4.80|21.80|1011682
11004|5.40|22.40|1011692
#shoal_11004_4_3
22.40
11004|0.00|17.00|1011603
11004|0.60|17.60|1011613
11004|1.20|18.20|1011623
11004|1.80|18.80|1011633
11004|2.40|19.40|1011643
11004|3.00|20.00|1011653
11004|3.60|20.60|1011663
11004|4.20|21.20|1011673
11004|4.80|21.80|1011683
11004|5.40|22.40|1011693
#shoal_11004_4_4
22.40
11004|0.00|17.00|1011604
11004|0.60|17.60|1011614
11004|1.20|18.20|1011624
11004|1.80|18.80|1011634
11004|2.40|19.40|1011644
11004|3.00|20.00|1011654
11004|3.60|20.60|1011664
11004|4.20|21.20|1011674
11004|4.80|21.80|1011684
11004|5.40|22.40|1011694
#shoal_11004_5_1
19.40
11004|0.00|14.00|1011701
11004|0.60|14.60|1011711
11004|1.20|15.20|1011721
11004|1.80|15.80|1011731
11004|2.40|16.40|1011741
11004|3.00|17.00|1011751
11004|3.60|17.60|1011761
11004|4.20|18.20|1011771
11004|4.80|18.80|1011781
11004|5.40|19.40|1011791
#shoal_11004_5_2
19.40
11004|0.00|14.00|1011702
11004|0.60|14.60|1011712
11004|1.20|15.20|1011722
11004|1.80|15.80|1011732
11004|2.40|16.40|1011742
11004|3.00|17.00|1011752
11004|3.60|17.60|1011762
11004|4.20|18.20|1011772
11004|4.80|18.80|1011782
11004|5.40|19.40|1011792
#shoal_11004_5_3
19.40
11004|0.00|14.00|1011703
11004|0.60|14.60|1011713
11004|1.20|15.20|1011723
11004|1.80|15.80|1011733
11004|2.40|16.40|1011743
11004|3.00|17.00|1011753
11004|3.60|17.60|1011763
11004|4.20|18.20|1011773
11004|4.80|18.80|1011783
11004|5.40|19.40|1011793
#shoal_11004_5_4
19.40
11004|0.00|14.00|1011704
11004|0.60|14.60|1011714
11004|1.20|15.20|1011724
11004|1.80|15.80|1011734
11004|2.40|16.40|1011744
11004|3.00|17.00|1011754
11004|3.60|17.60|1011764
11004|4.20|18.20|1011774
11004|4.80|18.80|1011784
11004|5.40|19.40|1011794
#shoal_11006_1_1
20.40
11006|0.00|15.00|1012981
11006|0.60|15.60|1012991
11006|1.20|16.20|1013001
11006|1.80|16.80|1013011
11006|2.40|17.40|1013021
11006|3.00|18.00|1013031
11006|3.60|18.60|1013041
11006|4.20|19.20|1013051
11006|4.80|19.80|1013061
11006|5.40|20.40|1013071
#shoal_11006_1_2
20.40
11006|0.00|15.00|1012982
11006|0.60|15.60|1012992
11006|1.20|16.20|1013002
11006|1.80|16.80|1013012
11006|2.40|17.40|1013022
11006|3.00|18.00|1013032
11006|3.60|18.60|1013042
11006|4.20|19.20|1013052
11006|4.80|19.80|1013062
11006|5.40|20.40|1013072
#shoal_11006_1_3
20.40
11006|0.00|15.00|1012983
11006|0.60|15.60|1012993
11006|1.20|16.20|1013003
11006|1.80|16.80|1013013
11006|2.40|17.40|1013023
11006|3.00|18.00|1013033
11006|3.60|18.60|1013043
11006|4.20|19.20|1013053
11006|4.80|19.80|1013063
11006|5.40|20.40|1013073
#shoal_11006_1_4
20.40
11006|0.00|15.00|1012984
11006|0.60|15.60|1012994
11006|1.20|16.20|1013004
11006|1.80|16.80|1013014
11006|2.40|17.40|1013024
11006|3.00|18.00|1013034
11006|3.60|18.60|1013044
11006|4.20|19.20|1013054
11006|4.80|19.80|1013064
11006|5.40|20.40|1013074
#shoal_11006_2_1
20.40
11006|0.00|15.00|1013081
11006|0.60|15.60|1013091
11006|1.20|16.20|1013101
11006|1.80|16.80|1013111
11006|2.40|17.40|1013121
11006|3.00|18.00|1013131
11006|3.60|18.60|1013141
11006|4.20|19.20|1013151
11006|4.80|19.80|1013161
11006|5.40|20.40|1013171
#shoal_11006_2_2
20.40
11006|0.00|15.00|1013082
11006|0.60|15.60|1013092
11006|1.20|16.20|1013102
11006|1.80|16.80|1013112
11006|2.40|17.40|1013122
11006|3.00|18.00|1013132
11006|3.60|18.60|1013142
11006|4.20|19.20|1013152
11006|4.80|19.80|1013162
11006|5.40|20.40|1013172
#shoal_11006_2_3
20.40
11006|0.00|15.00|1013083
11006|0.60|15.60|1013093
11006|1.20|16.20|1013103
11006|1.80|16.80|1013113
11006|2.40|17.40|1013123
11006|3.00|18.00|1013133
11006|3.60|18.60|1013143
11006|4.20|19.20|1013153
11006|4.80|19.80|1013163
11006|5.40|20.40|1013173
#shoal_11006_2_4
20.40
11006|0.00|15.00|1013084
11006|0.60|15.60|1013094
11006|1.20|16.20|1013104
11006|1.80|16.80|1013114
11006|2.40|17.40|1013124
11006|3.00|18.00|1013134
11006|3.60|18.60|1013144
11006|4.20|19.20|1013154
11006|4.80|19.80|1013164
11006|5.40|20.40|1013174
#shoal_11006_3_1
20.40
11006|0.00|15.00|1013181
11006|0.60|15.60|1013191
11006|1.20|16.20|1013201
11006|1.80|16.80|1013211
11006|2.40|17.40|1013221
11006|3.00|18.00|1013231
11006|3.60|18.60|1013241
11006|4.20|19.20|1013251
11006|4.80|19.80|1013261
11006|5.40|20.40|1013271
#shoal_11006_3_2
20.40
11006|0.00|15.00|1013182
11006|0.60|15.60|1013192
11006|1.20|16.20|1013202
11006|1.80|16.80|1013212
11006|2.40|17.40|1013222
11006|3.00|18.00|1013232
11006|3.60|18.60|1013242
11006|4.20|19.20|1013252
11006|4.80|19.80|1013262
11006|5.40|20.40|1013272
#shoal_11006_3_3
20.40
11006|0.00|15.00|1013183
11006|0.60|15.60|1013193
11006|1.20|16.20|1013203
11006|1.80|16.80|1013213
11006|2.40|17.40|1013223
11006|3.00|18.00|1013233
11006|3.60|18.60|1013243
11006|4.20|19.20|1013253
11006|4.80|19.80|1013263
11006|5.40|20.40|1013273
#shoal_11006_3_4
20.40
11006|0.00|15.00|1013184
11006|0.60|15.60|1013194
11006|1.20|16.20|1013204
11006|1.80|16.80|1013214
11006|2.40|17.40|1013224
11006|3.00|18.00|1013234
11006|3.60|18.60|1013244
11006|4.20|19.20|1013254
11006|4.80|19.80|1013264
11006|5.40|20.40|1013274
#shoal_11006_4_1
20.40
11006|0.00|15.00|1013281
11006|0.60|15.60|1013291
11006|1.20|16.20|1013301
11006|1.80|16.80|1013311
11006|2.40|17.40|1013321
11006|3.00|18.00|1013331
11006|3.60|18.60|1013341
11006|4.20|19.20|1013351
11006|4.80|19.80|1013361
11006|5.40|20.40|1013371
#shoal_11006_4_2
20.40
11006|0.00|15.00|1013282
11006|0.60|15.60|1013292
11006|1.20|16.20|1013302
11006|1.80|16.80|1013312
11006|2.40|17.40|1013322
11006|3.00|18.00|1013332
11006|3.60|18.60|1013342
11006|4.20|19.20|1013352
11006|4.80|19.80|1013362
11006|5.40|20.40|1013372
#shoal_11006_4_3
20.40
11006|0.00|15.00|1013283
11006|0.60|15.60|1013293
11006|1.20|16.20|1013303
11006|1.80|16.80|1013313
11006|2.40|17.40|1013323
11006|3.00|18.00|1013333
11006|3.60|18.60|1013343
11006|4.20|19.20|1013353
11006|4.80|19.80|1013363
11006|5.40|20.40|1013373
#shoal_11006_4_4
20.40
11006|0.00|15.00|1013284
11006|0.60|15.60|1013294
11006|1.20|16.20|1013304
11006|1.80|16.80|1013314
11006|2.40|17.40|1013324
11006|3.00|18.00|1013334
11006|3.60|18.60|1013344
11006|4.20|19.20|1013354
11006|4.80|19.80|1013364
11006|5.40|20.40|1013374
#shoal_11006_5_1
20.40
11006|0.00|15.00|1013381
11006|0.60|15.60|1013391
11006|1.20|16.20|1013401
11006|1.80|16.80|1013411
11006|2.40|17.40|1013421
11006|3.00|18.00|1013431
11006|3.60|18.60|1013441
11006|4.20|19.20|1013451
11006|4.80|19.80|1013461
11006|5.40|20.40|1013471
#shoal_11006_5_2
20.40
11006|0.00|15.00|1013382
11006|0.60|15.60|1013392
11006|1.20|16.20|1013402
11006|1.80|16.80|1013412
11006|2.40|17.40|1013422
11006|3.00|18.00|1013432
11006|3.60|18.60|1013442
11006|4.20|19.20|1013452
11006|4.80|19.80|1013462
11006|5.40|20.40|1013472
#shoal_11006_5_3
20.40
11006|0.00|15.00|1013383
11006|0.60|15.60|1013393
11006|1.20|16.20|1013403
11006|1.80|16.80|1013413
11006|2.40|17.40|1013423
11006|3.00|18.00|1013433
11006|3.60|18.60|1013443
11006|4.20|19.20|1013453
11006|4.80|19.80|1013463
11006|5.40|20.40|1013473
#shoal_11006_5_4
20.40
11006|0.00|15.00|1013384
11006|0.60|15.60|1013394
11006|1.20|16.20|1013404
11006|1.80|16.80|1013414
11006|2.40|17.40|1013424
11006|3.00|18.00|1013434
11006|3.60|18.60|1013444
11006|4.20|19.20|1013454
11006|4.80|19.80|1013464
11006|5.40|20.40|1013474
#shoal_11007_1_1
21.30
11007|0.00|15.00|1013541
11007|0.70|15.70|1013551
11007|1.40|16.40|1013561
11007|2.10|17.10|1013571
11007|2.80|17.80|1013581
11007|3.50|18.50|1013591
11007|4.20|19.20|1013601
11007|4.90|19.90|1013611
11007|5.60|20.60|1013621
11007|6.30|21.30|1013631
#shoal_11007_1_2
21.30
11007|0.00|15.00|1013542
11007|0.70|15.70|1013552
11007|1.40|16.40|1013562
11007|2.10|17.10|1013572
11007|2.80|17.80|1013582
11007|3.50|18.50|1013592
11007|4.20|19.20|1013602
11007|4.90|19.90|1013612
11007|5.60|20.60|1013622
11007|6.30|21.30|1013632
#shoal_11007_1_3
21.30
11007|0.00|15.00|1013543
11007|0.70|15.70|1013553
11007|1.40|16.40|1013563
11007|2.10|17.10|1013573
11007|2.80|17.80|1013583
11007|3.50|18.50|1013593
11007|4.20|19.20|1013603
11007|4.90|19.90|1013613
11007|5.60|20.60|1013623
11007|6.30|21.30|1013633
#shoal_11007_1_4
21.30
11007|0.00|15.00|1013544
11007|0.70|15.70|1013554
11007|1.40|16.40|1013564
11007|2.10|17.10|1013574
11007|2.80|17.80|1013584
11007|3.50|18.50|1013594
11007|4.20|19.20|1013604
11007|4.90|19.90|1013614
11007|5.60|20.60|1013624
11007|6.30|21.30|1013634
#shoal_11007_2_1
21.30
11007|0.00|15.00|1013641
11007|0.70|15.70|1013651
11007|1.40|16.40|1013661
11007|2.10|17.10|1013671
11007|2.80|17.80|1013681
11007|3.50|18.50|1013691
11007|4.20|19.20|1013701
11007|4.90|19.90|1013711
11007|5.60|20.60|1013721
11007|6.30|21.30|1013731
#shoal_11007_2_2
21.30
11007|0.00|15.00|1013642
11007|0.70|15.70|1013652
11007|1.40|16.40|1013662
11007|2.10|17.10|1013672
11007|2.80|17.80|1013682
11007|3.50|18.50|1013692
11007|4.20|19.20|1013702
11007|4.90|19.90|1013712
11007|5.60|20.60|1013722
11007|6.30|21.30|1013732
#shoal_11007_2_3
21.30
11007|0.00|15.00|1013643
11007|0.70|15.70|1013653
11007|1.40|16.40|1013663
11007|2.10|17.10|1013673
11007|2.80|17.80|1013683
11007|3.50|18.50|1013693
11007|4.20|19.20|1013703
11007|4.90|19.90|1013713
11007|5.60|20.60|1013723
11007|6.30|21.30|1013733
#shoal_11007_2_4
21.30
11007|0.00|15.00|1013644
11007|0.70|15.70|1013654
11007|1.40|16.40|1013664
11007|2.10|17.10|1013674
11007|2.80|17.80|1013684
11007|3.50|18.50|1013694
11007|4.20|19.20|1013704
11007|4.90|19.90|1013714
11007|5.60|20.60|1013724
11007|6.30|21.30|1013734
#shoal_11007_3_1
21.30
11007|0.00|15.00|1013741
11007|0.70|15.70|1013751
11007|1.40|16.40|1013761
11007|2.10|17.10|1013771
11007|2.80|17.80|1013781
11007|3.50|18.50|1013791
11007|4.20|19.20|1013801
11007|4.90|19.90|1013811
11007|5.60|20.60|1013821
11007|6.30|21.30|1013831
#shoal_11007_3_2
21.30
11007|0.00|15.00|1013742
11007|0.70|15.70|1013752
11007|1.40|16.40|1013762
11007|2.10|17.10|1013772
11007|2.80|17.80|1013782
11007|3.50|18.50|1013792
11007|4.20|19.20|1013802
11007|4.90|19.90|1013812
11007|5.60|20.60|1013822
11007|6.30|21.30|1013832
#shoal_11007_3_3
21.30
11007|0.00|15.00|1013743
11007|0.70|15.70|1013753
11007|1.40|16.40|1013763
11007|2.10|17.10|1013773
11007|2.80|17.80|1013783
11007|3.50|18.50|1013793
11007|4.20|19.20|1013803
11007|4.90|19.90|1013813
11007|5.60|20.60|1013823
11007|6.30|21.30|1013833
#shoal_11007_3_4
21.30
11007|0.00|15.00|1013744
11007|0.70|15.70|1013754
11007|1.40|16.40|1013764
11007|2.10|17.10|1013774
11007|2.80|17.80|1013784
11007|3.50|18.50|1013794
11007|4.20|19.20|1013804
11007|4.90|19.90|1013814
11007|5.60|20.60|1013824
11007|6.30|21.30|1013834
#shoal_11007_4_1
21.30
11007|0.00|15.00|1013841
11007|0.70|15.70|1013851
11007|1.40|16.40|1013861
11007|2.10|17.10|1013871
11007|2.80|17.80|1013881
11007|3.50|18.50|1013891
11007|4.20|19.20|1013901
11007|4.90|19.90|1013911
11007|5.60|20.60|1013921
11007|6.30|21.30|1013931
#shoal_11007_4_2
21.30
11007|0.00|15.00|1013842
11007|0.70|15.70|1013852
11007|1.40|16.40|1013862
11007|2.10|17.10|1013872
11007|2.80|17.80|1013882
11007|3.50|18.50|1013892
11007|4.20|19.20|1013902
11007|4.90|19.90|1013912
11007|5.60|20.60|1013922
11007|6.30|21.30|1013932
#shoal_11007_4_3
21.30
11007|0.00|15.00|1013843
11007|0.70|15.70|1013853
11007|1.40|16.40|1013863
11007|2.10|17.10|1013873
11007|2.80|17.80|1013883
11007|3.50|18.50|1013893
11007|4.20|19.20|1013903
11007|4.90|19.90|1013913
11007|5.60|20.60|1013923
11007|6.30|21.30|1013933
#shoal_11007_4_4
21.30
11007|0.00|15.00|1013844
11007|0.70|15.70|1013854
11007|1.40|16.40|1013864
11007|2.10|17.10|1013874
11007|2.80|17.80|1013884
11007|3.50|18.50|1013894
11007|4.20|19.20|1013904
11007|4.90|19.90|1013914
11007|5.60|20.60|1013924
11007|6.30|21.30|1013934
#shoal_11007_5_1
21.30
11007|0.00|15.00|1013941
11007|0.70|15.70|1013951
11007|1.40|16.40|1013961
11007|2.10|17.10|1013971
11007|2.80|17.80|1013981
11007|3.50|18.50|1013991
11007|4.20|19.20|1014001
11007|4.90|19.90|1014011
11007|5.60|20.60|1014021
11007|6.30|21.30|1014031
#shoal_11007_5_2
21.30
11007|0.00|15.00|1013942
11007|0.70|15.70|1013952
11007|1.40|16.40|1013962
11007|2.10|17.10|1013972
11007|2.80|17.80|1013982
11007|3.50|18.50|1013992
11007|4.20|19.20|1014002
11007|4.90|19.90|1014012
11007|5.60|20.60|1014022
11007|6.30|21.30|1014032
#shoal_11007_5_3
21.30
11007|0.00|15.00|1013943
11007|0.70|15.70|1013953
11007|1.40|16.40|1013963
11007|2.10|17.10|1013973
11007|2.80|17.80|1013983
11007|3.50|18.50|1013993
11007|4.20|19.20|1014003
11007|4.90|19.90|1014013
11007|5.60|20.60|1014023
11007|6.30|21.30|1014033
#shoal_11007_5_4
21.30
11007|0.00|15.00|1013944
11007|0.70|15.70|1013954
11007|1.40|16.40|1013964
11007|2.10|17.10|1013974
11007|2.80|17.80|1013984
11007|3.50|18.50|1013994
11007|4.20|19.20|1014004
11007|4.90|19.90|1014014
11007|5.60|20.60|1014024
11007|6.30|21.30|1014034
#shoal_11085_1_1
21.30
11085|0.00|15.00|1012421
11085|0.70|15.70|1012431
11085|1.40|16.40|1012441
11085|2.10|17.10|1012451
11085|2.80|17.80|1012461
11085|3.50|18.50|1012471
11085|4.20|19.20|1012481
11085|4.90|19.90|1012491
11085|5.60|20.60|1012501
11085|6.30|21.30|1012511
#shoal_11085_1_2
21.30
11085|0.00|15.00|1012422
11085|0.70|15.70|1012432
11085|1.40|16.40|1012442
11085|2.10|17.10|1012452
11085|2.80|17.80|1012462
11085|3.50|18.50|1012472
11085|4.20|19.20|1012482
11085|4.90|19.90|1012492
11085|5.60|20.60|1012502
11085|6.30|21.30|1012512
#shoal_11085_1_3
21.30
11085|0.00|15.00|1012423
11085|0.70|15.70|1012433
11085|1.40|16.40|1012443
11085|2.10|17.10|1012453
11085|2.80|17.80|1012463
11085|3.50|18.50|1012473
11085|4.20|19.20|1012483
11085|4.90|19.90|1012493
11085|5.60|20.60|1012503
11085|6.30|21.30|1012513
#shoal_11085_1_4
21.30
11085|0.00|15.00|1012424
11085|0.70|15.70|1012434
11085|1.40|16.40|1012444
11085|2.10|17.10|1012454
11085|2.80|17.80|1012464
11085|3.50|18.50|1012474
11085|4.20|19.20|1012484
11085|4.90|19.90|1012494
11085|5.60|20.60|1012504
11085|6.30|21.30|1012514
#shoal_11085_2_1
20.30
11085|0.00|14.00|1012521
11085|0.70|14.70|1012531
11085|1.40|15.40|1012541
11085|2.10|16.10|1012551
11085|2.80|16.80|1012561
11085|3.50|17.50|1012571
11085|4.20|18.20|1012581
11085|4.90|18.90|1012591
11085|5.60|19.60|1012601
11085|6.30|20.30|1012611
#shoal_11085_2_2
20.30
11085|0.00|14.00|1012522
11085|0.70|14.70|1012532
11085|1.40|15.40|1012542
11085|2.10|16.10|1012552
11085|2.80|16.80|1012562
11085|3.50|17.50|1012572
11085|4.20|18.20|1012582
11085|4.90|18.90|1012592
11085|5.60|19.60|1012602
11085|6.30|20.30|1012612
#shoal_11085_2_3
20.30
11085|0.00|14.00|1012523
11085|0.70|14.70|1012533
11085|1.40|15.40|1012543
11085|2.10|16.10|1012553
11085|2.80|16.80|1012563
11085|3.50|17.50|1012573
11085|4.20|18.20|1012583
11085|4.90|18.90|1012593
11085|5.60|19.60|1012603
11085|6.30|20.30|1012613
#shoal_11085_2_4
20.30
11085|0.00|14.00|1012524
11085|0.70|14.70|1012534
11085|1.40|15.40|1012544
11085|2.10|16.10|1012554
11085|2.80|16.80|1012564
11085|3.50|17.50|1012574
11085|4.20|18.20|1012584
11085|4.90|18.90|1012594
11085|5.60|19.60|1012604
11085|6.30|20.30|1012614
#shoal_11085_3_1
20.30
11085|0.00|14.00|1012621
11085|0.70|14.70|1012631
11085|1.40|15.40|1012641
11085|2.10|16.10|1012651
11085|2.80|16.80|1012661
11085|3.50|17.50|1012671
11085|4.20|18.20|1012681
11085|4.90|18.90|1012691
11085|5.60|19.60|1012701
11085|6.30|20.30|1012711
#shoal_11085_3_2
20.30
11085|0.00|14.00|1012622
11085|0.70|14.70|1012632
11085|1.40|15.40|1012642
11085|2.10|16.10|1012652
11085|2.80|16.80|1012662
11085|3.50|17.50|1012672
11085|4.20|18.20|1012682
11085|4.90|18.90|1012692
11085|5.60|19.60|1012702
11085|6.30|20.30|1012712
#shoal_11085_3_3
20.30
11085|0.00|14.00|1012623
11085|0.70|14.70|1012633
11085|1.40|15.40|1012643
11085|2.10|16.10|1012653
11085|2.80|16.80|1012663
11085|3.50|17.50|1012673
11085|4.20|18.20|1012683
11085|4.90|18.90|1012693
11085|5.60|19.60|1012703
11085|6.30|20.30|1012713
#shoal_11085_3_4
20.30
11085|0.00|14.00|1012624
11085|0.70|14.70|1012634
11085|1.40|15.40|1012644
11085|2.10|16.10|1012654
11085|2.80|16.80|1012664
11085|3.50|17.50|1012674
11085|4.20|18.20|1012684
11085|4.90|18.90|1012694
11085|5.60|19.60|1012704
11085|6.30|20.30|1012714
#shoal_11085_4_1
21.30
11085|0.00|15.00|1012721
11085|0.70|15.70|1012731
11085|1.40|16.40|1012741
11085|2.10|17.10|1012751
11085|2.80|17.80|1012761
11085|3.50|18.50|1012771
11085|4.20|19.20|1012781
11085|4.90|19.90|1012791
11085|5.60|20.60|1012801
11085|6.30|21.30|1012811
#shoal_11085_4_2
21.30
11085|0.00|15.00|1012722
11085|0.70|15.70|1012732
11085|1.40|16.40|1012742
11085|2.10|17.10|1012752
11085|2.80|17.80|1012762
11085|3.50|18.50|1012772
11085|4.20|19.20|1012782
11085|4.90|19.90|1012792
11085|5.60|20.60|1012802
11085|6.30|21.30|1012812
#shoal_11085_4_3
21.30
11085|0.00|15.00|1012723
11085|0.70|15.70|1012733
11085|1.40|16.40|1012743
11085|2.10|17.10|1012753
11085|2.80|17.80|1012763
11085|3.50|18.50|1012773
11085|4.20|19.20|1012783
11085|4.90|19.90|1012793
11085|5.60|20.60|1012803
11085|6.30|21.30|1012813
#shoal_11085_4_4
21.30
11085|0.00|15.00|1012724
11085|0.70|15.70|1012734
11085|1.40|16.40|1012744
11085|2.10|17.10|1012754
11085|2.80|17.80|1012764
11085|3.50|18.50|1012774
11085|4.20|19.20|1012784
11085|4.90|19.90|1012794
11085|5.60|20.60|1012804
11085|6.30|21.30|1012814
#shoal_11085_5_1
21.30
11085|0.00|15.00|1012821
11085|0.70|15.70|1012831
11085|1.40|16.40|1012841
11085|2.10|17.10|1012851
11085|2.80|17.80|1012861
11085|3.50|18.50|1012871
11085|4.20|19.20|1012881
11085|4.90|19.90|1012891
11085|5.60|20.60|1012901
11085|6.30|21.30|1012911
#shoal_11085_5_2
21.30
11085|0.00|15.00|1012822
11085|0.70|15.70|1012832
11085|1.40|16.40|1012842
11085|2.10|17.10|1012852
11085|2.80|17.80|1012862
11085|3.50|18.50|1012872
11085|4.20|19.20|1012882
11085|4.90|19.90|1012892
11085|5.60|20.60|1012902
11085|6.30|21.30|1012912
#shoal_11085_5_3
21.30
11085|0.00|15.00|1012823
11085|0.70|15.70|1012833
11085|1.40|16.40|1012843
11085|2.10|17.10|1012853
11085|2.80|17.80|1012863
11085|3.50|18.50|1012873
11085|4.20|19.20|1012883
11085|4.90|19.90|1012893
11085|5.60|20.60|1012903
11085|6.30|21.30|1012913
#shoal_11085_5_4
21.30
11085|0.00|15.00|1012824
11085|0.70|15.70|1012834
11085|1.40|16.40|1012844
11085|2.10|17.10|1012854
11085|2.80|17.80|1012864
11085|3.50|18.50|1012874
11085|4.20|19.20|1012884
11085|4.90|19.90|1012894
11085|5.60|20.60|1012904
11085|6.30|21.30|1012914
