#superbossborn_71201_1
27.00
71201|0.00|27.00|700931
#superbossborn_71201_2
27.00
71201|0.00|27.00|700932
#superbossborn_71201_3
30.20
71201|0.00|30.20|700933
#superbossborn_71201_4
27.00
71201|0.00|27.00|700934
#superbossborn_71202_1
36.00
71202|0.00|36.00|700983
#superbossborn_71202_2
34.00
71202|0.00|34.00|700984
#superbossborn_71202_3
32.00
71202|0.00|32.00|700985
#superbossborn_71202_4
36.00
71202|0.00|36.00|700986
#superbossborn_71203_1
21.00
71203|0.00|21.00|701035
#superbossborn_71203_2
21.00
71203|0.00|21.00|701036
#superbossborn_71203_3
19.00
71203|0.00|19.00|701037
#superbossborn_71203_4
21.00
71203|0.00|21.00|701038
#superbossborn_74207_1
20.00
74207|0.00|20.00|7010991|568|320|300
74007|6.00|12.00|900147|613.4081|253.2873|574.2412
74007|6.00|12.00|900147|648.7441|326.1487|634.2412
74007|6.00|12.00|900147|603.336|392.8615|334.2412
74007|6.00|12.00|900147|522.5919|386.7127|394.2412
74007|6.00|12.00|900147|487.2558|313.8513|454.2412
74007|6.00|12.00|900147|532.664|247.1385|514.2412
74007|6.20|12.20|900147|647.5226|333.7348|279.7992
74007|6.20|12.20|900147|595.812|396.0521|339.7992
74007|6.20|12.20|900147|516.2894|382.3173|39.79924
74007|6.20|12.20|900147|488.4774|306.2652|99.79922
74007|6.20|12.20|900147|540.188|243.9479|159.7992
74007|6.20|12.20|900147|619.7106|257.6827|219.7992
74007|6.40|12.40|900147|575.5137|400.3495|354.6577
74007|6.40|12.40|900147|501.8528|366.7116|414.6577
74007|6.40|12.40|900147|494.3391|286.3622|114.6577
74007|6.40|12.40|900147|560.4863|239.6505|174.6577
74007|6.40|12.40|900147|634.1472|273.2884|234.6577
74007|6.40|12.40|900147|641.6609|353.6378|294.6577
74007|6.60|12.60|900147|493.128|350.1111|428.0916
74007|6.60|12.60|900147|504.3674|269.9169|488.0916
74007|6.60|12.60|900147|579.2394|239.8058|188.0916
74007|6.60|12.60|900147|642.872|289.8889|248.0916
74007|6.60|12.60|900147|631.6326|370.0831|308.0916
74007|6.60|12.60|900147|556.7606|400.1942|368.0916
74007|6.80|12.80|900147|515.5104|258.7029|499.426
74007|6.80|12.80|900147|595.0836|243.6855|559.426
74007|6.80|12.80|900147|647.5732|304.9825|259.426
74007|6.80|12.80|900147|620.4896|381.2971|319.426
74007|6.80|12.80|900147|540.9164|396.3145|379.426
74007|6.80|12.80|900147|488.4268|335.0175|439.426
74007|7.00|13.00|900147|613.1008|253.0791|573.9777
74007|7.00|13.00|900147|648.7716|325.7773|633.9777
74007|7.00|13.00|900147|603.6707|392.6982|333.9777
74007|7.00|13.00|900147|522.8992|386.9209|393.9777
74007|7.00|13.00|900147|487.2284|314.2227|453.9777
74007|7.00|13.00|900147|532.3293|247.3018|513.9777
74007|7.20|13.20|900147|646.898|336.9585|282.1307
74007|7.20|13.20|900147|592.6951|397.1205|342.1307
74007|7.20|13.20|900147|513.7971|380.162|42.13073
74007|7.20|13.20|900147|489.102|303.0415|102.1307
74007|7.20|13.20|900147|543.3049|242.8794|162.1307
74007|7.20|13.20|900147|622.2029|259.838|222.1307
74007|7.40|13.40|900147|570.8501|400.6497|357.976
74007|7.40|13.40|900147|499.2599|362.8044|417.976
74007|7.40|13.40|900147|496.4098|282.1548|117.9761
74007|7.40|13.40|900147|565.1499|239.3503|177.976
74007|7.40|13.40|900147|636.7401|277.1956|237.976
74007|7.40|13.40|900147|639.5902|357.8452|297.976
74007|7.60|13.60|900147|493.575|351.1996|427.2562
74007|7.60|13.60|900147|503.6439|270.8501|487.2562
74007|7.60|13.60|900147|578.0688|239.6505|187.2562
74007|7.60|13.60|900147|642.425|288.8004|247.2562
74007|7.60|13.60|900147|632.3561|369.1499|307.2562
74007|7.60|13.60|900147|557.9312|400.3495|367.2562
74007|7.80|13.80|900147|517.479|257.0705|501.2419
74007|7.80|13.80|900147|597.4882|244.582|561.2419
74007|7.80|13.80|900147|648.0092|307.5115|261.2419
74007|7.80|13.80|900147|618.521|382.9295|321.2419
74007|7.80|13.80|900147|538.5118|395.418|381.2419
74007|7.80|13.80|900147|487.9908|332.4885|441.2419
74007|8.00|14.00|900147|607.9334|249.8729|569.6591
74007|8.00|14.00|900147|648.9773|319.6785|629.6591
74007|8.00|14.00|900147|609.0439|389.8056|329.6591
74007|8.00|14.00|900147|528.0666|390.1271|389.6591
74007|8.00|14.00|900147|487.0227|320.3215|449.6591
74007|8.00|14.00|900147|526.9561|250.1944|509.6591
74007|8.20|14.20|900147|647.3425|334.7396|280.524
74007|8.20|14.20|900147|594.8478|396.3978|340.524
74007|8.20|14.20|900147|515.5052|381.6582|40.52398
74007|8.20|14.20|900147|488.6575|305.2604|100.524
74007|8.20|14.20|900147|541.1522|243.6022|160.524
74007|8.20|14.20|900147|620.4948|258.3418|220.524
74007|8.40|14.40|900147|578.3241|400.0369|352.6499
74007|8.40|14.40|900147|503.53|369.0004|412.6499
74007|8.40|14.40|900147|493.2059|288.9635|112.6499
74007|8.40|14.40|900147|557.6759|239.9631|172.6499
74007|8.40|14.40|900147|632.47|270.9996|232.6499
74007|8.40|14.40|900147|642.7941|351.0365|292.6499
74007|8.60|14.60|900147|492.4316|348.318|429.4574
74007|8.60|14.60|900147|505.5791|268.4145|489.4574
74007|8.60|14.60|900147|581.1476|240.0965|189.4574
74007|8.60|14.60|900147|643.5684|291.682|249.4574
74007|8.60|14.60|900147|630.4208|371.5855|309.4574
74007|8.60|14.60|900147|554.8524|399.9035|369.4573
74007|8.80|14.80|900147|512.5386|261.3781|496.5869
74007|8.80|14.80|900147|591.2704|242.4377|556.5869
74007|8.80|14.80|900147|646.7318|301.0596|256.5869
74007|8.80|14.80|900147|623.4614|378.6219|316.5869
74007|8.80|14.80|900147|544.7296|397.5623|376.5869
74007|8.80|14.80|900147|489.2682|338.9404|436.5869
74007|9.00|15.00|900147|611.9053|252.2887|572.9601
74007|9.00|15.00|900147|648.8615|324.3419|632.9601
74007|9.00|15.00|900147|604.9562|392.0532|332.9601
74007|9.00|15.00|900147|524.0947|387.7113|392.9601
74007|9.00|15.00|900147|487.1385|315.6581|452.9601
74007|9.00|15.00|900147|531.0438|247.9468|512.9601
74007|9.20|15.20|900147|646.0654|340.4518|284.6806
74007|9.20|15.20|900147|589.2396|398.1429|344.6806
74007|9.20|15.20|900147|511.1742|377.691|44.6806
74007|9.20|15.20|900147|489.9345|299.5482|104.6806
74007|9.20|15.20|900147|546.7604|241.8571|164.6806
74007|9.20|15.20|900147|624.8258|262.309|224.6806
74007|9.40|15.40|900147|572.2272|400.5892|356.9974
74007|9.40|15.40|900147|500.001|363.9723|416.9974
74007|9.40|15.40|900147|495.7738|283.3831|116.9974
74007|9.40|15.40|900147|563.7728|239.4108|176.9974
74007|9.40|15.40|900147|635.999|276.0277|236.9974
74007|9.40|15.40|900147|640.2262|356.6169|296.9974
#superbossborn_74207_2
20.00
74207|0.00|20.00|7011001|568|320|290
74006|6.00|12.00|900147|598.6938|245.365|562.355
74006|6.00|12.00|900147|648.2793|309.3861|622.355
74006|6.00|12.00|900147|617.5856|384.0211|322.355
74006|6.00|12.00|900147|537.3062|394.635|382.355
74006|6.00|12.00|900147|487.7207|330.6139|442.355
74006|6.00|12.00|900147|518.4144|255.9789|502.355
74004|6.20|12.20|900147|648.6707|317.8231|628.4542
74004|6.20|12.20|900147|610.2292|389.095|688.4542
74004|6.20|12.20|900147|529.5586|391.2719|388.4543
74004|6.20|12.20|900147|487.3293|322.1769|448.4543
74004|6.20|12.20|900147|525.7708|250.905|508.4543
74004|6.20|12.20|900147|606.4414|248.7281|568.4542
74006|6.40|12.40|900147|587.1298|398.3999|346.2876
74006|6.40|12.40|900147|509.357|375.8429|406.2876
74006|6.40|12.40|900147|490.2272|297.443|106.2876
74006|6.40|12.40|900147|548.8702|241.6001|166.2876
74006|6.40|12.40|900147|626.6429|264.1571|226.2876
74006|6.40|12.40|900147|645.7728|342.557|286.2876
74004|6.60|12.60|900147|499.3765|362.4654|418.2501
74004|6.60|12.60|900147|496.7434|281.5302|478.2501
74004|6.60|12.60|900147|565.3669|239.0649|178.2501
74004|6.60|12.60|900147|636.6235|277.5346|238.2501
74004|6.60|12.60|900147|639.2566|358.4698|298.2501
74004|6.60|12.60|900147|570.6331|400.9351|358.2501
74006|6.80|12.80|900147|506.465|267.7895|490.3135
74006|6.80|12.80|900147|582.6556|240.3593|550.3135
74006|6.80|12.80|900147|644.1906|292.5698|250.3135
74006|6.80|12.80|900147|629.535|372.2105|310.3135
74006|6.80|12.80|900147|553.3444|399.6407|370.3135
74006|6.80|12.80|900147|491.8094|347.4302|430.3135
74004|7.00|13.00|900147|598.6177|245.3338|562.2966
74004|7.00|13.00|900147|648.2685|309.3043|622.2966
74004|7.00|13.00|900147|617.6508|383.9706|322.2967
74004|7.00|13.00|900147|537.3823|394.6662|382.2967
74004|7.00|13.00|900147|487.7315|330.6957|442.2967
74004|7.00|13.00|900147|518.3492|256.0294|502.2966
74006|7.20|13.20|900147|648.6882|318.6191|629.0195
74006|7.20|13.20|900147|609.5455|389.5083|689.0195
74006|7.20|13.20|900147|528.8573|390.8892|389.0195
74006|7.20|13.20|900147|487.3118|321.3809|449.0195
74006|7.20|13.20|900147|526.4545|250.4917|509.0195
74006|7.20|13.20|900147|607.1427|249.1108|569.0195
74004|7.40|13.40|900147|593.663|396.5108|341.4577
74004|7.40|13.40|900147|514.2671|380.5822|401.4577
74004|7.40|13.40|900147|488.6041|304.0714|101.4577
74004|7.40|13.40|900147|542.337|243.4892|161.4577
74004|7.40|13.40|900147|621.7329|259.4178|221.4577
74004|7.40|13.40|900147|647.3959|335.9286|281.4577
74006|7.60|13.60|900147|501.664|365.9568|415.2862
74006|7.60|13.60|900147|494.8495|285.2661|475.2862
74006|7.60|13.60|900147|561.1855|239.3093|175.2862
74006|7.60|13.60|900147|634.3359|274.0432|235.2862
74006|7.60|13.60|900147|641.1505|354.7339|295.2862
74006|7.60|13.60|900147|574.8145|400.6907|355.2862
74004|7.80|13.80|900147|505.905|268.4568|489.695
74004|7.80|13.80|900147|581.795|240.2057|549.6951
74004|7.80|13.80|900147|643.8901|291.7489|249.695
74004|7.80|13.80|900147|630.095|371.5432|309.695
74004|7.80|13.80|900147|554.205|399.7943|369.695
74004|7.80|13.80|900147|492.1099|348.2511|429.695
74006|8.00|14.00|900147|592.0071|242.9536|557.3066
74006|8.00|14.00|900147|647.0339|302.3629|617.3066
74006|8.00|14.00|900147|623.0269|379.4094|317.3066
74006|8.00|14.00|900147|543.9929|397.0464|377.3066
74006|8.00|14.00|900147|488.9661|337.6371|437.3066
74006|8.00|14.00|900147|512.9731|260.5906|497.3066
74004|8.20|14.20|900147|648.6195|323.6039|272.5595
74004|8.20|14.20|900147|605.1744|391.9409|332.5595
74004|8.20|14.20|900147|524.5549|388.337|32.55956
74004|8.20|14.20|900147|487.3805|316.3961|92.55955
74004|8.20|14.20|900147|530.8256|248.0591|152.5595
74004|8.20|14.20|900147|611.4451|251.663|212.5595
74006|8.40|14.40|900147|594.5413|396.2106|340.7987
74006|8.40|14.40|900147|514.9674|381.1962|400.7987
74006|8.40|14.40|900147|488.4261|304.9856|100.7987
74006|8.40|14.40|900147|541.4587|243.7894|160.7987
74006|8.40|14.40|900147|621.0326|258.8038|220.7987
74006|8.40|14.40|900147|647.5739|335.0144|280.7987
74004|8.60|14.60|900147|502.7431|367.4766|413.9629
74004|8.60|14.60|900147|494.0669|286.9648|473.9629
74004|8.60|14.60|900147|559.3238|239.4882|173.9629
74004|8.60|14.60|900147|633.2569|272.5234|233.9629
74004|8.60|14.60|900147|641.9331|353.0352|293.9629
74004|8.60|14.60|900147|576.6762|400.5118|353.9628
74006|8.80|14.80|900147|504.3668|270.3683|487.953
74006|8.80|14.80|900147|579.363|239.8232|547.953
74006|8.80|14.80|900147|642.9962|289.455|247.953
74006|8.80|14.80|900147|631.6332|369.6317|307.953
74006|8.80|14.80|900147|556.637|400.1768|367.953
74006|8.80|14.80|900147|493.0038|350.545|427.953
74004|9.00|15.00|900147|598.3234|245.2137|562.0709
74004|9.00|15.00|900147|648.2257|308.9882|622.0709
74004|9.00|15.00|900147|617.9024|383.7744|322.0709
74004|9.00|15.00|900147|537.6766|394.7863|382.0709
74004|9.00|15.00|900147|487.7743|331.0118|442.0709
74004|9.00|15.00|900147|518.0976|256.2256|502.0709
74006|9.20|15.20|900147|648.6877|321.4087|271.0002
74006|9.20|15.20|900147|607.1183|390.9026|331.0002
74006|9.20|15.20|900147|526.4306|389.494|31.00019
74006|9.20|15.20|900147|487.3123|318.5913|91.00018
74006|9.20|15.20|900147|528.8817|249.0974|151.0002
74006|9.20|15.20|900147|609.5694|250.506|211.0002
74004|9.40|15.40|900147|589.676|397.7345|344.4191
74004|9.40|15.40|900147|511.209|377.7253|404.4191
74004|9.40|15.40|900147|489.5331|299.9909|104.4191
74004|9.40|15.40|900147|546.324|242.2655|164.4191
74004|9.40|15.40|900147|624.791|262.2747|224.4191
74004|9.40|15.40|900147|646.4669|340.0091|284.4191
#superbossborn_74207_3
20.00
74207|0.00|20.00|7011011|568|320|280
74004|6.00|12.00|900147|583.8425|240.8703|551.3214
74004|6.00|12.00|900147|644.764|294.2181|611.3214
74004|6.00|12.00|900147|628.9216|373.3478|311.3214
74004|6.00|12.00|900147|552.1575|399.1297|371.3214
74004|6.00|12.00|900147|491.2359|345.7819|431.3214
74004|6.00|12.00|900147|507.0784|266.6522|491.3214
74004|6.20|12.20|900147|646.7263|302.261|617.3019
74004|6.20|12.20|900147|622.796|379.6223|677.3019
74004|6.20|12.20|900147|544.0698|397.3613|377.3019
74004|6.20|12.20|900147|489.2738|337.739|437.3019
74004|6.20|12.20|900147|513.204|260.3777|497.3019
74004|6.20|12.20|900147|591.9302|242.6387|557.3019
74004|6.40|12.40|900147|607.0028|390.6489|331.0984
74004|6.40|12.40|900147|526.0368|389.2569|391.0984
74004|6.40|12.40|900147|487.034|318.608|91.09845
74004|6.40|12.40|900147|528.9972|249.3511|151.0984
74004|6.40|12.40|900147|609.9632|250.7431|211.0984
74004|6.40|12.40|900147|648.966|321.392|271.0984
74004|6.60|12.60|900147|511.5381|377.6589|404.399
74004|6.60|12.60|900147|489.6058|299.7076|464.399
74004|6.60|12.60|900147|546.0677|242.0487|164.399
74004|6.60|12.60|900147|624.4619|262.3411|224.399
74004|6.60|12.60|900147|646.3942|340.2924|284.399
74004|6.60|12.60|900147|589.9323|397.9513|344.399
74004|6.80|12.80|900147|497.333|281.0299|478.875
74004|6.80|12.80|900147|566.5705|239.0347|538.875
74004|6.80|12.80|900147|637.2375|278.0048|238.875
74004|6.80|12.80|900147|638.667|358.9701|298.875
74004|6.80|12.80|900147|569.4295|400.9653|358.875
74004|6.80|12.80|900147|498.7625|361.9952|418.875
74004|7.00|13.00|900147|578.698|240.0122|547.6178
74004|7.00|13.00|900147|642.9384|289.3134|607.6178
74004|7.00|13.00|900147|632.2404|369.3011|307.6178
74004|7.00|13.00|900147|557.302|399.9878|367.6178
74004|7.00|13.00|900147|493.0616|350.6866|427.6178
74004|7.00|13.00|900147|503.7596|270.6989|487.6178
74004|7.20|13.20|900147|647.6168|306.8223|620.6019
74004|7.20|13.20|900147|619.2731|382.6778|680.6019
74004|7.20|13.20|900147|539.6562|395.8555|380.6019
74004|7.20|13.20|900147|488.3832|333.1777|440.6019
74004|7.20|13.20|900147|516.7269|257.3222|500.6019
74004|7.20|13.20|900147|596.3438|244.1445|560.6019
74004|7.40|13.40|900147|608.0968|390.0338|330.2073
74004|7.40|13.40|900147|527.119|389.9011|390.2073
74004|7.40|13.40|900147|487.0222|319.8673|90.20736
74004|7.40|13.40|900147|527.9032|249.9662|150.2074
74004|7.40|13.40|900147|608.881|250.0989|210.2074
74004|7.40|13.40|900147|648.9778|320.1327|270.2073
74004|7.60|13.60|900147|513.3334|379.3637|402.6412
74004|7.60|13.60|900147|489.0203|302.1219|462.6412
74004|7.60|13.60|900147|543.6869|242.7582|162.6412
74004|7.60|13.60|900147|622.6666|260.6363|222.6412
74004|7.60|13.60|900147|646.9797|337.8781|282.6412
74004|7.60|13.60|900147|592.3131|397.2418|342.6412
74004|7.80|13.80|900147|494.6696|286.3082|474.6765
74004|7.80|13.80|900147|560.6467|239.3566|534.6765
74004|7.80|13.80|900147|633.9771|273.0485|234.6765
74004|7.80|13.80|900147|641.3304|353.6918|294.6765
74004|7.80|13.80|900147|575.3533|400.6434|354.6765
74004|7.80|13.80|900147|502.0229|366.9515|414.6765
74004|8.00|14.00|900147|579.6206|240.1411|548.2792
74004|8.00|14.00|900147|643.2876|290.1805|608.2792
74004|8.00|14.00|900147|631.667|370.0394|308.2792
74004|8.00|14.00|900147|556.3794|399.8589|368.2792
74004|8.00|14.00|900147|492.7124|349.8195|428.2792
74004|8.00|14.00|900147|504.333|269.9606|488.2792
74004|8.20|14.20|900147|647.9683|309.1576|622.2787
74004|8.20|14.20|900147|617.4171|384.1512|682.2787
74004|8.20|14.20|900147|537.4487|394.9937|382.2787
74004|8.20|14.20|900147|488.0317|330.8424|442.2787
74004|8.20|14.20|900147|518.5829|255.8488|502.2787
74004|8.20|14.20|900147|598.5513|245.0063|562.2787
74004|8.40|14.40|900147|608.7107|389.6788|329.7039
74004|8.40|14.40|900147|527.7348|390.2577|389.7039
74004|8.40|14.40|900147|487.0241|320.5789|89.70386
74004|8.40|14.40|900147|527.2893|250.3212|149.7039
74004|8.40|14.40|900147|608.2652|249.7423|209.7039
74004|8.40|14.40|900147|648.9759|319.4211|269.7038
74004|8.60|14.60|900147|512.5084|378.5932|403.4427
74004|8.60|14.60|900147|489.278|301.0189|463.4427
74004|8.60|14.60|900147|544.7697|242.4256|163.4427
74004|8.60|14.60|900147|623.4916|261.4068|223.4427
74004|8.60|14.60|900147|646.7219|338.9811|283.4427
74004|8.60|14.60|900147|591.2303|397.5744|343.4427
74004|8.80|14.80|900147|496.27|283.0231|477.2711
74004|8.80|14.80|900147|564.3049|239.1064|537.2711
74004|8.80|14.80|900147|636.0349|276.0833|237.2711
74004|8.80|14.80|900147|639.73|356.9769|297.2711
74004|8.80|14.80|900147|571.6951|400.8936|357.2711
74004|8.80|14.80|900147|499.9651|363.9167|417.2711
74004|9.00|15.00|900147|576.7306|239.7737|546.2108
74004|9.00|15.00|900147|642.1622|287.4824|606.2108
74004|9.00|15.00|900147|633.4316|367.7088|306.2108
74004|9.00|15.00|900147|559.2694|400.2263|366.2108
74004|9.00|15.00|900147|493.8378|352.5176|426.2108
74004|9.00|15.00|900147|502.5684|272.2912|486.2108
74004|9.20|15.20|900147|647.5491|306.4198|620.3121
74004|9.20|15.20|900147|619.5894|382.4177|680.3121
74004|9.20|15.20|900147|540.0402|395.9979|380.3122
74004|9.20|15.20|900147|488.4508|333.5802|440.3122
74004|9.20|15.20|900147|516.4106|257.5823|500.3122
74004|9.20|15.20|900147|595.9598|244.0021|560.3121
74004|9.40|15.40|900147|603.1475|392.6439|334.1808
74004|9.40|15.40|900147|522.3735|386.9003|394.1808
74004|9.40|15.40|900147|487.226|314.2564|94.18079
74004|9.40|15.40|900147|532.8525|247.3561|154.1808
74004|9.40|15.40|900147|613.6265|253.0997|214.1808
74004|9.40|15.40|900147|648.774|325.7436|274.1808
#superbossborn_74215_1
25.00
74215|0.00|25.00|7010961|568|320|280
74007|11.80|12.00|900145|499.9383|276.6399|482.5
74007|11.80|12.00|900145|611.3601|251.9383|212.5
74007|11.80|12.00|900145|636.0617|363.3601|302.5
74007|11.80|12.00|900145|517.4133|399.4053|392.5
74007|12.10|12.30|900145|625.1694|263.0426|585.1064
74007|12.10|12.30|900145|624.9574|377.1695|315.1065
74007|12.10|12.30|900145|510.8305|376.9574|405.1065
74007|12.10|12.30|900145|501.5497|253.3023|495.1065
74007|12.40|12.60|900145|603.0927|392.6705|334.2241
74007|12.40|12.60|900145|495.3295|355.0927|64.22406
74007|12.40|12.60|900145|532.9073|247.3295|154.2241
74007|12.40|12.60|900145|652.7822|279.0586|244.2241
74007|12.70|12.90|900145|487.6038|326.9956|445.027
74007|12.70|12.90|900145|561.0044|239.6038|175.027
74007|12.70|12.90|900145|648.3962|313.0044|265.027
74007|12.70|12.90|900145|576.1616|413.7956|355.027
74007|13.00|13.20|900145|586.2359|241.3874|553.0601
74007|13.00|13.20|900145|646.6126|338.2359|283.06
74007|13.00|13.20|900145|549.7641|398.6126|373.06
74007|13.00|13.20|900145|476.2853|298.7247|463.06
74007|13.30|13.50|900145|637.0287|361.8033|301.1988
74007|13.30|13.50|900145|526.1967|389.0288|31.1988
74007|13.30|13.50|900145|498.9712|278.1967|121.1988
74007|13.30|13.50|900145|616.7706|239.4664|211.1988
74007|13.60|13.80|900145|506.5283|372.285|409.617
74007|13.60|13.80|900145|515.715|258.5283|139.617
74007|13.60|13.80|900145|629.4717|267.715|229.617
74007|13.60|13.80|900145|628.9992|391.7169|319.617
74007|13.90|14.10|900145|536.482|245.7093|517.0108
74007|13.90|14.10|900145|642.2907|288.482|247.0108
74007|13.90|14.10|900145|599.518|394.2907|337.0108
74007|13.90|14.10|900145|481.3275|356.771|427.0108
74007|14.20|14.40|900145|648.0032|309.4183|622.4655
74007|14.20|14.40|900145|578.5817|400.0032|352.4655
74007|14.20|14.40|900145|487.9968|330.5817|442.4655
74007|14.20|14.40|900145|555.6547|226.6629|532.4655
#superbossborn_74215_2
25.00
74215|0.00|25.00|7010971|568|320|290
74007|11.80|12.00|900145|499.8542|276.7722|482.3887
74007|11.80|12.00|900145|611.2278|251.8542|212.3887
74007|11.80|12.00|900145|636.1458|363.2278|302.3887
74007|11.80|12.00|900145|517.5675|399.5034|392.3887
74006|12.10|12.30|900145|627.8246|265.8382|587.8441
74006|12.10|12.30|900145|622.1618|379.8246|317.8441
74006|12.10|12.30|900145|508.1753|374.1618|407.8441
74006|12.10|12.30|900145|504.8112|250.2046|497.8441
74007|12.40|12.60|900145|604.4442|392.0022|333.1536
74007|12.40|12.60|900145|495.9978|356.4442|63.15356
74007|12.40|12.60|900145|531.5558|247.9978|153.1536
74007|12.40|12.60|900145|652.0026|277.4818|243.1536
74006|12.70|12.90|900145|488.1671|331.7981|441.5934
74006|12.70|12.90|900145|556.2019|240.1671|171.5934
74006|12.70|12.90|900145|647.8329|308.2019|261.5934
74006|12.70|12.90|900145|581.7644|413.1384|351.5934
74007|13.00|13.20|900145|584.897|241.0888|552.086
74007|13.00|13.20|900145|646.9113|336.897|282.086
74007|13.00|13.20|900145|551.103|398.9112|372.086
74007|13.00|13.20|900145|475.9369|300.2869|462.086
74006|13.30|13.50|900145|639.0892|358.1943|298.2479
74006|13.30|13.50|900145|529.8057|391.0893|28.24793
74006|13.30|13.50|900145|496.9107|281.8057|118.2479
74006|13.30|13.50|900145|612.5601|237.0625|208.2479
74007|13.60|13.80|900145|509.9754|376.086|405.9733
74007|13.60|13.80|900145|511.914|261.9754|135.9733
74007|13.60|13.80|900145|626.0247|263.914|225.9733
74007|13.60|13.80|900145|633.4336|387.6954|315.9733
74006|13.90|14.10|900145|535.9904|245.9198|516.6311
74006|13.90|14.10|900145|642.0802|287.9904|246.6311
74006|13.90|14.10|900145|600.0096|394.0802|336.6311
74006|13.90|14.10|900145|481.5731|357.3446|426.6311
74007|14.20|14.40|900145|647.8359|308.2225|621.6082
74007|14.20|14.40|900145|579.7775|399.836|351.6082
74007|14.20|14.40|900145|488.164|331.7775|441.6082
74007|14.20|14.40|900145|554.2596|226.858|531.6082
#superbossborn_74215_3
25.00
74215|0.00|25.00|7010981|568|320|300
74004|11.80|12.00|900147|518.975|255.8982|502.5913
74004|11.80|12.00|900147|632.1018|270.975|232.5913
74004|11.80|12.00|900147|617.025|384.1018|322.5913
74004|11.80|12.00|900147|493.2145|377.1958|412.5913
74004|12.10|12.30|900147|644.107|293.1631|610.5763
74004|12.10|12.30|900147|594.8369|396.107|340.5763
74004|12.10|12.30|900147|491.893|346.8369|430.5763
74004|12.10|12.30|900147|536.6902|231.2085|520.5763
74004|12.40|12.60|900147|570.9064|400.6477|357.9361
74004|12.40|12.60|900147|487.3523|322.9064|87.93606
74004|12.40|12.60|900147|565.0936|239.3523|177.9361
74004|12.40|12.60|900147|662.0889|316.6092|267.9361
74004|12.70|12.90|900147|490.26|298.3438|465.5663
74004|12.70|12.90|900147|589.6561|242.26|195.5663
74004|12.70|12.90|900147|645.74|341.6562|285.5663
74004|12.70|12.90|900147|542.7345|410.6966|375.5663
74004|13.00|13.20|900147|612.1111|252.4227|573.1345
74004|13.00|13.20|900147|635.5773|364.1112|303.1345
74004|13.00|13.20|900147|523.8889|387.5773|393.1345
74004|13.00|13.20|900147|489.1598|268.537|483.1345
74004|13.30|13.50|900147|617.6315|383.6334|322.0471
74004|13.30|13.50|900147|504.3666|369.6315|52.04716
74004|13.30|13.50|900147|518.3685|256.3666|142.0471
74004|13.30|13.50|900147|642.2389|262.0965|232.0471
74004|13.60|13.80|900147|492.0102|347.1668|430.3277
74004|13.60|13.80|900147|540.8331|244.0102|160.3277
74004|13.60|13.80|900147|643.9898|292.8332|250.3277
74004|13.60|13.80|900147|599.6946|408.6548|340.3277
74004|13.90|14.10|900147|565.2337|239.3474|538.0356
74004|13.90|14.10|900147|648.6526|317.2337|268.0356
74004|13.90|14.10|900147|570.7663|400.6526|358.0356
74004|13.90|14.10|900147|473.9053|323.2274|448.0356
74004|14.20|14.40|900147|645.6763|341.8834|285.7339
74004|14.20|14.40|900147|546.1166|397.6763|15.7339
74004|14.20|14.40|900147|490.3237|298.1166|105.7339
74004|14.20|14.40|900147|593.5306|229.3777|195.7339
