#superbossfast_71201_1
16.00
71201|0.00|16.00|700959
#superbossfast_71201_10
18.00
71201|0.00|18.00|700968
#superbossfast_71201_11
16.00
71201|0.00|16.00|700969
#superbossfast_71201_12
18.00
71201|0.00|18.00|700970
#superbossfast_71201_13
16.00
71201|0.00|16.00|700971
#superbossfast_71201_14
18.00
71201|0.00|18.00|700972
#superbossfast_71201_15
16.00
71201|0.00|16.00|700973
#superbossfast_71201_16
19.00
71201|0.00|19.00|700974
#superbossfast_71201_17
18.00
71201|0.00|18.00|700975
#superbossfast_71201_18
16.00
71201|0.00|16.00|700976
#superbossfast_71201_19
18.00
71201|0.00|18.00|700977
#superbossfast_71201_2
18.00
71201|0.00|18.00|700960
#superbossfast_71201_20
18.00
71201|0.00|18.00|700978
#superbossfast_71201_21
16.00
71201|0.00|16.00|700979
#superbossfast_71201_22
18.00
71201|0.00|18.00|700980
#superbossfast_71201_23
16.00
71201|0.00|16.00|700981
#superbossfast_71201_24
16.00
71201|0.00|16.00|700982
#superbossfast_71201_3
18.00
71201|0.00|18.00|700961
#superbossfast_71201_4
18.00
71201|0.00|18.00|700962
#superbossfast_71201_5
16.00
71201|0.00|16.00|700963
#superbossfast_71201_6
19.00
71201|0.00|19.00|700964
#superbossfast_71201_7
18.00
71201|0.00|18.00|700965
#superbossfast_71201_8
18.00
71201|0.00|18.00|700966
#superbossfast_71201_9
18.00
71201|0.00|18.00|700967
#superbossfast_71202_1
19.00
71202|0.00|19.00|701011
#superbossfast_71202_10
19.00
71202|0.00|19.00|701020
#superbossfast_71202_11
19.00
71202|0.00|19.00|701021
#superbossfast_71202_12
19.00
71202|0.00|19.00|701022
#superbossfast_71202_13
19.00
71202|0.00|19.00|701023
#superbossfast_71202_14
19.00
71202|0.00|19.00|701024
#superbossfast_71202_15
19.00
71202|0.00|19.00|701025
#superbossfast_71202_16
19.00
71202|0.00|19.00|701026
#superbossfast_71202_17
18.00
71202|0.00|18.00|701027
#superbossfast_71202_18
21.00
71202|0.00|21.00|701028
#superbossfast_71202_19
21.00
71202|0.00|21.00|701029
#superbossfast_71202_2
19.00
71202|0.00|19.00|701012
#superbossfast_71202_20
21.00
71202|0.00|21.00|701030
#superbossfast_71202_21
19.00
71202|0.00|19.00|701031
#superbossfast_71202_22
18.00
71202|0.00|18.00|701032
#superbossfast_71202_23
18.00
71202|0.00|18.00|701033
#superbossfast_71202_24
19.00
71202|0.00|19.00|701034
#superbossfast_71202_3
19.00
71202|0.00|19.00|701013
#superbossfast_71202_4
21.00
71202|0.00|21.00|701014
#superbossfast_71202_5
19.00
71202|0.00|19.00|701015
#superbossfast_71202_6
23.00
71202|0.00|23.00|701016
#superbossfast_71202_7
19.00
71202|0.00|19.00|701017
#superbossfast_71202_8
19.00
71202|0.00|19.00|701018
#superbossfast_71202_9
19.00
71202|0.00|19.00|701019
