#tide_44413_1
72.00
11024|0.00|20.00|900405
11026|4.00|24.00|900405
11024|8.00|28.00|900405
11026|12.00|32.00|900405
11024|16.00|36.00|900405
11026|20.00|40.00|900405
11024|24.00|44.00|900405
11026|28.00|48.00|900405
11024|32.00|52.00|900405
11026|36.00|56.00|900405
11024|40.00|60.00|900405
11026|44.00|64.00|900405
11024|48.00|68.00|900405
11026|52.00|72.00|900405
11007|2.00|14.00|900401
11007|2.00|14.00|900402
11007|2.00|14.00|900403
11007|2.00|14.00|900404
11007|2.50|14.50|900401
11007|2.50|14.50|900402
11007|2.50|14.50|900403
11007|2.50|14.50|900404
11007|3.00|15.00|900401
11007|3.00|15.00|900402
11007|3.00|15.00|900403
11007|3.00|15.00|900404
11007|3.50|15.50|900401
11007|3.50|15.50|900402
11007|3.50|15.50|900403
11007|3.50|15.50|900404
11004|4.00|16.00|900401
11004|4.00|16.00|900402
11004|4.00|16.00|900403
11004|4.00|16.00|900404
11004|4.50|16.50|900401
11004|4.50|16.50|900402
11004|4.50|16.50|900403
11004|4.50|16.50|900404
11004|5.00|17.00|900401
11004|5.00|17.00|900402
11004|5.00|17.00|900403
11004|5.00|17.00|900404
11004|5.50|17.50|900401
11004|5.50|17.50|900402
11004|5.50|17.50|900403
11004|5.50|17.50|900404
11007|6.00|18.00|900401
11007|6.00|18.00|900402
11007|6.00|18.00|900403
11007|6.00|18.00|900404
11007|6.50|18.50|900401
11007|6.50|18.50|900402
11007|6.50|18.50|900403
11007|6.50|18.50|900404
11007|7.00|19.00|900401
11007|7.00|19.00|900402
11007|7.00|19.00|900403
11007|7.00|19.00|900404
11007|7.50|19.50|900401
11007|7.50|19.50|900402
11007|7.50|19.50|900403
11007|7.50|19.50|900404
11004|8.00|20.00|900401
11004|8.00|20.00|900402
11004|8.00|20.00|900403
11004|8.00|20.00|900404
11004|8.50|20.50|900401
11004|8.50|20.50|900402
11004|8.50|20.50|900403
11004|8.50|20.50|900404
11004|9.00|21.00|900401
11004|9.00|21.00|900402
11004|9.00|21.00|900403
11004|9.00|21.00|900404
11004|9.50|21.50|900401
11004|9.50|21.50|900402
11004|9.50|21.50|900403
11004|9.50|21.50|900404
11007|10.00|22.00|900401
11007|10.00|22.00|900402
11007|10.00|22.00|900403
11007|10.00|22.00|900404
11007|10.50|22.50|900401
11007|10.50|22.50|900402
11007|10.50|22.50|900403
11007|10.50|22.50|900404
11007|11.00|23.00|900401
11007|11.00|23.00|900402
11007|11.00|23.00|900403
11007|11.00|23.00|900404
11007|11.50|23.50|900401
11007|11.50|23.50|900402
11007|11.50|23.50|900403
11007|11.50|23.50|900404
11004|12.00|24.00|900401
11004|12.00|24.00|900402
11004|12.00|24.00|900403
11004|12.00|24.00|900404
11004|12.50|24.50|900401
11004|12.50|24.50|900402
11004|12.50|24.50|900403
11004|12.50|24.50|900404
11004|13.00|25.00|900401
11004|13.00|25.00|900402
11004|13.00|25.00|900403
11004|13.00|25.00|900404
11004|13.50|25.50|900401
11004|13.50|25.50|900402
11004|13.50|25.50|900403
11004|13.50|25.50|900404
11007|14.00|26.00|900401
11007|14.00|26.00|900402
11007|14.00|26.00|900403
11007|14.00|26.00|900404
11007|14.50|26.50|900401
11007|14.50|26.50|900402
11007|14.50|26.50|900403
11007|14.50|26.50|900404
11007|15.00|27.00|900401
11007|15.00|27.00|900402
11007|15.00|27.00|900403
11007|15.00|27.00|900404
11007|15.50|27.50|900401
11007|15.50|27.50|900402
11007|15.50|27.50|900403
11007|15.50|27.50|900404
11004|16.00|28.00|900401
11004|16.00|28.00|900402
11004|16.00|28.00|900403
11004|16.00|28.00|900404
11004|16.50|28.50|900401
11004|16.50|28.50|900402
11004|16.50|28.50|900403
11004|16.50|28.50|900404
11004|17.00|29.00|900401
11004|17.00|29.00|900402
11004|17.00|29.00|900403
11004|17.00|29.00|900404
11004|17.50|29.50|900401
11004|17.50|29.50|900402
11004|17.50|29.50|900403
11004|17.50|29.50|900404
11007|18.00|30.00|900401
11007|18.00|30.00|900402
11007|18.00|30.00|900403
11007|18.00|30.00|900404
11007|18.50|30.50|900401
11007|18.50|30.50|900402
11007|18.50|30.50|900403
11007|18.50|30.50|900404
11007|19.00|31.00|900401
11007|19.00|31.00|900402
11007|19.00|31.00|900403
11007|19.00|31.00|900404
11007|19.50|31.50|900401
11007|19.50|31.50|900402
11007|19.50|31.50|900403
11007|19.50|31.50|900404
11004|20.00|32.00|900401
11004|20.00|32.00|900402
11004|20.00|32.00|900403
11004|20.00|32.00|900404
11004|20.50|32.50|900401
11004|20.50|32.50|900402
11004|20.50|32.50|900403
11004|20.50|32.50|900404
11004|21.00|33.00|900401
11004|21.00|33.00|900402
11004|21.00|33.00|900403
11004|21.00|33.00|900404
11004|21.50|33.50|900401
11004|21.50|33.50|900402
11004|21.50|33.50|900403
11004|21.50|33.50|900404
11007|22.00|34.00|900401
11007|22.00|34.00|900402
11007|22.00|34.00|900403
11007|22.00|34.00|900404
11007|22.50|34.50|900401
11007|22.50|34.50|900402
11007|22.50|34.50|900403
11007|22.50|34.50|900404
11007|23.00|35.00|900401
11007|23.00|35.00|900402
11007|23.00|35.00|900403
11007|23.00|35.00|900404
11007|23.50|35.50|900401
11007|23.50|35.50|900402
11007|23.50|35.50|900403
11007|23.50|35.50|900404
11004|24.00|36.00|900401
11004|24.00|36.00|900402
11004|24.00|36.00|900403
11004|24.00|36.00|900404
11004|24.50|36.50|900401
11004|24.50|36.50|900402
11004|24.50|36.50|900403
11004|24.50|36.50|900404
11004|25.00|37.00|900401
11004|25.00|37.00|900402
11004|25.00|37.00|900403
11004|25.00|37.00|900404
11004|25.50|37.50|900401
11004|25.50|37.50|900402
11004|25.50|37.50|900403
11004|25.50|37.50|900404
11007|26.00|38.00|900401
11007|26.00|38.00|900402
11007|26.00|38.00|900403
11007|26.00|38.00|900404
11007|26.50|38.50|900401
11007|26.50|38.50|900402
11007|26.50|38.50|900403
11007|26.50|38.50|900404
11007|27.00|39.00|900401
11007|27.00|39.00|900402
11007|27.00|39.00|900403
11007|27.00|39.00|900404
11007|27.50|39.50|900401
11007|27.50|39.50|900402
11007|27.50|39.50|900403
11007|27.50|39.50|900404
11004|28.00|40.00|900401
11004|28.00|40.00|900402
11004|28.00|40.00|900403
11004|28.00|40.00|900404
11004|28.50|40.50|900401
11004|28.50|40.50|900402
11004|28.50|40.50|900403
11004|28.50|40.50|900404
11004|29.00|41.00|900401
11004|29.00|41.00|900402
11004|29.00|41.00|900403
11004|29.00|41.00|900404
11004|29.50|41.50|900401
11004|29.50|41.50|900402
11004|29.50|41.50|900403
11004|29.50|41.50|900404
11007|30.00|42.00|900401
11007|30.00|42.00|900402
11007|30.00|42.00|900403
11007|30.00|42.00|900404
11007|30.50|42.50|900401
11007|30.50|42.50|900402
11007|30.50|42.50|900403
11007|30.50|42.50|900404
11007|31.00|43.00|900401
11007|31.00|43.00|900402
11007|31.00|43.00|900403
11007|31.00|43.00|900404
11007|31.50|43.50|900401
11007|31.50|43.50|900402
11007|31.50|43.50|900403
11007|31.50|43.50|900404
11004|32.00|44.00|900401
11004|32.00|44.00|900402
11004|32.00|44.00|900403
11004|32.00|44.00|900404
11004|32.50|44.50|900401
11004|32.50|44.50|900402
11004|32.50|44.50|900403
11004|32.50|44.50|900404
11004|33.00|45.00|900401
11004|33.00|45.00|900402
11004|33.00|45.00|900403
11004|33.00|45.00|900404
11004|33.50|45.50|900401
11004|33.50|45.50|900402
11004|33.50|45.50|900403
11004|33.50|45.50|900404
11007|34.00|46.00|900401
11007|34.00|46.00|900402
11007|34.00|46.00|900403
11007|34.00|46.00|900404
11007|34.50|46.50|900401
11007|34.50|46.50|900402
11007|34.50|46.50|900403
11007|34.50|46.50|900404
11007|35.00|47.00|900401
11007|35.00|47.00|900402
11007|35.00|47.00|900403
11007|35.00|47.00|900404
11007|35.50|47.50|900401
11007|35.50|47.50|900402
11007|35.50|47.50|900403
11007|35.50|47.50|900404
11004|36.00|48.00|900401
11004|36.00|48.00|900402
11004|36.00|48.00|900403
11004|36.00|48.00|900404
11004|36.50|48.50|900401
11004|36.50|48.50|900402
11004|36.50|48.50|900403
11004|36.50|48.50|900404
11004|37.00|49.00|900401
11004|37.00|49.00|900402
11004|37.00|49.00|900403
11004|37.00|49.00|900404
11004|37.50|49.50|900401
11004|37.50|49.50|900402
11004|37.50|49.50|900403
11004|37.50|49.50|900404
11007|38.00|50.00|900401
11007|38.00|50.00|900402
11007|38.00|50.00|900403
11007|38.00|50.00|900404
11007|38.50|50.50|900401
11007|38.50|50.50|900402
11007|38.50|50.50|900403
11007|38.50|50.50|900404
11007|39.00|51.00|900401
11007|39.00|51.00|900402
11007|39.00|51.00|900403
11007|39.00|51.00|900404
11007|39.50|51.50|900401
11007|39.50|51.50|900402
11007|39.50|51.50|900403
11007|39.50|51.50|900404
11004|40.00|52.00|900401
11004|40.00|52.00|900402
11004|40.00|52.00|900403
11004|40.00|52.00|900404
11004|40.50|52.50|900401
11004|40.50|52.50|900402
11004|40.50|52.50|900403
11004|40.50|52.50|900404
11004|41.00|53.00|900401
11004|41.00|53.00|900402
11004|41.00|53.00|900403
11004|41.00|53.00|900404
11004|41.50|53.50|900401
11004|41.50|53.50|900402
11004|41.50|53.50|900403
11004|41.50|53.50|900404
11007|42.00|54.00|900401
11007|42.00|54.00|900402
11007|42.00|54.00|900403
11007|42.00|54.00|900404
11007|42.50|54.50|900401
11007|42.50|54.50|900402
11007|42.50|54.50|900403
11007|42.50|54.50|900404
11007|43.00|55.00|900401
11007|43.00|55.00|900402
11007|43.00|55.00|900403
11007|43.00|55.00|900404
11007|43.50|55.50|900401
11007|43.50|55.50|900402
11007|43.50|55.50|900403
11007|43.50|55.50|900404
11004|44.00|56.00|900401
11004|44.00|56.00|900402
11004|44.00|56.00|900403
11004|44.00|56.00|900404
11004|44.50|56.50|900401
11004|44.50|56.50|900402
11004|44.50|56.50|900403
11004|44.50|56.50|900404
11004|45.00|57.00|900401
11004|45.00|57.00|900402
11004|45.00|57.00|900403
11004|45.00|57.00|900404
11004|45.50|57.50|900401
11004|45.50|57.50|900402
11004|45.50|57.50|900403
11004|45.50|57.50|900404
11007|46.00|58.00|900401
11007|46.00|58.00|900402
11007|46.00|58.00|900403
11007|46.00|58.00|900404
11007|46.50|58.50|900401
11007|46.50|58.50|900402
11007|46.50|58.50|900403
11007|46.50|58.50|900404
11007|47.00|59.00|900401
11007|47.00|59.00|900402
11007|47.00|59.00|900403
11007|47.00|59.00|900404
11007|47.50|59.50|900401
11007|47.50|59.50|900402
11007|47.50|59.50|900403
11007|47.50|59.50|900404
11004|48.00|60.00|900401
11004|48.00|60.00|900402
11004|48.00|60.00|900403
11004|48.00|60.00|900404
11004|48.50|60.50|900401
11004|48.50|60.50|900402
11004|48.50|60.50|900403
11004|48.50|60.50|900404
11004|49.00|61.00|900401
11004|49.00|61.00|900402
11004|49.00|61.00|900403
11004|49.00|61.00|900404
11004|49.50|61.50|900401
11004|49.50|61.50|900402
11004|49.50|61.50|900403
11004|49.50|61.50|900404
11007|50.00|62.00|900401
11007|50.00|62.00|900402
11007|50.00|62.00|900403
11007|50.00|62.00|900404
11007|50.50|62.50|900401
11007|50.50|62.50|900402
11007|50.50|62.50|900403
11007|50.50|62.50|900404
11007|51.00|63.00|900401
11007|51.00|63.00|900402
11007|51.00|63.00|900403
11007|51.00|63.00|900404
11007|51.50|63.50|900401
11007|51.50|63.50|900402
11007|51.50|63.50|900403
11007|51.50|63.50|900404
11004|52.00|64.00|900401
11004|52.00|64.00|900402
11004|52.00|64.00|900403
11004|52.00|64.00|900404
11004|52.50|64.50|900401
11004|52.50|64.50|900402
11004|52.50|64.50|900403
11004|52.50|64.50|900404
11004|53.00|65.00|900401
11004|53.00|65.00|900402
11004|53.00|65.00|900403
11004|53.00|65.00|900404
11004|53.50|65.50|900401
11004|53.50|65.50|900402
11004|53.50|65.50|900403
11004|53.50|65.50|900404
11007|54.00|66.00|900401
11007|54.00|66.00|900402
11007|54.00|66.00|900403
11007|54.00|66.00|900404
11007|54.50|66.50|900401
11007|54.50|66.50|900402
11007|54.50|66.50|900403
11007|54.50|66.50|900404
11007|55.00|67.00|900401
11007|55.00|67.00|900402
11007|55.00|67.00|900403
11007|55.00|67.00|900404
11007|55.50|67.50|900401
11007|55.50|67.50|900402
11007|55.50|67.50|900403
11007|55.50|67.50|900404
11004|56.00|68.00|900401
11004|56.00|68.00|900402
11004|56.00|68.00|900403
11004|56.00|68.00|900404
11004|56.50|68.50|900401
11004|56.50|68.50|900402
11004|56.50|68.50|900403
11004|56.50|68.50|900404
11004|57.00|69.00|900401
11004|57.00|69.00|900402
11004|57.00|69.00|900403
11004|57.00|69.00|900404
11004|57.50|69.50|900401
11004|57.50|69.50|900402
11004|57.50|69.50|900403
11004|57.50|69.50|900404
11007|58.00|70.00|900401
11007|58.00|70.00|900402
11007|58.00|70.00|900403
11007|58.00|70.00|900404
#tide_44413_2
71.00
14013|0.00|20.00|900405
11021|3.00|23.00|900405
14013|6.00|26.00|900405
11021|9.00|29.00|900405
14013|12.00|32.00|900405
11021|15.00|35.00|900405
14013|18.00|38.00|900405
11021|21.00|41.00|900405
14013|24.00|44.00|900405
11021|27.00|47.00|900405
14013|30.00|50.00|900405
11021|33.00|53.00|900405
14013|36.00|56.00|900405
11021|39.00|59.00|900405
14013|42.00|62.00|900405
11021|45.00|65.00|900405
14013|48.00|68.00|900405
11021|51.00|71.00|900405
11007|2.00|17.00|900406
11007|2.00|17.00|900407
11007|2.50|17.50|900406
11007|2.50|17.50|900407
11007|3.00|18.00|900406
11007|3.00|18.00|900407
11007|3.50|18.50|900406
11007|3.50|18.50|900407
11007|4.00|19.00|900406
11007|4.00|19.00|900407
11007|4.50|19.50|900406
11007|4.50|19.50|900407
11007|5.00|20.00|900406
11007|5.00|20.00|900407
11007|5.50|20.50|900406
11007|5.50|20.50|900407
11007|6.00|21.00|900406
11007|6.00|21.00|900407
11007|6.50|21.50|900406
11007|6.50|21.50|900407
11007|7.00|22.00|900406
11007|7.00|22.00|900407
11007|7.50|22.50|900406
11007|7.50|22.50|900407
11007|8.00|23.00|900406
11007|8.00|23.00|900407
11007|8.50|23.50|900406
11007|8.50|23.50|900407
11007|9.00|24.00|900406
11007|9.00|24.00|900407
11007|9.50|24.50|900406
11007|9.50|24.50|900407
11007|10.00|25.00|900406
11007|10.00|25.00|900407
11007|10.50|25.50|900406
11007|10.50|25.50|900407
11007|11.00|26.00|900406
11007|11.00|26.00|900407
11007|11.50|26.50|900406
11007|11.50|26.50|900407
11007|12.00|27.00|900406
11007|12.00|27.00|900407
11007|12.50|27.50|900406
11007|12.50|27.50|900407
11007|13.00|28.00|900406
11007|13.00|28.00|900407
11007|13.50|28.50|900406
11007|13.50|28.50|900407
11007|14.00|29.00|900406
11007|14.00|29.00|900407
11007|14.50|29.50|900406
11007|14.50|29.50|900407
11007|15.00|30.00|900406
11007|15.00|30.00|900407
11007|15.50|30.50|900406
11007|15.50|30.50|900407
11007|16.00|31.00|900406
11007|16.00|31.00|900407
11007|16.50|31.50|900406
11007|16.50|31.50|900407
11007|17.00|32.00|900406
11007|17.00|32.00|900407
11007|17.50|32.50|900406
11007|17.50|32.50|900407
11007|18.00|33.00|900406
11007|18.00|33.00|900407
11007|18.50|33.50|900406
11007|18.50|33.50|900407
11007|19.00|34.00|900406
11007|19.00|34.00|900407
11007|19.50|34.50|900406
11007|19.50|34.50|900407
11007|20.00|35.00|900406
11007|20.00|35.00|900407
11007|20.50|35.50|900406
11007|20.50|35.50|900407
11007|21.00|36.00|900406
11007|21.00|36.00|900407
11007|21.50|36.50|900406
11007|21.50|36.50|900407
11007|22.00|37.00|900406
11007|22.00|37.00|900407
11007|22.50|37.50|900406
11007|22.50|37.50|900407
11007|23.00|38.00|900406
11007|23.00|38.00|900407
11007|23.50|38.50|900406
11007|23.50|38.50|900407
11007|24.00|39.00|900406
11007|24.00|39.00|900407
11007|24.50|39.50|900406
11007|24.50|39.50|900407
11007|25.00|40.00|900406
11007|25.00|40.00|900407
11007|25.50|40.50|900406
11007|25.50|40.50|900407
11007|26.00|41.00|900406
11007|26.00|41.00|900407
11007|26.50|41.50|900406
11007|26.50|41.50|900407
11007|27.00|42.00|900406
11007|27.00|42.00|900407
11007|27.50|42.50|900406
11007|27.50|42.50|900407
11007|28.00|43.00|900406
11007|28.00|43.00|900407
11007|28.50|43.50|900406
11007|28.50|43.50|900407
11007|29.00|44.00|900406
11007|29.00|44.00|900407
11007|29.50|44.50|900406
11007|29.50|44.50|900407
11007|30.00|45.00|900406
11007|30.00|45.00|900407
11007|30.50|45.50|900406
11007|30.50|45.50|900407
11007|31.00|46.00|900406
11007|31.00|46.00|900407
11007|31.50|46.50|900406
11007|31.50|46.50|900407
11007|32.00|47.00|900406
11007|32.00|47.00|900407
11007|32.50|47.50|900406
11007|32.50|47.50|900407
11007|33.00|48.00|900406
11007|33.00|48.00|900407
11007|33.50|48.50|900406
11007|33.50|48.50|900407
11007|34.00|49.00|900406
11007|34.00|49.00|900407
11007|34.50|49.50|900406
11007|34.50|49.50|900407
11007|35.00|50.00|900406
11007|35.00|50.00|900407
11007|35.50|50.50|900406
11007|35.50|50.50|900407
11007|36.00|51.00|900406
11007|36.00|51.00|900407
11007|36.50|51.50|900406
11007|36.50|51.50|900407
11007|37.00|52.00|900406
11007|37.00|52.00|900407
11007|37.50|52.50|900406
11007|37.50|52.50|900407
11007|38.00|53.00|900406
11007|38.00|53.00|900407
11007|38.50|53.50|900406
11007|38.50|53.50|900407
11007|39.00|54.00|900406
11007|39.00|54.00|900407
11007|39.50|54.50|900406
11007|39.50|54.50|900407
11007|40.00|55.00|900406
11007|40.00|55.00|900407
11007|40.50|55.50|900406
11007|40.50|55.50|900407
11007|41.00|56.00|900406
11007|41.00|56.00|900407
11007|41.50|56.50|900406
11007|41.50|56.50|900407
11007|42.00|57.00|900406
11007|42.00|57.00|900407
11007|42.50|57.50|900406
11007|42.50|57.50|900407
11007|43.00|58.00|900406
11007|43.00|58.00|900407
11007|43.50|58.50|900406
11007|43.50|58.50|900407
11007|44.00|59.00|900406
11007|44.00|59.00|900407
11007|44.50|59.50|900406
11007|44.50|59.50|900407
11007|45.00|60.00|900406
11007|45.00|60.00|900407
11007|45.50|60.50|900406
11007|45.50|60.50|900407
11007|46.00|61.00|900406
11007|46.00|61.00|900407
11007|46.50|61.50|900406
11007|46.50|61.50|900407
11007|47.00|62.00|900406
11007|47.00|62.00|900407
11007|47.50|62.50|900406
11007|47.50|62.50|900407
11007|48.00|63.00|900406
11007|48.00|63.00|900407
11007|48.50|63.50|900406
11007|48.50|63.50|900407
11007|49.00|64.00|900406
11007|49.00|64.00|900407
11007|49.50|64.50|900406
11007|49.50|64.50|900407
11007|50.00|65.00|900406
11007|50.00|65.00|900407
11007|50.50|65.50|900406
11007|50.50|65.50|900407
11007|51.00|66.00|900406
11007|51.00|66.00|900407
11007|51.50|66.50|900406
11007|51.50|66.50|900407
11007|52.00|67.00|900406
11007|52.00|67.00|900407
11007|52.50|67.50|900406
11007|52.50|67.50|900407
11007|53.00|68.00|900406
11007|53.00|68.00|900407
11007|53.50|68.50|900406
11007|53.50|68.50|900407
11007|54.00|69.00|900406
11007|54.00|69.00|900407
11007|54.50|69.50|900406
11007|54.50|69.50|900407
11007|55.00|70.00|900406
11007|55.00|70.00|900407
#tide_44413_3
72.00
77228|0.00|30.00|1011213
65119|25.00|43.00|1010332
60118|40.00|70.00|1010463
11015|0.00|21.00|1004141
11015|0.00|21.00|1004142
11015|0.00|21.00|1004073
11015|0.00|21.00|1004094
11015|0.00|21.00|1004081
11015|0.00|21.00|1004022
11015|0.00|21.00|1004083
11015|0.00|21.00|1004144
11015|3.00|24.00|1004081
11015|3.00|24.00|1004062
11015|3.00|24.00|1004063
11015|3.00|24.00|1004154
11015|3.00|24.00|1004041
11015|3.00|24.00|1004042
11015|3.00|24.00|1004093
11015|3.00|24.00|1004134
11015|6.00|27.00|1004151
11015|6.00|27.00|1004072
11015|6.00|27.00|1004053
11015|6.00|27.00|1004044
11015|6.00|27.00|1004151
11015|6.00|27.00|1004082
11015|6.00|27.00|1004113
11015|6.00|27.00|1004074
11015|9.00|30.00|1004131
11015|9.00|30.00|1004072
11015|9.00|30.00|1004103
11015|9.00|30.00|1004124
11015|9.00|30.00|1004031
11015|9.00|30.00|1004032
11015|9.00|30.00|1004053
11015|9.00|30.00|1004124
11015|12.00|33.00|1004131
11015|12.00|33.00|1004062
11015|12.00|33.00|1004063
11015|12.00|33.00|1004114
11015|12.00|33.00|1004131
11015|12.00|33.00|1004132
11015|12.00|33.00|1004023
11015|12.00|33.00|1004144
11015|15.00|36.00|1004131
11015|15.00|36.00|1004022
11015|15.00|36.00|1004143
11015|15.00|36.00|1004104
11015|15.00|36.00|1004131
11015|15.00|36.00|1004092
11015|15.00|36.00|1004043
11015|15.00|36.00|1004104
11015|18.00|39.00|1004151
11015|18.00|39.00|1004082
11015|18.00|39.00|1004143
11015|18.00|39.00|1004064
11015|18.00|39.00|1004061
11015|18.00|39.00|1004142
11015|18.00|39.00|1004093
11015|18.00|39.00|1004124
11015|21.00|42.00|1004071
11015|21.00|42.00|1004062
11015|21.00|42.00|1004033
11015|21.00|42.00|1004084
11015|21.00|42.00|1004021
11015|21.00|42.00|1004132
11015|21.00|42.00|1004113
11015|21.00|42.00|1004114
11015|24.00|45.00|1004151
11015|24.00|45.00|1004122
11015|24.00|45.00|1004143
11015|24.00|45.00|1004094
11015|24.00|45.00|1004141
11015|24.00|45.00|1004122
11015|24.00|45.00|1004053
11015|24.00|45.00|1004104
11015|27.00|48.00|1004141
11015|27.00|48.00|1004042
11015|27.00|48.00|1004053
11015|27.00|48.00|1004034
11015|27.00|48.00|1004091
11015|27.00|48.00|1004132
11015|27.00|48.00|1004133
11015|27.00|48.00|1004144
11015|30.00|51.00|1004051
11015|30.00|51.00|1004042
11015|30.00|51.00|1004053
11015|30.00|51.00|1004124
11015|30.00|51.00|1004091
11015|30.00|51.00|1004152
11015|30.00|51.00|1004113
11015|30.00|51.00|1004034
11015|33.00|54.00|1004141
11015|33.00|54.00|1004152
11015|33.00|54.00|1004093
11015|33.00|54.00|1004094
11015|33.00|54.00|1004051
11015|33.00|54.00|1004112
11015|33.00|54.00|1004153
11015|33.00|54.00|1004044
11015|36.00|57.00|1004061
11015|36.00|57.00|1004022
11015|36.00|57.00|1004053
11015|36.00|57.00|1004064
11015|36.00|57.00|1004051
11015|36.00|57.00|1004022
11015|36.00|57.00|1004053
11015|36.00|57.00|1004064
11015|39.00|60.00|1004151
11015|39.00|60.00|1004052
11015|39.00|60.00|1004023
11015|39.00|60.00|1004064
11015|39.00|60.00|1004031
11015|39.00|60.00|1004052
11015|39.00|60.00|1004123
11015|39.00|60.00|1004154
11015|42.00|63.00|1004131
11015|42.00|63.00|1004152
11015|42.00|63.00|1004033
11015|42.00|63.00|1004104
11015|42.00|63.00|1004041
11015|42.00|63.00|1004102
11015|42.00|63.00|1004113
11015|42.00|63.00|1004054
11015|45.00|66.00|1004071
11015|45.00|66.00|1004062
11015|45.00|66.00|1004063
11015|45.00|66.00|1004054
11015|45.00|66.00|1004131
11015|45.00|66.00|1004042
11015|45.00|66.00|1004143
11015|45.00|66.00|1004124
11015|48.00|69.00|1004051
11015|48.00|69.00|1004132
11015|48.00|69.00|1004043
11015|48.00|69.00|1004054
11015|48.00|69.00|1004141
11015|48.00|69.00|1004122
11015|48.00|69.00|1004053
11015|48.00|69.00|1004034
11015|51.00|72.00|1004141
11015|51.00|72.00|1004042
11015|51.00|72.00|1004123
11015|51.00|72.00|1004064
11015|51.00|72.00|1004091
11015|51.00|72.00|1004152
11015|51.00|72.00|1004053
11015|51.00|72.00|1004104
#tide_44413_4
71.00
14015|0.00|20.00|900405
11026|3.00|23.00|900405
14015|6.00|26.00|900405
11026|9.00|29.00|900405
14015|12.00|32.00|900405
11026|15.00|35.00|900405
14015|18.00|38.00|900405
11026|21.00|41.00|900405
14015|24.00|44.00|900405
11026|27.00|47.00|900405
14015|30.00|50.00|900405
11026|33.00|53.00|900405
14015|36.00|56.00|900405
11026|39.00|59.00|900405
14015|42.00|62.00|900405
11026|45.00|65.00|900405
14015|48.00|68.00|900405
11026|51.00|71.00|900405
11007|2.00|14.00|900408
11007|2.00|14.00|900409
11004|2.00|14.00|900410
11004|2.00|14.00|900411
11007|3.00|15.00|900408
11007|3.00|15.00|900409
11004|3.00|15.00|900410
11004|3.00|15.00|900411
11007|4.00|16.00|900408
11007|4.00|16.00|900409
11004|4.00|16.00|900410
11004|4.00|16.00|900411
11007|5.00|17.00|900408
11007|5.00|17.00|900409
11004|5.00|17.00|900410
11004|5.00|17.00|900411
11007|6.00|18.00|900408
11007|6.00|18.00|900409
11004|6.00|18.00|900410
11004|6.00|18.00|900411
11007|7.00|19.00|900408
11007|7.00|19.00|900409
11004|7.00|19.00|900410
11004|7.00|19.00|900411
11007|8.00|20.00|900408
11007|8.00|20.00|900409
11004|8.00|20.00|900410
11004|8.00|20.00|900411
11007|9.00|21.00|900408
11007|9.00|21.00|900409
11004|9.00|21.00|900410
11004|9.00|21.00|900411
11007|10.00|22.00|900408
11007|10.00|22.00|900409
11004|10.00|22.00|900410
11004|10.00|22.00|900411
11007|11.00|23.00|900408
11007|11.00|23.00|900409
11004|11.00|23.00|900410
11004|11.00|23.00|900411
11007|12.00|24.00|900408
11007|12.00|24.00|900409
11004|12.00|24.00|900410
11004|12.00|24.00|900411
11007|13.00|25.00|900408
11007|13.00|25.00|900409
11004|13.00|25.00|900410
11004|13.00|25.00|900411
11007|14.00|26.00|900408
11007|14.00|26.00|900409
11004|14.00|26.00|900410
11004|14.00|26.00|900411
11007|15.00|27.00|900408
11007|15.00|27.00|900409
11004|15.00|27.00|900410
11004|15.00|27.00|900411
11007|16.00|28.00|900408
11007|16.00|28.00|900409
11004|16.00|28.00|900410
11004|16.00|28.00|900411
11007|17.00|29.00|900408
11007|17.00|29.00|900409
11004|17.00|29.00|900410
11004|17.00|29.00|900411
11007|18.00|30.00|900408
11007|18.00|30.00|900409
11004|18.00|30.00|900410
11004|18.00|30.00|900411
11007|19.00|31.00|900408
11007|19.00|31.00|900409
11004|19.00|31.00|900410
11004|19.00|31.00|900411
11007|20.00|32.00|900408
11007|20.00|32.00|900409
11004|20.00|32.00|900410
11004|20.00|32.00|900411
11007|21.00|33.00|900408
11007|21.00|33.00|900409
11004|21.00|33.00|900410
11004|21.00|33.00|900411
11007|22.00|34.00|900408
11007|22.00|34.00|900409
11004|22.00|34.00|900410
11004|22.00|34.00|900411
11007|23.00|35.00|900408
11007|23.00|35.00|900409
11004|23.00|35.00|900410
11004|23.00|35.00|900411
11007|24.00|36.00|900408
11007|24.00|36.00|900409
11004|24.00|36.00|900410
11004|24.00|36.00|900411
11007|25.00|37.00|900408
11007|25.00|37.00|900409
11004|25.00|37.00|900410
11004|25.00|37.00|900411
11007|26.00|38.00|900408
11007|26.00|38.00|900409
11004|26.00|38.00|900410
11004|26.00|38.00|900411
11007|27.00|39.00|900408
11007|27.00|39.00|900409
11004|27.00|39.00|900410
11004|27.00|39.00|900411
11007|28.00|40.00|900408
11007|28.00|40.00|900409
11004|28.00|40.00|900410
11004|28.00|40.00|900411
11007|29.00|41.00|900408
11007|29.00|41.00|900409
11004|29.00|41.00|900410
11004|29.00|41.00|900411
11007|30.00|42.00|900408
11007|30.00|42.00|900409
11004|30.00|42.00|900410
11004|30.00|42.00|900411
11007|31.00|43.00|900408
11007|31.00|43.00|900409
11004|31.00|43.00|900410
11004|31.00|43.00|900411
11007|32.00|44.00|900408
11007|32.00|44.00|900409
11004|32.00|44.00|900410
11004|32.00|44.00|900411
11007|33.00|45.00|900408
11007|33.00|45.00|900409
11004|33.00|45.00|900410
11004|33.00|45.00|900411
11007|34.00|46.00|900408
11007|34.00|46.00|900409
11004|34.00|46.00|900410
11004|34.00|46.00|900411
11007|35.00|47.00|900408
11007|35.00|47.00|900409
11004|35.00|47.00|900410
11004|35.00|47.00|900411
11007|36.00|48.00|900408
11007|36.00|48.00|900409
11004|36.00|48.00|900410
11004|36.00|48.00|900411
11007|37.00|49.00|900408
11007|37.00|49.00|900409
11004|37.00|49.00|900410
11004|37.00|49.00|900411
11007|38.00|50.00|900408
11007|38.00|50.00|900409
11004|38.00|50.00|900410
11004|38.00|50.00|900411
11007|39.00|51.00|900408
11007|39.00|51.00|900409
11004|39.00|51.00|900410
11004|39.00|51.00|900411
11007|40.00|52.00|900408
11007|40.00|52.00|900409
11004|40.00|52.00|900410
11004|40.00|52.00|900411
11007|41.00|53.00|900408
11007|41.00|53.00|900409
11004|41.00|53.00|900410
11004|41.00|53.00|900411
11007|42.00|54.00|900408
11007|42.00|54.00|900409
11004|42.00|54.00|900410
11004|42.00|54.00|900411
11007|43.00|55.00|900408
11007|43.00|55.00|900409
11004|43.00|55.00|900410
11004|43.00|55.00|900411
11007|44.00|56.00|900408
11007|44.00|56.00|900409
11004|44.00|56.00|900410
11004|44.00|56.00|900411
11007|45.00|57.00|900408
11007|45.00|57.00|900409
11004|45.00|57.00|900410
11004|45.00|57.00|900411
11007|46.00|58.00|900408
11007|46.00|58.00|900409
11004|46.00|58.00|900410
11004|46.00|58.00|900411
11007|47.00|59.00|900408
11007|47.00|59.00|900409
11004|47.00|59.00|900410
11004|47.00|59.00|900411
11007|48.00|60.00|900408
11007|48.00|60.00|900409
11004|48.00|60.00|900410
11004|48.00|60.00|900411
11007|49.00|61.00|900408
11007|49.00|61.00|900409
11004|49.00|61.00|900410
11004|49.00|61.00|900411
11007|50.00|62.00|900408
11007|50.00|62.00|900409
11004|50.00|62.00|900410
11004|50.00|62.00|900411
11007|51.00|63.00|900408
11007|51.00|63.00|900409
11004|51.00|63.00|900410
11004|51.00|63.00|900411
11007|52.00|64.00|900408
11007|52.00|64.00|900409
11004|52.00|64.00|900410
11004|52.00|64.00|900411
11007|53.00|65.00|900408
11007|53.00|65.00|900409
11004|53.00|65.00|900410
11004|53.00|65.00|900411
11007|54.00|66.00|900408
11007|54.00|66.00|900409
11004|54.00|66.00|900410
11004|54.00|66.00|900411
11007|55.00|67.00|900408
11007|55.00|67.00|900409
11004|55.00|67.00|900410
11004|55.00|67.00|900411
11007|56.00|68.00|900408
11007|56.00|68.00|900409
11004|56.00|68.00|900410
11004|56.00|68.00|900411
11007|57.00|69.00|900408
11007|57.00|69.00|900409
11004|57.00|69.00|900410
11004|57.00|69.00|900411
11007|58.00|70.00|900408
11007|58.00|70.00|900409
11004|58.00|70.00|900410
11004|58.00|70.00|900411
#tide_44413_5
70.00
77228|0.00|70.00|900451
77228|0.00|70.00|900452
11007|0.00|42.00|900412
11007|0.00|42.00|900413
11007|0.50|42.50|900412
11007|0.50|42.50|900413
11007|1.00|43.00|900412
11007|1.00|43.00|900413
11007|1.50|43.50|900412
11007|1.50|43.50|900413
11007|2.00|44.00|900412
11007|2.00|44.00|900413
11007|2.50|44.50|900412
11007|2.50|44.50|900413
11007|3.00|45.00|900412
11007|3.00|45.00|900413
11007|3.50|45.50|900412
11007|3.50|45.50|900413
11007|4.00|46.00|900412
11007|4.00|46.00|900413
11007|4.50|46.50|900412
11007|4.50|46.50|900413
11007|5.00|47.00|900412
11007|5.00|47.00|900413
11007|5.50|47.50|900412
11007|5.50|47.50|900413
11007|6.00|48.00|900412
11007|6.00|48.00|900413
11007|6.50|48.50|900412
11007|6.50|48.50|900413
11007|7.00|49.00|900412
11007|7.00|49.00|900413
11007|7.50|49.50|900412
11007|7.50|49.50|900413
11007|8.00|50.00|900412
11007|8.00|50.00|900413
11007|8.50|50.50|900412
11007|8.50|50.50|900413
11007|9.00|51.00|900412
11007|9.00|51.00|900413
11007|9.50|51.50|900412
11007|9.50|51.50|900413
11007|10.00|52.00|900412
11007|10.00|52.00|900413
11007|10.50|52.50|900412
11007|10.50|52.50|900413
11007|11.00|53.00|900412
11007|11.00|53.00|900413
11007|11.50|53.50|900412
11007|11.50|53.50|900413
11007|12.00|54.00|900412
11007|12.00|54.00|900413
11007|12.50|54.50|900412
11007|12.50|54.50|900413
11007|13.00|55.00|900412
11007|13.00|55.00|900413
11007|13.50|55.50|900412
11007|13.50|55.50|900413
11007|14.00|56.00|900412
11007|14.00|56.00|900413
11007|14.50|56.50|900412
11007|14.50|56.50|900413
11007|15.00|57.00|900412
11007|15.00|57.00|900413
11007|15.50|57.50|900412
11007|15.50|57.50|900413
11007|16.00|58.00|900412
11007|16.00|58.00|900413
11007|16.50|58.50|900412
11007|16.50|58.50|900413
11007|17.00|59.00|900412
11007|17.00|59.00|900413
11007|17.50|59.50|900412
11007|17.50|59.50|900413
11007|18.00|60.00|900412
11007|18.00|60.00|900413
11007|18.50|60.50|900412
11007|18.50|60.50|900413
11007|19.00|61.00|900412
11007|19.00|61.00|900413
11007|19.50|61.50|900412
11007|19.50|61.50|900413
11007|20.00|62.00|900412
11007|20.00|62.00|900413
11007|20.50|62.50|900412
11007|20.50|62.50|900413
11007|21.00|63.00|900412
11007|21.00|63.00|900413
11007|21.50|63.50|900412
11007|21.50|63.50|900413
11007|22.00|64.00|900412
11007|22.00|64.00|900413
11007|22.50|64.50|900412
11007|22.50|64.50|900413
11007|23.00|65.00|900412
11007|23.00|65.00|900413
11007|23.50|65.50|900412
11007|23.50|65.50|900413
11007|24.00|66.00|900412
11007|24.00|66.00|900413
11007|24.50|66.50|900412
11007|24.50|66.50|900413
11007|25.00|67.00|900412
11007|25.00|67.00|900413
11007|25.50|67.50|900412
11007|25.50|67.50|900413
11007|26.00|68.00|900412
11007|26.00|68.00|900413
11007|26.50|68.50|900412
11007|26.50|68.50|900413
11007|27.00|69.00|900412
11007|27.00|69.00|900413
11007|27.50|69.50|900412
11007|27.50|69.50|900413
11007|28.00|70.00|900412
11007|28.00|70.00|900413
11003|0.00|42.00|900414
11003|0.00|42.00|900415
11003|0.50|42.50|900414
11003|0.50|42.50|900415
11003|1.00|43.00|900414
11003|1.00|43.00|900415
11003|1.50|43.50|900414
11003|1.50|43.50|900415
11003|2.00|44.00|900414
11003|2.00|44.00|900415
11003|2.50|44.50|900414
11003|2.50|44.50|900415
11003|3.00|45.00|900414
11003|3.00|45.00|900415
11003|3.50|45.50|900414
11003|3.50|45.50|900415
11003|4.00|46.00|900414
11003|4.00|46.00|900415
11003|4.50|46.50|900414
11003|4.50|46.50|900415
11003|5.00|47.00|900414
11003|5.00|47.00|900415
11003|5.50|47.50|900414
11003|5.50|47.50|900415
11003|6.00|48.00|900414
11003|6.00|48.00|900415
11003|6.50|48.50|900414
11003|6.50|48.50|900415
11003|7.00|49.00|900414
11003|7.00|49.00|900415
11003|7.50|49.50|900414
11003|7.50|49.50|900415
11003|8.00|50.00|900414
11003|8.00|50.00|900415
11003|8.50|50.50|900414
11003|8.50|50.50|900415
11003|9.00|51.00|900414
11003|9.00|51.00|900415
11003|9.50|51.50|900414
11003|9.50|51.50|900415
11003|10.00|52.00|900414
11003|10.00|52.00|900415
11003|10.50|52.50|900414
11003|10.50|52.50|900415
11003|11.00|53.00|900414
11003|11.00|53.00|900415
11003|11.50|53.50|900414
11003|11.50|53.50|900415
11003|12.00|54.00|900414
11003|12.00|54.00|900415
11003|12.50|54.50|900414
11003|12.50|54.50|900415
11003|13.00|55.00|900414
11003|13.00|55.00|900415
11003|13.50|55.50|900414
11003|13.50|55.50|900415
11003|14.00|56.00|900414
11003|14.00|56.00|900415
11003|14.50|56.50|900414
11003|14.50|56.50|900415
11003|15.00|57.00|900414
11003|15.00|57.00|900415
11003|15.50|57.50|900414
11003|15.50|57.50|900415
11003|16.00|58.00|900414
11003|16.00|58.00|900415
11003|16.50|58.50|900414
11003|16.50|58.50|900415
11003|17.00|59.00|900414
11003|17.00|59.00|900415
11003|17.50|59.50|900414
11003|17.50|59.50|900415
11003|18.00|60.00|900414
11003|18.00|60.00|900415
11003|18.50|60.50|900414
11003|18.50|60.50|900415
11003|19.00|61.00|900414
11003|19.00|61.00|900415
11003|19.50|61.50|900414
11003|19.50|61.50|900415
11003|20.00|62.00|900414
11003|20.00|62.00|900415
11003|20.50|62.50|900414
11003|20.50|62.50|900415
11003|21.00|63.00|900414
11003|21.00|63.00|900415
11003|21.50|63.50|900414
11003|21.50|63.50|900415
11003|22.00|64.00|900414
11003|22.00|64.00|900415
11003|22.50|64.50|900414
11003|22.50|64.50|900415
11003|23.00|65.00|900414
11003|23.00|65.00|900415
11003|23.50|65.50|900414
11003|23.50|65.50|900415
11003|24.00|66.00|900414
11003|24.00|66.00|900415
11003|24.50|66.50|900414
11003|24.50|66.50|900415
11003|25.00|67.00|900414
11003|25.00|67.00|900415
11003|25.50|67.50|900414
11003|25.50|67.50|900415
11003|26.00|68.00|900414
11003|26.00|68.00|900415
11003|26.50|68.50|900414
11003|26.50|68.50|900415
11003|27.00|69.00|900414
11003|27.00|69.00|900415
11003|27.50|69.50|900414
11003|27.50|69.50|900415
11003|28.00|70.00|900414
11003|28.00|70.00|900415
#tide_44413_6
70.00
11007|0.00|16.00|900416
11007|0.00|16.00|900418
11007|0.00|16.00|900422
11007|0.00|16.00|900424
11007|1.00|17.00|900416
11007|1.00|17.00|900418
11007|1.00|17.00|900422
11007|1.00|17.00|900424
11007|2.00|18.00|900416
11007|2.00|18.00|900418
11007|2.00|18.00|900422
11007|2.00|18.00|900424
11007|3.00|19.00|900416
11007|3.00|19.00|900418
11007|3.00|19.00|900422
11007|3.00|19.00|900424
11007|4.00|20.00|900416
11007|4.00|20.00|900418
11007|4.00|20.00|900422
11007|4.00|20.00|900424
11007|5.00|21.00|900416
11007|5.00|21.00|900418
11007|5.00|21.00|900422
11007|5.00|21.00|900424
11007|6.00|22.00|900416
11007|6.00|22.00|900418
11007|6.00|22.00|900422
11007|6.00|22.00|900424
11007|7.00|23.00|900416
11007|7.00|23.00|900418
11007|7.00|23.00|900422
11007|7.00|23.00|900424
11007|8.00|24.00|900416
11007|8.00|24.00|900418
11007|8.00|24.00|900422
11007|8.00|24.00|900424
11007|9.00|25.00|900416
11007|9.00|25.00|900418
11007|9.00|25.00|900422
11007|9.00|25.00|900424
11007|10.00|26.00|900416
11007|10.00|26.00|900418
11007|10.00|26.00|900422
11007|10.00|26.00|900424
11007|11.00|27.00|900416
11007|11.00|27.00|900418
11007|11.00|27.00|900422
11007|11.00|27.00|900424
11007|12.00|28.00|900416
11007|12.00|28.00|900418
11007|12.00|28.00|900422
11007|12.00|28.00|900424
11007|13.00|29.00|900416
11007|13.00|29.00|900418
11007|13.00|29.00|900422
11007|13.00|29.00|900424
11007|14.00|30.00|900416
11007|14.00|30.00|900418
11007|14.00|30.00|900422
11007|14.00|30.00|900424
11007|15.00|31.00|900416
11007|15.00|31.00|900418
11007|15.00|31.00|900422
11007|15.00|31.00|900424
11007|16.00|32.00|900416
11007|16.00|32.00|900418
11007|16.00|32.00|900422
11007|16.00|32.00|900424
11007|17.00|33.00|900416
11007|17.00|33.00|900418
11007|17.00|33.00|900422
11007|17.00|33.00|900424
11007|18.00|34.00|900416
11007|18.00|34.00|900418
11007|18.00|34.00|900422
11007|18.00|34.00|900424
11007|19.00|35.00|900416
11007|19.00|35.00|900418
11007|19.00|35.00|900422
11007|19.00|35.00|900424
11007|20.00|36.00|900416
11007|20.00|36.00|900418
11007|20.00|36.00|900422
11007|20.00|36.00|900424
11007|21.00|37.00|900416
11007|21.00|37.00|900418
11007|21.00|37.00|900422
11007|21.00|37.00|900424
11007|22.00|38.00|900416
11007|22.00|38.00|900418
11007|22.00|38.00|900422
11007|22.00|38.00|900424
11007|23.00|39.00|900416
11007|23.00|39.00|900418
11007|23.00|39.00|900422
11007|23.00|39.00|900424
11007|24.00|40.00|900416
11007|24.00|40.00|900418
11007|24.00|40.00|900422
11007|24.00|40.00|900424
11007|25.00|41.00|900416
11007|25.00|41.00|900418
11007|25.00|41.00|900422
11007|25.00|41.00|900424
11007|26.00|42.00|900416
11007|26.00|42.00|900418
11007|26.00|42.00|900422
11007|26.00|42.00|900424
11007|27.00|43.00|900416
11007|27.00|43.00|900418
11007|27.00|43.00|900422
11007|27.00|43.00|900424
11007|28.00|44.00|900416
11007|28.00|44.00|900418
11007|28.00|44.00|900422
11007|28.00|44.00|900424
11007|29.00|45.00|900416
11007|29.00|45.00|900418
11007|29.00|45.00|900422
11007|29.00|45.00|900424
11007|30.00|46.00|900416
11007|30.00|46.00|900418
11007|30.00|46.00|900422
11007|30.00|46.00|900424
11007|31.00|47.00|900416
11007|31.00|47.00|900418
11007|31.00|47.00|900422
11007|31.00|47.00|900424
11007|32.00|48.00|900416
11007|32.00|48.00|900418
11007|32.00|48.00|900422
11007|32.00|48.00|900424
11007|33.00|49.00|900416
11007|33.00|49.00|900418
11007|33.00|49.00|900422
11007|33.00|49.00|900424
11007|34.00|50.00|900416
11007|34.00|50.00|900418
11007|34.00|50.00|900422
11007|34.00|50.00|900424
11007|35.00|51.00|900416
11007|35.00|51.00|900418
11007|35.00|51.00|900422
11007|35.00|51.00|900424
11007|36.00|52.00|900416
11007|36.00|52.00|900418
11007|36.00|52.00|900422
11007|36.00|52.00|900424
11007|37.00|53.00|900416
11007|37.00|53.00|900418
11007|37.00|53.00|900422
11007|37.00|53.00|900424
11007|38.00|54.00|900416
11007|38.00|54.00|900418
11007|38.00|54.00|900422
11007|38.00|54.00|900424
11007|39.00|55.00|900416
11007|39.00|55.00|900418
11007|39.00|55.00|900422
11007|39.00|55.00|900424
11007|40.00|56.00|900416
11007|40.00|56.00|900418
11007|40.00|56.00|900422
11007|40.00|56.00|900424
11007|41.00|57.00|900416
11007|41.00|57.00|900418
11007|41.00|57.00|900422
11007|41.00|57.00|900424
11007|42.00|58.00|900416
11007|42.00|58.00|900418
11007|42.00|58.00|900422
11007|42.00|58.00|900424
11007|43.00|59.00|900416
11007|43.00|59.00|900418
11007|43.00|59.00|900422
11007|43.00|59.00|900424
11007|44.00|60.00|900416
11007|44.00|60.00|900418
11007|44.00|60.00|900422
11007|44.00|60.00|900424
11007|45.00|61.00|900416
11007|45.00|61.00|900418
11007|45.00|61.00|900422
11007|45.00|61.00|900424
11007|46.00|62.00|900416
11007|46.00|62.00|900418
11007|46.00|62.00|900422
11007|46.00|62.00|900424
11007|47.00|63.00|900416
11007|47.00|63.00|900418
11007|47.00|63.00|900422
11007|47.00|63.00|900424
11007|48.00|64.00|900416
11007|48.00|64.00|900418
11007|48.00|64.00|900422
11007|48.00|64.00|900424
11007|49.00|65.00|900416
11007|49.00|65.00|900418
11007|49.00|65.00|900422
11007|49.00|65.00|900424
11007|50.00|66.00|900416
11007|50.00|66.00|900418
11007|50.00|66.00|900422
11007|50.00|66.00|900424
11007|51.00|67.00|900416
11007|51.00|67.00|900418
11007|51.00|67.00|900422
11007|51.00|67.00|900424
11007|52.00|68.00|900416
11007|52.00|68.00|900418
11007|52.00|68.00|900422
11007|52.00|68.00|900424
11007|53.00|69.00|900416
11007|53.00|69.00|900418
11007|53.00|69.00|900422
11007|53.00|69.00|900424
11007|54.00|70.00|900416
11007|54.00|70.00|900418
11007|54.00|70.00|900422
11007|54.00|70.00|900424
11013|0.00|16.00|900417
11013|0.00|16.00|900423
11021|2.00|18.00|900417
11021|2.00|18.00|900423
11013|4.00|20.00|900417
11013|4.00|20.00|900423
11021|6.00|22.00|900417
11021|6.00|22.00|900423
11013|8.00|24.00|900417
11013|8.00|24.00|900423
11021|10.00|26.00|900417
11021|10.00|26.00|900423
11013|12.00|28.00|900417
11013|12.00|28.00|900423
11021|14.00|30.00|900417
11021|14.00|30.00|900423
11013|16.00|32.00|900417
11013|16.00|32.00|900423
11021|18.00|34.00|900417
11021|18.00|34.00|900423
11013|20.00|36.00|900417
11013|20.00|36.00|900423
11021|22.00|38.00|900417
11021|22.00|38.00|900423
11013|24.00|40.00|900417
11013|24.00|40.00|900423
11021|26.00|42.00|900417
11021|26.00|42.00|900423
11013|28.00|44.00|900417
11013|28.00|44.00|900423
11021|30.00|46.00|900417
11021|30.00|46.00|900423
11013|32.00|48.00|900417
11013|32.00|48.00|900423
11021|34.00|50.00|900417
11021|34.00|50.00|900423
11013|36.00|52.00|900417
11013|36.00|52.00|900423
11021|38.00|54.00|900417
11021|38.00|54.00|900423
11013|40.00|56.00|900417
11013|40.00|56.00|900423
11021|42.00|58.00|900417
11021|42.00|58.00|900423
11013|44.00|60.00|900417
11013|44.00|60.00|900423
11021|46.00|62.00|900417
11021|46.00|62.00|900423
11013|48.00|64.00|900417
11013|48.00|64.00|900423
11021|50.00|66.00|900417
11021|50.00|66.00|900423
11013|52.00|68.00|900417
11013|52.00|68.00|900423
11021|54.00|70.00|900417
11021|54.00|70.00|900423
11017|0.00|16.00|900419
11017|0.00|16.00|900421
11017|2.00|18.00|900419
11017|2.00|18.00|900421
11026|4.50|20.50|900420
11017|7.00|23.00|900419
11017|7.00|23.00|900421
11017|9.00|25.00|900419
11017|9.00|25.00|900421
11026|11.50|27.50|900420
11017|14.00|30.00|900419
11017|14.00|30.00|900421
11017|16.00|32.00|900419
11017|16.00|32.00|900421
11026|18.50|34.50|900420
11017|21.00|37.00|900419
11017|21.00|37.00|900421
11017|23.00|39.00|900419
11017|23.00|39.00|900421
11026|25.50|41.50|900420
11017|28.00|44.00|900419
11017|28.00|44.00|900421
11017|30.00|46.00|900419
11017|30.00|46.00|900421
11026|32.50|48.50|900420
11017|35.00|51.00|900419
11017|35.00|51.00|900421
11017|37.00|53.00|900419
11017|37.00|53.00|900421
11026|39.50|55.50|900420
11017|42.00|58.00|900419
11017|42.00|58.00|900421
11017|44.00|60.00|900419
11017|44.00|60.00|900421
11026|46.50|62.50|900420
11017|49.00|65.00|900419
11017|49.00|65.00|900421
11017|51.00|67.00|900419
11017|51.00|67.00|900421
11026|53.50|69.50|900420
#tide_44413_7
70.00
77228|0.00|70.00|900453
11007|0.00|40.00|900425
11007|0.00|40.00|900426
11004|0.00|40.00|900427
11004|0.00|40.00|900428
11007|0.50|40.50|900425
11007|0.50|40.50|900426
11004|0.50|40.50|900427
11004|0.50|40.50|900428
11007|1.00|41.00|900425
11007|1.00|41.00|900426
11004|1.00|41.00|900427
11004|1.00|41.00|900428
11007|1.50|41.50|900425
11007|1.50|41.50|900426
11004|1.50|41.50|900427
11004|1.50|41.50|900428
11007|2.00|42.00|900425
11007|2.00|42.00|900426
11004|2.00|42.00|900427
11004|2.00|42.00|900428
11007|2.50|42.50|900425
11007|2.50|42.50|900426
11004|2.50|42.50|900427
11004|2.50|42.50|900428
11007|3.00|43.00|900425
11007|3.00|43.00|900426
11004|3.00|43.00|900427
11004|3.00|43.00|900428
11007|3.50|43.50|900425
11007|3.50|43.50|900426
11004|3.50|43.50|900427
11004|3.50|43.50|900428
11007|4.00|44.00|900425
11007|4.00|44.00|900426
11004|4.00|44.00|900427
11004|4.00|44.00|900428
11007|4.50|44.50|900425
11007|4.50|44.50|900426
11004|4.50|44.50|900427
11004|4.50|44.50|900428
11007|5.00|45.00|900425
11007|5.00|45.00|900426
11004|5.00|45.00|900427
11004|5.00|45.00|900428
11007|5.50|45.50|900425
11007|5.50|45.50|900426
11004|5.50|45.50|900427
11004|5.50|45.50|900428
11007|6.00|46.00|900425
11007|6.00|46.00|900426
11004|6.00|46.00|900427
11004|6.00|46.00|900428
11007|6.50|46.50|900425
11007|6.50|46.50|900426
11004|6.50|46.50|900427
11004|6.50|46.50|900428
11007|7.00|47.00|900425
11007|7.00|47.00|900426
11004|7.00|47.00|900427
11004|7.00|47.00|900428
11007|7.50|47.50|900425
11007|7.50|47.50|900426
11004|7.50|47.50|900427
11004|7.50|47.50|900428
11007|8.00|48.00|900425
11007|8.00|48.00|900426
11004|8.00|48.00|900427
11004|8.00|48.00|900428
11007|8.50|48.50|900425
11007|8.50|48.50|900426
11004|8.50|48.50|900427
11004|8.50|48.50|900428
11007|9.00|49.00|900425
11007|9.00|49.00|900426
11004|9.00|49.00|900427
11004|9.00|49.00|900428
11007|9.50|49.50|900425
11007|9.50|49.50|900426
11004|9.50|49.50|900427
11004|9.50|49.50|900428
11007|10.00|50.00|900425
11007|10.00|50.00|900426
11004|10.00|50.00|900427
11004|10.00|50.00|900428
11007|10.50|50.50|900425
11007|10.50|50.50|900426
11004|10.50|50.50|900427
11004|10.50|50.50|900428
11007|11.00|51.00|900425
11007|11.00|51.00|900426
11004|11.00|51.00|900427
11004|11.00|51.00|900428
11007|11.50|51.50|900425
11007|11.50|51.50|900426
11004|11.50|51.50|900427
11004|11.50|51.50|900428
11007|12.00|52.00|900425
11007|12.00|52.00|900426
11004|12.00|52.00|900427
11004|12.00|52.00|900428
11007|12.50|52.50|900425
11007|12.50|52.50|900426
11004|12.50|52.50|900427
11004|12.50|52.50|900428
11007|13.00|53.00|900425
11007|13.00|53.00|900426
11004|13.00|53.00|900427
11004|13.00|53.00|900428
11007|13.50|53.50|900425
11007|13.50|53.50|900426
11004|13.50|53.50|900427
11004|13.50|53.50|900428
11007|14.00|54.00|900425
11007|14.00|54.00|900426
11004|14.00|54.00|900427
11004|14.00|54.00|900428
11007|14.50|54.50|900425
11007|14.50|54.50|900426
11004|14.50|54.50|900427
11004|14.50|54.50|900428
11007|15.00|55.00|900425
11007|15.00|55.00|900426
11004|15.00|55.00|900427
11004|15.00|55.00|900428
11007|15.50|55.50|900425
11007|15.50|55.50|900426
11004|15.50|55.50|900427
11004|15.50|55.50|900428
11007|16.00|56.00|900425
11007|16.00|56.00|900426
11004|16.00|56.00|900427
11004|16.00|56.00|900428
11007|16.50|56.50|900425
11007|16.50|56.50|900426
11004|16.50|56.50|900427
11004|16.50|56.50|900428
11007|17.00|57.00|900425
11007|17.00|57.00|900426
11004|17.00|57.00|900427
11004|17.00|57.00|900428
11007|17.50|57.50|900425
11007|17.50|57.50|900426
11004|17.50|57.50|900427
11004|17.50|57.50|900428
11007|18.00|58.00|900425
11007|18.00|58.00|900426
11004|18.00|58.00|900427
11004|18.00|58.00|900428
11007|18.50|58.50|900425
11007|18.50|58.50|900426
11004|18.50|58.50|900427
11004|18.50|58.50|900428
11007|19.00|59.00|900425
11007|19.00|59.00|900426
11004|19.00|59.00|900427
11004|19.00|59.00|900428
11007|19.50|59.50|900425
11007|19.50|59.50|900426
11004|19.50|59.50|900427
11004|19.50|59.50|900428
11007|20.00|60.00|900425
11007|20.00|60.00|900426
11004|20.00|60.00|900427
11004|20.00|60.00|900428
11007|20.50|60.50|900425
11007|20.50|60.50|900426
11004|20.50|60.50|900427
11004|20.50|60.50|900428
11007|21.00|61.00|900425
11007|21.00|61.00|900426
11004|21.00|61.00|900427
11004|21.00|61.00|900428
11007|21.50|61.50|900425
11007|21.50|61.50|900426
11004|21.50|61.50|900427
11004|21.50|61.50|900428
11007|22.00|62.00|900425
11007|22.00|62.00|900426
11004|22.00|62.00|900427
11004|22.00|62.00|900428
11007|22.50|62.50|900425
11007|22.50|62.50|900426
11004|22.50|62.50|900427
11004|22.50|62.50|900428
11007|23.00|63.00|900425
11007|23.00|63.00|900426
11004|23.00|63.00|900427
11004|23.00|63.00|900428
11007|23.50|63.50|900425
11007|23.50|63.50|900426
11004|23.50|63.50|900427
11004|23.50|63.50|900428
11007|24.00|64.00|900425
11007|24.00|64.00|900426
11004|24.00|64.00|900427
11004|24.00|64.00|900428
11007|24.50|64.50|900425
11007|24.50|64.50|900426
11004|24.50|64.50|900427
11004|24.50|64.50|900428
11007|25.00|65.00|900425
11007|25.00|65.00|900426
11004|25.00|65.00|900427
11004|25.00|65.00|900428
11007|25.50|65.50|900425
11007|25.50|65.50|900426
11004|25.50|65.50|900427
11004|25.50|65.50|900428
11007|26.00|66.00|900425
11007|26.00|66.00|900426
11004|26.00|66.00|900427
11004|26.00|66.00|900428
11007|26.50|66.50|900425
11007|26.50|66.50|900426
11004|26.50|66.50|900427
11004|26.50|66.50|900428
11007|27.00|67.00|900425
11007|27.00|67.00|900426
11004|27.00|67.00|900427
11004|27.00|67.00|900428
11007|27.50|67.50|900425
11007|27.50|67.50|900426
11004|27.50|67.50|900427
11004|27.50|67.50|900428
11007|28.00|68.00|900425
11007|28.00|68.00|900426
11004|28.00|68.00|900427
11004|28.00|68.00|900428
11007|28.50|68.50|900425
11007|28.50|68.50|900426
11004|28.50|68.50|900427
11004|28.50|68.50|900428
11007|29.00|69.00|900425
11007|29.00|69.00|900426
11004|29.00|69.00|900427
11004|29.00|69.00|900428
11007|29.50|69.50|900425
11007|29.50|69.50|900426
11004|29.50|69.50|900427
11004|29.50|69.50|900428
11007|30.00|70.00|900425
11007|30.00|70.00|900426
11004|30.00|70.00|900427
11004|30.00|70.00|900428
#tide_44413_8
70.00
11007|0.00|15.00|900429
11007|0.00|15.00|900430
11007|0.00|15.00|900431
11007|0.00|15.00|900432
11007|0.00|15.00|900433
11007|0.00|15.00|900434
11007|0.00|15.00|900435
11007|0.00|15.00|900436
11007|0.00|15.00|900437
11007|0.00|15.00|900438
11007|0.00|15.00|900439
11007|0.00|15.00|900440
11007|0.00|15.00|900441
11007|0.00|15.00|900442
11007|0.00|15.00|900443
11007|0.00|15.00|900444
11007|0.00|15.00|900445
11007|0.00|15.00|900446
11007|0.00|15.00|900447
11007|0.00|15.00|900448
11007|0.00|15.00|900449
60118|0.00|15.00|900450
11004|5.00|20.00|900429
11004|5.00|20.00|900430
11004|5.00|20.00|900431
11004|5.00|20.00|900432
11004|5.00|20.00|900433
11004|5.00|20.00|900434
11004|5.00|20.00|900435
11004|5.00|20.00|900436
11004|5.00|20.00|900437
11004|5.00|20.00|900438
11004|5.00|20.00|900439
11004|5.00|20.00|900440
11004|5.00|20.00|900441
11004|5.00|20.00|900442
11004|5.00|20.00|900443
11004|5.00|20.00|900444
11004|5.00|20.00|900445
11004|5.00|20.00|900446
11004|5.00|20.00|900447
11004|5.00|20.00|900448
11004|5.00|20.00|900449
60118|5.00|20.00|900450
11007|10.00|25.00|900429
11007|10.00|25.00|900430
11007|10.00|25.00|900431
11007|10.00|25.00|900432
11007|10.00|25.00|900433
11007|10.00|25.00|900434
11007|10.00|25.00|900435
11007|10.00|25.00|900436
11007|10.00|25.00|900437
11007|10.00|25.00|900438
11007|10.00|25.00|900439
11007|10.00|25.00|900440
11007|10.00|25.00|900441
11007|10.00|25.00|900442
11007|10.00|25.00|900443
11007|10.00|25.00|900444
11007|10.00|25.00|900445
11007|10.00|25.00|900446
11007|10.00|25.00|900447
11007|10.00|25.00|900448
11007|10.00|25.00|900449
60118|10.00|25.00|900450
11004|15.00|30.00|900429
11004|15.00|30.00|900430
11004|15.00|30.00|900431
11004|15.00|30.00|900432
11004|15.00|30.00|900433
11004|15.00|30.00|900434
11004|15.00|30.00|900435
11004|15.00|30.00|900436
11004|15.00|30.00|900437
11004|15.00|30.00|900438
11004|15.00|30.00|900439
11004|15.00|30.00|900440
11004|15.00|30.00|900441
11004|15.00|30.00|900442
11004|15.00|30.00|900443
11004|15.00|30.00|900444
11004|15.00|30.00|900445
11004|15.00|30.00|900446
11004|15.00|30.00|900447
11004|15.00|30.00|900448
11004|15.00|30.00|900449
60118|15.00|30.00|900450
11007|20.00|35.00|900429
11007|20.00|35.00|900430
11007|20.00|35.00|900431
11007|20.00|35.00|900432
11007|20.00|35.00|900433
11007|20.00|35.00|900434
11007|20.00|35.00|900435
11007|20.00|35.00|900436
11007|20.00|35.00|900437
11007|20.00|35.00|900438
11007|20.00|35.00|900439
11007|20.00|35.00|900440
11007|20.00|35.00|900441
11007|20.00|35.00|900442
11007|20.00|35.00|900443
11007|20.00|35.00|900444
11007|20.00|35.00|900445
11007|20.00|35.00|900446
11007|20.00|35.00|900447
11007|20.00|35.00|900448
11007|20.00|35.00|900449
60118|20.00|35.00|900450
11004|25.00|40.00|900429
11004|25.00|40.00|900430
11004|25.00|40.00|900431
11004|25.00|40.00|900432
11004|25.00|40.00|900433
11004|25.00|40.00|900434
11004|25.00|40.00|900435
11004|25.00|40.00|900436
11004|25.00|40.00|900437
11004|25.00|40.00|900438
11004|25.00|40.00|900439
11004|25.00|40.00|900440
11004|25.00|40.00|900441
11004|25.00|40.00|900442
11004|25.00|40.00|900443
11004|25.00|40.00|900444
11004|25.00|40.00|900445
11004|25.00|40.00|900446
11004|25.00|40.00|900447
11004|25.00|40.00|900448
11004|25.00|40.00|900449
60118|25.00|40.00|900450
11007|30.00|45.00|900429
11007|30.00|45.00|900430
11007|30.00|45.00|900431
11007|30.00|45.00|900432
11007|30.00|45.00|900433
11007|30.00|45.00|900434
11007|30.00|45.00|900435
11007|30.00|45.00|900436
11007|30.00|45.00|900437
11007|30.00|45.00|900438
11007|30.00|45.00|900439
11007|30.00|45.00|900440
11007|30.00|45.00|900441
11007|30.00|45.00|900442
11007|30.00|45.00|900443
11007|30.00|45.00|900444
11007|30.00|45.00|900445
11007|30.00|45.00|900446
11007|30.00|45.00|900447
11007|30.00|45.00|900448
11007|30.00|45.00|900449
60118|30.00|45.00|900450
11004|35.00|50.00|900429
11004|35.00|50.00|900430
11004|35.00|50.00|900431
11004|35.00|50.00|900432
11004|35.00|50.00|900433
11004|35.00|50.00|900434
11004|35.00|50.00|900435
11004|35.00|50.00|900436
11004|35.00|50.00|900437
11004|35.00|50.00|900438
11004|35.00|50.00|900439
11004|35.00|50.00|900440
11004|35.00|50.00|900441
11004|35.00|50.00|900442
11004|35.00|50.00|900443
11004|35.00|50.00|900444
11004|35.00|50.00|900445
11004|35.00|50.00|900446
11004|35.00|50.00|900447
11004|35.00|50.00|900448
11004|35.00|50.00|900449
60118|35.00|50.00|900450
11007|40.00|55.00|900429
11007|40.00|55.00|900430
11007|40.00|55.00|900431
11007|40.00|55.00|900432
11007|40.00|55.00|900433
11007|40.00|55.00|900434
11007|40.00|55.00|900435
11007|40.00|55.00|900436
11007|40.00|55.00|900437
11007|40.00|55.00|900438
11007|40.00|55.00|900439
11007|40.00|55.00|900440
11007|40.00|55.00|900441
11007|40.00|55.00|900442
11007|40.00|55.00|900443
11007|40.00|55.00|900444
11007|40.00|55.00|900445
11007|40.00|55.00|900446
11007|40.00|55.00|900447
11007|40.00|55.00|900448
11007|40.00|55.00|900449
60118|40.00|55.00|900450
11004|45.00|60.00|900429
11004|45.00|60.00|900430
11004|45.00|60.00|900431
11004|45.00|60.00|900432
11004|45.00|60.00|900433
11004|45.00|60.00|900434
11004|45.00|60.00|900435
11004|45.00|60.00|900436
11004|45.00|60.00|900437
11004|45.00|60.00|900438
11004|45.00|60.00|900439
11004|45.00|60.00|900440
11004|45.00|60.00|900441
11004|45.00|60.00|900442
11004|45.00|60.00|900443
11004|45.00|60.00|900444
11004|45.00|60.00|900445
11004|45.00|60.00|900446
11004|45.00|60.00|900447
11004|45.00|60.00|900448
11004|45.00|60.00|900449
60118|45.00|60.00|900450
11007|50.00|65.00|900429
11007|50.00|65.00|900430
11007|50.00|65.00|900431
11007|50.00|65.00|900432
11007|50.00|65.00|900433
11007|50.00|65.00|900434
11007|50.00|65.00|900435
11007|50.00|65.00|900436
11007|50.00|65.00|900437
11007|50.00|65.00|900438
11007|50.00|65.00|900439
11007|50.00|65.00|900440
11007|50.00|65.00|900441
11007|50.00|65.00|900442
11007|50.00|65.00|900443
11007|50.00|65.00|900444
11007|50.00|65.00|900445
11007|50.00|65.00|900446
11007|50.00|65.00|900447
11007|50.00|65.00|900448
11007|50.00|65.00|900449
60118|50.00|65.00|900450
11004|55.00|70.00|900429
11004|55.00|70.00|900430
11004|55.00|70.00|900431
11004|55.00|70.00|900432
11004|55.00|70.00|900433
11004|55.00|70.00|900434
11004|55.00|70.00|900435
11004|55.00|70.00|900436
11004|55.00|70.00|900437
11004|55.00|70.00|900438
11004|55.00|70.00|900439
11004|55.00|70.00|900440
11004|55.00|70.00|900441
11004|55.00|70.00|900442
11004|55.00|70.00|900443
11004|55.00|70.00|900444
11004|55.00|70.00|900445
11004|55.00|70.00|900446
11004|55.00|70.00|900447
11004|55.00|70.00|900448
11004|55.00|70.00|900449
60118|55.00|70.00|900450
