#tide_44411_1
71.00
14020|0.00|20.00|900405
11021|3.00|23.00|900405
14020|6.00|26.00|900405
11021|9.00|29.00|900405
14020|12.00|32.00|900405
11021|15.00|35.00|900405
14020|18.00|38.00|900405
11021|21.00|41.00|900405
14020|24.00|44.00|900405
11021|27.00|47.00|900405
14020|30.00|50.00|900405
11021|33.00|53.00|900405
14020|36.00|56.00|900405
11021|39.00|59.00|900405
14020|42.00|62.00|900405
11021|45.00|65.00|900405
14020|48.00|68.00|900405
11021|51.00|71.00|900405
11002|2.00|14.00|900401
11002|2.00|14.00|900402
11002|2.00|14.00|900403
11002|2.00|14.00|900404
11002|2.50|14.50|900401
11002|2.50|14.50|900402
11002|2.50|14.50|900403
11002|2.50|14.50|900404
11002|3.00|15.00|900401
11002|3.00|15.00|900402
11002|3.00|15.00|900403
11002|3.00|15.00|900404
11002|3.50|15.50|900401
11002|3.50|15.50|900402
11002|3.50|15.50|900403
11002|3.50|15.50|900404
11003|4.00|16.00|900401
11003|4.00|16.00|900402
11003|4.00|16.00|900403
11003|4.00|16.00|900404
11003|4.50|16.50|900401
11003|4.50|16.50|900402
11003|4.50|16.50|900403
11003|4.50|16.50|900404
11003|5.00|17.00|900401
11003|5.00|17.00|900402
11003|5.00|17.00|900403
11003|5.00|17.00|900404
11003|5.50|17.50|900401
11003|5.50|17.50|900402
11003|5.50|17.50|900403
11003|5.50|17.50|900404
11002|6.00|18.00|900401
11002|6.00|18.00|900402
11002|6.00|18.00|900403
11002|6.00|18.00|900404
11002|6.50|18.50|900401
11002|6.50|18.50|900402
11002|6.50|18.50|900403
11002|6.50|18.50|900404
11002|7.00|19.00|900401
11002|7.00|19.00|900402
11002|7.00|19.00|900403
11002|7.00|19.00|900404
11002|7.50|19.50|900401
11002|7.50|19.50|900402
11002|7.50|19.50|900403
11002|7.50|19.50|900404
11003|8.00|20.00|900401
11003|8.00|20.00|900402
11003|8.00|20.00|900403
11003|8.00|20.00|900404
11003|8.50|20.50|900401
11003|8.50|20.50|900402
11003|8.50|20.50|900403
11003|8.50|20.50|900404
11003|9.00|21.00|900401
11003|9.00|21.00|900402
11003|9.00|21.00|900403
11003|9.00|21.00|900404
11003|9.50|21.50|900401
11003|9.50|21.50|900402
11003|9.50|21.50|900403
11003|9.50|21.50|900404
11002|10.00|22.00|900401
11002|10.00|22.00|900402
11002|10.00|22.00|900403
11002|10.00|22.00|900404
11002|10.50|22.50|900401
11002|10.50|22.50|900402
11002|10.50|22.50|900403
11002|10.50|22.50|900404
11002|11.00|23.00|900401
11002|11.00|23.00|900402
11002|11.00|23.00|900403
11002|11.00|23.00|900404
11002|11.50|23.50|900401
11002|11.50|23.50|900402
11002|11.50|23.50|900403
11002|11.50|23.50|900404
11003|12.00|24.00|900401
11003|12.00|24.00|900402
11003|12.00|24.00|900403
11003|12.00|24.00|900404
11003|12.50|24.50|900401
11003|12.50|24.50|900402
11003|12.50|24.50|900403
11003|12.50|24.50|900404
11003|13.00|25.00|900401
11003|13.00|25.00|900402
11003|13.00|25.00|900403
11003|13.00|25.00|900404
11003|13.50|25.50|900401
11003|13.50|25.50|900402
11003|13.50|25.50|900403
11003|13.50|25.50|900404
11002|14.00|26.00|900401
11002|14.00|26.00|900402
11002|14.00|26.00|900403
11002|14.00|26.00|900404
11002|14.50|26.50|900401
11002|14.50|26.50|900402
11002|14.50|26.50|900403
11002|14.50|26.50|900404
11002|15.00|27.00|900401
11002|15.00|27.00|900402
11002|15.00|27.00|900403
11002|15.00|27.00|900404
11002|15.50|27.50|900401
11002|15.50|27.50|900402
11002|15.50|27.50|900403
11002|15.50|27.50|900404
11003|16.00|28.00|900401
11003|16.00|28.00|900402
11003|16.00|28.00|900403
11003|16.00|28.00|900404
11003|16.50|28.50|900401
11003|16.50|28.50|900402
11003|16.50|28.50|900403
11003|16.50|28.50|900404
11003|17.00|29.00|900401
11003|17.00|29.00|900402
11003|17.00|29.00|900403
11003|17.00|29.00|900404
11003|17.50|29.50|900401
11003|17.50|29.50|900402
11003|17.50|29.50|900403
11003|17.50|29.50|900404
11002|18.00|30.00|900401
11002|18.00|30.00|900402
11002|18.00|30.00|900403
11002|18.00|30.00|900404
11002|18.50|30.50|900401
11002|18.50|30.50|900402
11002|18.50|30.50|900403
11002|18.50|30.50|900404
11002|19.00|31.00|900401
11002|19.00|31.00|900402
11002|19.00|31.00|900403
11002|19.00|31.00|900404
11002|19.50|31.50|900401
11002|19.50|31.50|900402
11002|19.50|31.50|900403
11002|19.50|31.50|900404
11003|20.00|32.00|900401
11003|20.00|32.00|900402
11003|20.00|32.00|900403
11003|20.00|32.00|900404
11003|20.50|32.50|900401
11003|20.50|32.50|900402
11003|20.50|32.50|900403
11003|20.50|32.50|900404
11003|21.00|33.00|900401
11003|21.00|33.00|900402
11003|21.00|33.00|900403
11003|21.00|33.00|900404
11003|21.50|33.50|900401
11003|21.50|33.50|900402
11003|21.50|33.50|900403
11003|21.50|33.50|900404
11002|22.00|34.00|900401
11002|22.00|34.00|900402
11002|22.00|34.00|900403
11002|22.00|34.00|900404
11002|22.50|34.50|900401
11002|22.50|34.50|900402
11002|22.50|34.50|900403
11002|22.50|34.50|900404
11002|23.00|35.00|900401
11002|23.00|35.00|900402
11002|23.00|35.00|900403
11002|23.00|35.00|900404
11002|23.50|35.50|900401
11002|23.50|35.50|900402
11002|23.50|35.50|900403
11002|23.50|35.50|900404
11003|24.00|36.00|900401
11003|24.00|36.00|900402
11003|24.00|36.00|900403
11003|24.00|36.00|900404
11003|24.50|36.50|900401
11003|24.50|36.50|900402
11003|24.50|36.50|900403
11003|24.50|36.50|900404
11003|25.00|37.00|900401
11003|25.00|37.00|900402
11003|25.00|37.00|900403
11003|25.00|37.00|900404
11003|25.50|37.50|900401
11003|25.50|37.50|900402
11003|25.50|37.50|900403
11003|25.50|37.50|900404
11002|26.00|38.00|900401
11002|26.00|38.00|900402
11002|26.00|38.00|900403
11002|26.00|38.00|900404
11002|26.50|38.50|900401
11002|26.50|38.50|900402
11002|26.50|38.50|900403
11002|26.50|38.50|900404
11002|27.00|39.00|900401
11002|27.00|39.00|900402
11002|27.00|39.00|900403
11002|27.00|39.00|900404
11002|27.50|39.50|900401
11002|27.50|39.50|900402
11002|27.50|39.50|900403
11002|27.50|39.50|900404
11003|28.00|40.00|900401
11003|28.00|40.00|900402
11003|28.00|40.00|900403
11003|28.00|40.00|900404
11003|28.50|40.50|900401
11003|28.50|40.50|900402
11003|28.50|40.50|900403
11003|28.50|40.50|900404
11003|29.00|41.00|900401
11003|29.00|41.00|900402
11003|29.00|41.00|900403
11003|29.00|41.00|900404
11003|29.50|41.50|900401
11003|29.50|41.50|900402
11003|29.50|41.50|900403
11003|29.50|41.50|900404
11002|30.00|42.00|900401
11002|30.00|42.00|900402
11002|30.00|42.00|900403
11002|30.00|42.00|900404
11002|30.50|42.50|900401
11002|30.50|42.50|900402
11002|30.50|42.50|900403
11002|30.50|42.50|900404
11002|31.00|43.00|900401
11002|31.00|43.00|900402
11002|31.00|43.00|900403
11002|31.00|43.00|900404
11002|31.50|43.50|900401
11002|31.50|43.50|900402
11002|31.50|43.50|900403
11002|31.50|43.50|900404
11003|32.00|44.00|900401
11003|32.00|44.00|900402
11003|32.00|44.00|900403
11003|32.00|44.00|900404
11003|32.50|44.50|900401
11003|32.50|44.50|900402
11003|32.50|44.50|900403
11003|32.50|44.50|900404
11003|33.00|45.00|900401
11003|33.00|45.00|900402
11003|33.00|45.00|900403
11003|33.00|45.00|900404
11003|33.50|45.50|900401
11003|33.50|45.50|900402
11003|33.50|45.50|900403
11003|33.50|45.50|900404
11002|34.00|46.00|900401
11002|34.00|46.00|900402
11002|34.00|46.00|900403
11002|34.00|46.00|900404
11002|34.50|46.50|900401
11002|34.50|46.50|900402
11002|34.50|46.50|900403
11002|34.50|46.50|900404
11002|35.00|47.00|900401
11002|35.00|47.00|900402
11002|35.00|47.00|900403
11002|35.00|47.00|900404
11002|35.50|47.50|900401
11002|35.50|47.50|900402
11002|35.50|47.50|900403
11002|35.50|47.50|900404
11003|36.00|48.00|900401
11003|36.00|48.00|900402
11003|36.00|48.00|900403
11003|36.00|48.00|900404
11003|36.50|48.50|900401
11003|36.50|48.50|900402
11003|36.50|48.50|900403
11003|36.50|48.50|900404
11003|37.00|49.00|900401
11003|37.00|49.00|900402
11003|37.00|49.00|900403
11003|37.00|49.00|900404
11003|37.50|49.50|900401
11003|37.50|49.50|900402
11003|37.50|49.50|900403
11003|37.50|49.50|900404
11002|38.00|50.00|900401
11002|38.00|50.00|900402
11002|38.00|50.00|900403
11002|38.00|50.00|900404
11002|38.50|50.50|900401
11002|38.50|50.50|900402
11002|38.50|50.50|900403
11002|38.50|50.50|900404
11002|39.00|51.00|900401
11002|39.00|51.00|900402
11002|39.00|51.00|900403
11002|39.00|51.00|900404
11002|39.50|51.50|900401
11002|39.50|51.50|900402
11002|39.50|51.50|900403
11002|39.50|51.50|900404
11003|40.00|52.00|900401
11003|40.00|52.00|900402
11003|40.00|52.00|900403
11003|40.00|52.00|900404
11003|40.50|52.50|900401
11003|40.50|52.50|900402
11003|40.50|52.50|900403
11003|40.50|52.50|900404
11003|41.00|53.00|900401
11003|41.00|53.00|900402
11003|41.00|53.00|900403
11003|41.00|53.00|900404
11003|41.50|53.50|900401
11003|41.50|53.50|900402
11003|41.50|53.50|900403
11003|41.50|53.50|900404
11002|42.00|54.00|900401
11002|42.00|54.00|900402
11002|42.00|54.00|900403
11002|42.00|54.00|900404
11002|42.50|54.50|900401
11002|42.50|54.50|900402
11002|42.50|54.50|900403
11002|42.50|54.50|900404
11002|43.00|55.00|900401
11002|43.00|55.00|900402
11002|43.00|55.00|900403
11002|43.00|55.00|900404
11002|43.50|55.50|900401
11002|43.50|55.50|900402
11002|43.50|55.50|900403
11002|43.50|55.50|900404
11003|44.00|56.00|900401
11003|44.00|56.00|900402
11003|44.00|56.00|900403
11003|44.00|56.00|900404
11003|44.50|56.50|900401
11003|44.50|56.50|900402
11003|44.50|56.50|900403
11003|44.50|56.50|900404
11003|45.00|57.00|900401
11003|45.00|57.00|900402
11003|45.00|57.00|900403
11003|45.00|57.00|900404
11003|45.50|57.50|900401
11003|45.50|57.50|900402
11003|45.50|57.50|900403
11003|45.50|57.50|900404
11002|46.00|58.00|900401
11002|46.00|58.00|900402
11002|46.00|58.00|900403
11002|46.00|58.00|900404
11002|46.50|58.50|900401
11002|46.50|58.50|900402
11002|46.50|58.50|900403
11002|46.50|58.50|900404
11002|47.00|59.00|900401
11002|47.00|59.00|900402
11002|47.00|59.00|900403
11002|47.00|59.00|900404
11002|47.50|59.50|900401
11002|47.50|59.50|900402
11002|47.50|59.50|900403
11002|47.50|59.50|900404
11003|48.00|60.00|900401
11003|48.00|60.00|900402
11003|48.00|60.00|900403
11003|48.00|60.00|900404
11003|48.50|60.50|900401
11003|48.50|60.50|900402
11003|48.50|60.50|900403
11003|48.50|60.50|900404
11003|49.00|61.00|900401
11003|49.00|61.00|900402
11003|49.00|61.00|900403
11003|49.00|61.00|900404
11003|49.50|61.50|900401
11003|49.50|61.50|900402
11003|49.50|61.50|900403
11003|49.50|61.50|900404
11002|50.00|62.00|900401
11002|50.00|62.00|900402
11002|50.00|62.00|900403
11002|50.00|62.00|900404
11002|50.50|62.50|900401
11002|50.50|62.50|900402
11002|50.50|62.50|900403
11002|50.50|62.50|900404
11002|51.00|63.00|900401
11002|51.00|63.00|900402
11002|51.00|63.00|900403
11002|51.00|63.00|900404
11002|51.50|63.50|900401
11002|51.50|63.50|900402
11002|51.50|63.50|900403
11002|51.50|63.50|900404
11003|52.00|64.00|900401
11003|52.00|64.00|900402
11003|52.00|64.00|900403
11003|52.00|64.00|900404
11003|52.50|64.50|900401
11003|52.50|64.50|900402
11003|52.50|64.50|900403
11003|52.50|64.50|900404
11003|53.00|65.00|900401
11003|53.00|65.00|900402
11003|53.00|65.00|900403
11003|53.00|65.00|900404
11003|53.50|65.50|900401
11003|53.50|65.50|900402
11003|53.50|65.50|900403
11003|53.50|65.50|900404
11002|54.00|66.00|900401
11002|54.00|66.00|900402
11002|54.00|66.00|900403
11002|54.00|66.00|900404
11002|54.50|66.50|900401
11002|54.50|66.50|900402
11002|54.50|66.50|900403
11002|54.50|66.50|900404
11002|55.00|67.00|900401
11002|55.00|67.00|900402
11002|55.00|67.00|900403
11002|55.00|67.00|900404
11002|55.50|67.50|900401
11002|55.50|67.50|900402
11002|55.50|67.50|900403
11002|55.50|67.50|900404
11003|56.00|68.00|900401
11003|56.00|68.00|900402
11003|56.00|68.00|900403
11003|56.00|68.00|900404
11003|56.50|68.50|900401
11003|56.50|68.50|900402
11003|56.50|68.50|900403
11003|56.50|68.50|900404
11003|57.00|69.00|900401
11003|57.00|69.00|900402
11003|57.00|69.00|900403
11003|57.00|69.00|900404
11003|57.50|69.50|900401
11003|57.50|69.50|900402
11003|57.50|69.50|900403
11003|57.50|69.50|900404
11002|58.00|70.00|900401
11002|58.00|70.00|900402
11002|58.00|70.00|900403
11002|58.00|70.00|900404
#tide_44411_2
72.00
14015|0.00|20.00|900405
11024|3.00|23.00|900405
14015|6.00|26.00|900405
11024|9.00|29.00|900405
14015|12.00|32.00|900405
11024|15.00|35.00|900405
14015|18.00|38.00|900405
11024|21.00|41.00|900405
14015|24.00|44.00|900405
11024|27.00|47.00|900405
14015|30.00|50.00|900405
11024|33.00|53.00|900405
14015|36.00|56.00|900405
11024|39.00|59.00|900405
14015|42.00|62.00|900405
11024|45.00|65.00|900405
14015|48.00|68.00|900405
11024|51.00|71.00|900405
11003|5.00|20.00|900406
11003|5.00|20.00|900407
11003|5.50|20.50|900406
11003|5.50|20.50|900407
11003|6.00|21.00|900406
11003|6.00|21.00|900407
11003|6.50|21.50|900406
11003|6.50|21.50|900407
11003|7.00|22.00|900406
11003|7.00|22.00|900407
11003|7.50|22.50|900406
11003|7.50|22.50|900407
11003|8.00|23.00|900406
11003|8.00|23.00|900407
11003|8.50|23.50|900406
11003|8.50|23.50|900407
11003|9.00|24.00|900406
11003|9.00|24.00|900407
11003|9.50|24.50|900406
11003|9.50|24.50|900407
11003|10.00|25.00|900406
11003|10.00|25.00|900407
11003|10.50|25.50|900406
11003|10.50|25.50|900407
11003|11.00|26.00|900406
11003|11.00|26.00|900407
11003|11.50|26.50|900406
11003|11.50|26.50|900407
11003|12.00|27.00|900406
11003|12.00|27.00|900407
11003|12.50|27.50|900406
11003|12.50|27.50|900407
11003|13.00|28.00|900406
11003|13.00|28.00|900407
11003|13.50|28.50|900406
11003|13.50|28.50|900407
11003|14.00|29.00|900406
11003|14.00|29.00|900407
11003|14.50|29.50|900406
11003|14.50|29.50|900407
11003|15.00|30.00|900406
11003|15.00|30.00|900407
11003|15.50|30.50|900406
11003|15.50|30.50|900407
11003|16.00|31.00|900406
11003|16.00|31.00|900407
11003|16.50|31.50|900406
11003|16.50|31.50|900407
11003|17.00|32.00|900406
11003|17.00|32.00|900407
11003|17.50|32.50|900406
11003|17.50|32.50|900407
11003|18.00|33.00|900406
11003|18.00|33.00|900407
11003|18.50|33.50|900406
11003|18.50|33.50|900407
11003|19.00|34.00|900406
11003|19.00|34.00|900407
11003|19.50|34.50|900406
11003|19.50|34.50|900407
11003|20.00|35.00|900406
11003|20.00|35.00|900407
11003|20.50|35.50|900406
11003|20.50|35.50|900407
11003|21.00|36.00|900406
11003|21.00|36.00|900407
11003|21.50|36.50|900406
11003|21.50|36.50|900407
11003|22.00|37.00|900406
11003|22.00|37.00|900407
11003|22.50|37.50|900406
11003|22.50|37.50|900407
11003|23.00|38.00|900406
11003|23.00|38.00|900407
11003|23.50|38.50|900406
11003|23.50|38.50|900407
11003|24.00|39.00|900406
11003|24.00|39.00|900407
11003|24.50|39.50|900406
11003|24.50|39.50|900407
11003|25.00|40.00|900406
11003|25.00|40.00|900407
11003|25.50|40.50|900406
11003|25.50|40.50|900407
11003|26.00|41.00|900406
11003|26.00|41.00|900407
11003|26.50|41.50|900406
11003|26.50|41.50|900407
11003|27.00|42.00|900406
11003|27.00|42.00|900407
11003|27.50|42.50|900406
11003|27.50|42.50|900407
11003|28.00|43.00|900406
11003|28.00|43.00|900407
11003|28.50|43.50|900406
11003|28.50|43.50|900407
11003|29.00|44.00|900406
11003|29.00|44.00|900407
11003|29.50|44.50|900406
11003|29.50|44.50|900407
11003|30.00|45.00|900406
11003|30.00|45.00|900407
11003|30.50|45.50|900406
11003|30.50|45.50|900407
11003|31.00|46.00|900406
11003|31.00|46.00|900407
11003|31.50|46.50|900406
11003|31.50|46.50|900407
11003|32.00|47.00|900406
11003|32.00|47.00|900407
11003|32.50|47.50|900406
11003|32.50|47.50|900407
11003|33.00|48.00|900406
11003|33.00|48.00|900407
11003|33.50|48.50|900406
11003|33.50|48.50|900407
11003|34.00|49.00|900406
11003|34.00|49.00|900407
11003|34.50|49.50|900406
11003|34.50|49.50|900407
11003|35.00|50.00|900406
11003|35.00|50.00|900407
11003|35.50|50.50|900406
11003|35.50|50.50|900407
11003|36.00|51.00|900406
11003|36.00|51.00|900407
11003|36.50|51.50|900406
11003|36.50|51.50|900407
11003|37.00|52.00|900406
11003|37.00|52.00|900407
11003|37.50|52.50|900406
11003|37.50|52.50|900407
11003|38.00|53.00|900406
11003|38.00|53.00|900407
11003|38.50|53.50|900406
11003|38.50|53.50|900407
11003|39.00|54.00|900406
11003|39.00|54.00|900407
11003|39.50|54.50|900406
11003|39.50|54.50|900407
11003|40.00|55.00|900406
11003|40.00|55.00|900407
11003|40.50|55.50|900406
11003|40.50|55.50|900407
11003|41.00|56.00|900406
11003|41.00|56.00|900407
11003|41.50|56.50|900406
11003|41.50|56.50|900407
11003|42.00|57.00|900406
11003|42.00|57.00|900407
11003|42.50|57.50|900406
11003|42.50|57.50|900407
11003|43.00|58.00|900406
11003|43.00|58.00|900407
11003|43.50|58.50|900406
11003|43.50|58.50|900407
11003|44.00|59.00|900406
11003|44.00|59.00|900407
11003|44.50|59.50|900406
11003|44.50|59.50|900407
11003|45.00|60.00|900406
11003|45.00|60.00|900407
11003|45.50|60.50|900406
11003|45.50|60.50|900407
11003|46.00|61.00|900406
11003|46.00|61.00|900407
11003|46.50|61.50|900406
11003|46.50|61.50|900407
11003|47.00|62.00|900406
11003|47.00|62.00|900407
11003|47.50|62.50|900406
11003|47.50|62.50|900407
11003|48.00|63.00|900406
11003|48.00|63.00|900407
11003|48.50|63.50|900406
11003|48.50|63.50|900407
11003|49.00|64.00|900406
11003|49.00|64.00|900407
11003|49.50|64.50|900406
11003|49.50|64.50|900407
11003|50.00|65.00|900406
11003|50.00|65.00|900407
11003|50.50|65.50|900406
11003|50.50|65.50|900407
11003|51.00|66.00|900406
11003|51.00|66.00|900407
11003|51.50|66.50|900406
11003|51.50|66.50|900407
11003|52.00|67.00|900406
11003|52.00|67.00|900407
11003|52.50|67.50|900406
11003|52.50|67.50|900407
11003|53.00|68.00|900406
11003|53.00|68.00|900407
11003|53.50|68.50|900406
11003|53.50|68.50|900407
11003|54.00|69.00|900406
11003|54.00|69.00|900407
11003|54.50|69.50|900406
11003|54.50|69.50|900407
11003|55.00|70.00|900406
11003|55.00|70.00|900407
#tide_44411_3
70.00
77228|0.00|30.00|1011253
16040|25.00|40.00|1010221
60118|38.00|68.00|1010424
11008|0.00|18.00|1001531
11008|0.00|18.00|1001342
11008|0.00|18.00|1001383
11008|0.00|18.00|1001394
11008|0.00|18.00|1001291
11008|0.00|18.00|1001422
11008|0.00|18.00|1001433
11008|0.00|18.00|1001434
11008|0.00|18.00|1001412
11008|2.00|20.00|1001411
11008|2.00|20.00|1001402
11008|2.00|20.00|1001523
11008|2.00|20.00|1001394
11008|2.00|20.00|1001291
11008|2.00|20.00|1001352
11008|2.00|20.00|1001353
11008|2.00|20.00|1001434
11008|2.00|20.00|1001451
11008|4.00|22.00|1001331
11008|4.00|22.00|1001362
11008|4.00|22.00|1001283
11008|4.00|22.00|1001304
11008|4.00|22.00|1001471
11008|4.00|22.00|1001332
11008|4.00|22.00|1001413
11008|4.00|22.00|1001284
11008|4.00|22.00|1001421
11008|6.00|24.00|1001351
11008|6.00|24.00|1001342
11008|6.00|24.00|1001343
11008|6.00|24.00|1001304
11008|6.00|24.00|1001441
11008|6.00|24.00|1001532
11008|6.00|24.00|1001563
11008|6.00|24.00|1001294
11008|6.00|24.00|1001532
11008|8.00|26.00|1001501
11008|8.00|26.00|1001442
11008|8.00|26.00|1001343
11008|8.00|26.00|1001374
11008|8.00|26.00|1001331
11008|8.00|26.00|1001292
11008|8.00|26.00|1001573
11008|8.00|26.00|1001354
11008|8.00|26.00|1001282
11008|10.00|28.00|1001311
11008|10.00|28.00|1001412
11008|10.00|28.00|1001493
11008|10.00|28.00|1001504
11008|10.00|28.00|1001321
11008|10.00|28.00|1001472
11008|10.00|28.00|1001443
11008|10.00|28.00|1001504
11008|10.00|28.00|1001514
11008|12.00|30.00|1001451
11008|12.00|30.00|1001562
11008|12.00|30.00|1001563
11008|12.00|30.00|1001504
11008|12.00|30.00|1001451
11008|12.00|30.00|1001292
11008|12.00|30.00|1001433
11008|12.00|30.00|1001404
11008|12.00|30.00|1001521
11008|14.00|32.00|1001571
11008|14.00|32.00|1001482
11008|14.00|32.00|1001473
11008|14.00|32.00|1001314
11008|14.00|32.00|1001481
11008|14.00|32.00|1001362
11008|14.00|32.00|1001293
11008|14.00|32.00|1001434
11008|14.00|32.00|1001493
11008|16.00|34.00|1001521
11008|16.00|34.00|1001442
11008|16.00|34.00|1001553
11008|16.00|34.00|1001484
11008|16.00|34.00|1001511
11008|16.00|34.00|1001292
11008|16.00|34.00|1001363
11008|16.00|34.00|1001284
11008|16.00|34.00|1001464
11008|18.00|36.00|1001421
11008|18.00|36.00|1001332
11008|18.00|36.00|1001543
11008|18.00|36.00|1001394
11008|18.00|36.00|1001561
11008|18.00|36.00|1001372
11008|18.00|36.00|1001563
11008|18.00|36.00|1001524
11008|18.00|36.00|1001313
11008|20.00|38.00|1001311
11008|20.00|38.00|1001532
11008|20.00|38.00|1001563
11008|20.00|38.00|1001344
11008|20.00|38.00|1001311
11008|20.00|38.00|1001422
11008|20.00|38.00|1001373
11008|20.00|38.00|1001414
11008|20.00|38.00|1001532
11008|22.00|40.00|1001301
11008|22.00|40.00|1001352
11008|22.00|40.00|1001493
11008|22.00|40.00|1001474
11008|22.00|40.00|1001351
11008|22.00|40.00|1001522
11008|22.00|40.00|1001433
11008|22.00|40.00|1001464
11008|22.00|40.00|1001542
11008|24.00|42.00|1001401
11008|24.00|42.00|1001572
11008|24.00|42.00|1001313
11008|24.00|42.00|1001454
11008|24.00|42.00|1001481
11008|24.00|42.00|1001322
11008|24.00|42.00|1001283
11008|24.00|42.00|1001574
11008|24.00|42.00|1001501
11008|26.00|44.00|1001541
11008|26.00|44.00|1001452
11008|26.00|44.00|1001383
11008|26.00|44.00|1001564
11008|26.00|44.00|1001291
11008|26.00|44.00|1001342
11008|26.00|44.00|1001303
11008|26.00|44.00|1001534
11008|26.00|44.00|1001383
11008|28.00|46.00|1001481
11008|28.00|46.00|1001362
11008|28.00|46.00|1001293
11008|28.00|46.00|1001554
11008|28.00|46.00|1001431
11008|28.00|46.00|1001422
11008|28.00|46.00|1001343
11008|28.00|46.00|1001444
11008|28.00|46.00|1001542
11008|30.00|48.00|1001351
11008|30.00|48.00|1001352
11008|30.00|48.00|1001353
11008|30.00|48.00|1001464
11008|30.00|48.00|1001351
11008|30.00|48.00|1001332
11008|30.00|48.00|1001413
11008|30.00|48.00|1001504
11008|30.00|48.00|1001451
11008|32.00|50.00|1001491
11008|32.00|50.00|1001332
11008|32.00|50.00|1001393
11008|32.00|50.00|1001404
11008|32.00|50.00|1001481
11008|32.00|50.00|1001482
11008|32.00|50.00|1001563
11008|32.00|50.00|1001554
11008|32.00|50.00|1001512
11008|34.00|52.00|1001481
11008|34.00|52.00|1001462
11008|34.00|52.00|1001493
11008|34.00|52.00|1001334
11008|34.00|52.00|1001441
11008|34.00|52.00|1001562
11008|34.00|52.00|1001293
11008|34.00|52.00|1001524
11008|34.00|52.00|1001404
11008|36.00|54.00|1001351
11008|36.00|54.00|1001512
11008|36.00|54.00|1001503
11008|36.00|54.00|1001434
11008|36.00|54.00|1001481
11008|36.00|54.00|1001482
11008|36.00|54.00|1001563
11008|36.00|54.00|1001504
11008|36.00|54.00|1001382
11008|38.00|56.00|1001441
11008|38.00|56.00|1001302
11008|38.00|56.00|1001483
11008|38.00|56.00|1001454
11008|38.00|56.00|1001511
11008|38.00|56.00|1001432
11008|38.00|56.00|1001343
11008|38.00|56.00|1001374
11008|38.00|56.00|1001481
11008|40.00|58.00|1001471
11008|40.00|58.00|1001322
11008|40.00|58.00|1001403
11008|40.00|58.00|1001534
11008|40.00|58.00|1001391
11008|40.00|58.00|1001482
11008|40.00|58.00|1001303
11008|40.00|58.00|1001504
11008|40.00|58.00|1001364
11008|42.00|60.00|1001571
11008|42.00|60.00|1001502
11008|42.00|60.00|1001483
11008|42.00|60.00|1001554
11008|42.00|60.00|1001411
11008|42.00|60.00|1001422
11008|42.00|60.00|1001363
11008|42.00|60.00|1001514
11008|42.00|60.00|1001424
11008|44.00|62.00|1001421
11008|44.00|62.00|1001292
11008|44.00|62.00|1001363
11008|44.00|62.00|1001344
11008|44.00|62.00|1001471
11008|44.00|62.00|1001382
11008|44.00|62.00|1001493
11008|44.00|62.00|1001494
11008|44.00|62.00|1001331
11008|46.00|64.00|1001541
11008|46.00|64.00|1001352
11008|46.00|64.00|1001463
11008|46.00|64.00|1001504
11008|46.00|64.00|1001371
11008|46.00|64.00|1001452
11008|46.00|64.00|1001453
11008|46.00|64.00|1001534
11008|46.00|64.00|1001502
11008|48.00|66.00|1001391
11008|48.00|66.00|1001512
11008|48.00|66.00|1001373
11008|48.00|66.00|1001454
11008|48.00|66.00|1001311
11008|48.00|66.00|1001362
11008|48.00|66.00|1001333
11008|48.00|66.00|1001374
11008|48.00|66.00|1001282
11008|50.00|68.00|1001491
11008|50.00|68.00|1001502
11008|50.00|68.00|1001463
11008|50.00|68.00|1001574
11008|50.00|68.00|1001301
11008|50.00|68.00|1001422
11008|50.00|68.00|1001453
11008|50.00|68.00|1001384
11008|50.00|68.00|1001564
11008|52.00|70.00|1001551
11008|52.00|70.00|1001482
11008|52.00|70.00|1001303
11008|52.00|70.00|1001344
11008|52.00|70.00|1001321
11008|52.00|70.00|1001492
11008|52.00|70.00|1001513
11008|52.00|70.00|1001474
11008|52.00|70.00|1001331
#tide_44411_4
71.00
14015|0.00|20.00|900405
11021|3.00|23.00|900405
14015|6.00|26.00|900405
11021|9.00|29.00|900405
14015|12.00|32.00|900405
11021|15.00|35.00|900405
14015|18.00|38.00|900405
11021|21.00|41.00|900405
14015|24.00|44.00|900405
11021|27.00|47.00|900405
14015|30.00|50.00|900405
11021|33.00|53.00|900405
14015|36.00|56.00|900405
11021|39.00|59.00|900405
14015|42.00|62.00|900405
11021|45.00|65.00|900405
14015|48.00|68.00|900405
11021|51.00|71.00|900405
11004|3.00|15.00|900408
11004|3.00|15.00|900409
11002|3.00|15.00|900410
11002|3.00|15.00|900411
11004|4.00|16.00|900408
11004|4.00|16.00|900409
11002|4.00|16.00|900410
11002|4.00|16.00|900411
11004|5.00|17.00|900408
11004|5.00|17.00|900409
11002|5.00|17.00|900410
11002|5.00|17.00|900411
11004|6.00|18.00|900408
11004|6.00|18.00|900409
11002|6.00|18.00|900410
11002|6.00|18.00|900411
11004|7.00|19.00|900408
11004|7.00|19.00|900409
11002|7.00|19.00|900410
11002|7.00|19.00|900411
11004|8.00|20.00|900408
11004|8.00|20.00|900409
11002|8.00|20.00|900410
11002|8.00|20.00|900411
11004|9.00|21.00|900408
11004|9.00|21.00|900409
11002|9.00|21.00|900410
11002|9.00|21.00|900411
11004|10.00|22.00|900408
11004|10.00|22.00|900409
11002|10.00|22.00|900410
11002|10.00|22.00|900411
11004|11.00|23.00|900408
11004|11.00|23.00|900409
11002|11.00|23.00|900410
11002|11.00|23.00|900411
11004|12.00|24.00|900408
11004|12.00|24.00|900409
11002|12.00|24.00|900410
11002|12.00|24.00|900411
11004|13.00|25.00|900408
11004|13.00|25.00|900409
11002|13.00|25.00|900410
11002|13.00|25.00|900411
11004|14.00|26.00|900408
11004|14.00|26.00|900409
11002|14.00|26.00|900410
11002|14.00|26.00|900411
11004|15.00|27.00|900408
11004|15.00|27.00|900409
11002|15.00|27.00|900410
11002|15.00|27.00|900411
11004|16.00|28.00|900408
11004|16.00|28.00|900409
11002|16.00|28.00|900410
11002|16.00|28.00|900411
11004|17.00|29.00|900408
11004|17.00|29.00|900409
11002|17.00|29.00|900410
11002|17.00|29.00|900411
11004|18.00|30.00|900408
11004|18.00|30.00|900409
11002|18.00|30.00|900410
11002|18.00|30.00|900411
11004|19.00|31.00|900408
11004|19.00|31.00|900409
11002|19.00|31.00|900410
11002|19.00|31.00|900411
11004|20.00|32.00|900408
11004|20.00|32.00|900409
11002|20.00|32.00|900410
11002|20.00|32.00|900411
11004|21.00|33.00|900408
11004|21.00|33.00|900409
11002|21.00|33.00|900410
11002|21.00|33.00|900411
11004|22.00|34.00|900408
11004|22.00|34.00|900409
11002|22.00|34.00|900410
11002|22.00|34.00|900411
11004|23.00|35.00|900408
11004|23.00|35.00|900409
11002|23.00|35.00|900410
11002|23.00|35.00|900411
11004|24.00|36.00|900408
11004|24.00|36.00|900409
11002|24.00|36.00|900410
11002|24.00|36.00|900411
11004|25.00|37.00|900408
11004|25.00|37.00|900409
11002|25.00|37.00|900410
11002|25.00|37.00|900411
11004|26.00|38.00|900408
11004|26.00|38.00|900409
11002|26.00|38.00|900410
11002|26.00|38.00|900411
11004|27.00|39.00|900408
11004|27.00|39.00|900409
11002|27.00|39.00|900410
11002|27.00|39.00|900411
11004|28.00|40.00|900408
11004|28.00|40.00|900409
11002|28.00|40.00|900410
11002|28.00|40.00|900411
11004|29.00|41.00|900408
11004|29.00|41.00|900409
11002|29.00|41.00|900410
11002|29.00|41.00|900411
11004|30.00|42.00|900408
11004|30.00|42.00|900409
11002|30.00|42.00|900410
11002|30.00|42.00|900411
11004|31.00|43.00|900408
11004|31.00|43.00|900409
11002|31.00|43.00|900410
11002|31.00|43.00|900411
11004|32.00|44.00|900408
11004|32.00|44.00|900409
11002|32.00|44.00|900410
11002|32.00|44.00|900411
11004|33.00|45.00|900408
11004|33.00|45.00|900409
11002|33.00|45.00|900410
11002|33.00|45.00|900411
11004|34.00|46.00|900408
11004|34.00|46.00|900409
11002|34.00|46.00|900410
11002|34.00|46.00|900411
11004|35.00|47.00|900408
11004|35.00|47.00|900409
11002|35.00|47.00|900410
11002|35.00|47.00|900411
11004|36.00|48.00|900408
11004|36.00|48.00|900409
11002|36.00|48.00|900410
11002|36.00|48.00|900411
11004|37.00|49.00|900408
11004|37.00|49.00|900409
11002|37.00|49.00|900410
11002|37.00|49.00|900411
11004|38.00|50.00|900408
11004|38.00|50.00|900409
11002|38.00|50.00|900410
11002|38.00|50.00|900411
11004|39.00|51.00|900408
11004|39.00|51.00|900409
11002|39.00|51.00|900410
11002|39.00|51.00|900411
11004|40.00|52.00|900408
11004|40.00|52.00|900409
11002|40.00|52.00|900410
11002|40.00|52.00|900411
11004|41.00|53.00|900408
11004|41.00|53.00|900409
11002|41.00|53.00|900410
11002|41.00|53.00|900411
11004|42.00|54.00|900408
11004|42.00|54.00|900409
11002|42.00|54.00|900410
11002|42.00|54.00|900411
11004|43.00|55.00|900408
11004|43.00|55.00|900409
11002|43.00|55.00|900410
11002|43.00|55.00|900411
11004|44.00|56.00|900408
11004|44.00|56.00|900409
11002|44.00|56.00|900410
11002|44.00|56.00|900411
11004|45.00|57.00|900408
11004|45.00|57.00|900409
11002|45.00|57.00|900410
11002|45.00|57.00|900411
11004|46.00|58.00|900408
11004|46.00|58.00|900409
11002|46.00|58.00|900410
11002|46.00|58.00|900411
11004|47.00|59.00|900408
11004|47.00|59.00|900409
11002|47.00|59.00|900410
11002|47.00|59.00|900411
11004|48.00|60.00|900408
11004|48.00|60.00|900409
11002|48.00|60.00|900410
11002|48.00|60.00|900411
11004|49.00|61.00|900408
11004|49.00|61.00|900409
11002|49.00|61.00|900410
11002|49.00|61.00|900411
11004|50.00|62.00|900408
11004|50.00|62.00|900409
11002|50.00|62.00|900410
11002|50.00|62.00|900411
11004|51.00|63.00|900408
11004|51.00|63.00|900409
11002|51.00|63.00|900410
11002|51.00|63.00|900411
11004|52.00|64.00|900408
11004|52.00|64.00|900409
11002|52.00|64.00|900410
11002|52.00|64.00|900411
11004|53.00|65.00|900408
11004|53.00|65.00|900409
11002|53.00|65.00|900410
11002|53.00|65.00|900411
11004|54.00|66.00|900408
11004|54.00|66.00|900409
11002|54.00|66.00|900410
11002|54.00|66.00|900411
11004|55.00|67.00|900408
11004|55.00|67.00|900409
11002|55.00|67.00|900410
11002|55.00|67.00|900411
11004|56.00|68.00|900408
11004|56.00|68.00|900409
11002|56.00|68.00|900410
11002|56.00|68.00|900411
11004|57.00|69.00|900408
11004|57.00|69.00|900409
11002|57.00|69.00|900410
11002|57.00|69.00|900411
11004|58.00|70.00|900408
11004|58.00|70.00|900409
11002|58.00|70.00|900410
11002|58.00|70.00|900411
#tide_44411_5
70.00
77228|0.00|70.00|900451
77228|0.00|70.00|900452
11002|0.00|42.00|900412
11002|0.00|42.00|900413
11002|0.50|42.50|900412
11002|0.50|42.50|900413
11002|1.00|43.00|900412
11002|1.00|43.00|900413
11002|1.50|43.50|900412
11002|1.50|43.50|900413
11002|2.00|44.00|900412
11002|2.00|44.00|900413
11002|2.50|44.50|900412
11002|2.50|44.50|900413
11002|3.00|45.00|900412
11002|3.00|45.00|900413
11002|3.50|45.50|900412
11002|3.50|45.50|900413
11002|4.00|46.00|900412
11002|4.00|46.00|900413
11002|4.50|46.50|900412
11002|4.50|46.50|900413
11002|5.00|47.00|900412
11002|5.00|47.00|900413
11002|5.50|47.50|900412
11002|5.50|47.50|900413
11002|6.00|48.00|900412
11002|6.00|48.00|900413
11002|6.50|48.50|900412
11002|6.50|48.50|900413
11002|7.00|49.00|900412
11002|7.00|49.00|900413
11002|7.50|49.50|900412
11002|7.50|49.50|900413
11002|8.00|50.00|900412
11002|8.00|50.00|900413
11002|8.50|50.50|900412
11002|8.50|50.50|900413
11002|9.00|51.00|900412
11002|9.00|51.00|900413
11002|9.50|51.50|900412
11002|9.50|51.50|900413
11002|10.00|52.00|900412
11002|10.00|52.00|900413
11002|10.50|52.50|900412
11002|10.50|52.50|900413
11002|11.00|53.00|900412
11002|11.00|53.00|900413
11002|11.50|53.50|900412
11002|11.50|53.50|900413
11002|12.00|54.00|900412
11002|12.00|54.00|900413
11002|12.50|54.50|900412
11002|12.50|54.50|900413
11002|13.00|55.00|900412
11002|13.00|55.00|900413
11002|13.50|55.50|900412
11002|13.50|55.50|900413
11002|14.00|56.00|900412
11002|14.00|56.00|900413
11002|14.50|56.50|900412
11002|14.50|56.50|900413
11002|15.00|57.00|900412
11002|15.00|57.00|900413
11002|15.50|57.50|900412
11002|15.50|57.50|900413
11002|16.00|58.00|900412
11002|16.00|58.00|900413
11002|16.50|58.50|900412
11002|16.50|58.50|900413
11002|17.00|59.00|900412
11002|17.00|59.00|900413
11002|17.50|59.50|900412
11002|17.50|59.50|900413
11002|18.00|60.00|900412
11002|18.00|60.00|900413
11002|18.50|60.50|900412
11002|18.50|60.50|900413
11002|19.00|61.00|900412
11002|19.00|61.00|900413
11002|19.50|61.50|900412
11002|19.50|61.50|900413
11002|20.00|62.00|900412
11002|20.00|62.00|900413
11002|20.50|62.50|900412
11002|20.50|62.50|900413
11002|21.00|63.00|900412
11002|21.00|63.00|900413
11002|21.50|63.50|900412
11002|21.50|63.50|900413
11002|22.00|64.00|900412
11002|22.00|64.00|900413
11002|22.50|64.50|900412
11002|22.50|64.50|900413
11002|23.00|65.00|900412
11002|23.00|65.00|900413
11002|23.50|65.50|900412
11002|23.50|65.50|900413
11002|24.00|66.00|900412
11002|24.00|66.00|900413
11002|24.50|66.50|900412
11002|24.50|66.50|900413
11002|25.00|67.00|900412
11002|25.00|67.00|900413
11002|25.50|67.50|900412
11002|25.50|67.50|900413
11002|26.00|68.00|900412
11002|26.00|68.00|900413
11002|26.50|68.50|900412
11002|26.50|68.50|900413
11002|27.00|69.00|900412
11002|27.00|69.00|900413
11002|27.50|69.50|900412
11002|27.50|69.50|900413
11002|28.00|70.00|900412
11002|28.00|70.00|900413
11003|0.00|42.00|900414
11003|0.00|42.00|900415
11003|0.50|42.50|900414
11003|0.50|42.50|900415
11003|1.00|43.00|900414
11003|1.00|43.00|900415
11003|1.50|43.50|900414
11003|1.50|43.50|900415
11003|2.00|44.00|900414
11003|2.00|44.00|900415
11003|2.50|44.50|900414
11003|2.50|44.50|900415
11003|3.00|45.00|900414
11003|3.00|45.00|900415
11003|3.50|45.50|900414
11003|3.50|45.50|900415
11003|4.00|46.00|900414
11003|4.00|46.00|900415
11003|4.50|46.50|900414
11003|4.50|46.50|900415
11003|5.00|47.00|900414
11003|5.00|47.00|900415
11003|5.50|47.50|900414
11003|5.50|47.50|900415
11003|6.00|48.00|900414
11003|6.00|48.00|900415
11003|6.50|48.50|900414
11003|6.50|48.50|900415
11003|7.00|49.00|900414
11003|7.00|49.00|900415
11003|7.50|49.50|900414
11003|7.50|49.50|900415
11003|8.00|50.00|900414
11003|8.00|50.00|900415
11003|8.50|50.50|900414
11003|8.50|50.50|900415
11003|9.00|51.00|900414
11003|9.00|51.00|900415
11003|9.50|51.50|900414
11003|9.50|51.50|900415
11003|10.00|52.00|900414
11003|10.00|52.00|900415
11003|10.50|52.50|900414
11003|10.50|52.50|900415
11003|11.00|53.00|900414
11003|11.00|53.00|900415
11003|11.50|53.50|900414
11003|11.50|53.50|900415
11003|12.00|54.00|900414
11003|12.00|54.00|900415
11003|12.50|54.50|900414
11003|12.50|54.50|900415
11003|13.00|55.00|900414
11003|13.00|55.00|900415
11003|13.50|55.50|900414
11003|13.50|55.50|900415
11003|14.00|56.00|900414
11003|14.00|56.00|900415
11003|14.50|56.50|900414
11003|14.50|56.50|900415
11003|15.00|57.00|900414
11003|15.00|57.00|900415
11003|15.50|57.50|900414
11003|15.50|57.50|900415
11003|16.00|58.00|900414
11003|16.00|58.00|900415
11003|16.50|58.50|900414
11003|16.50|58.50|900415
11003|17.00|59.00|900414
11003|17.00|59.00|900415
11003|17.50|59.50|900414
11003|17.50|59.50|900415
11003|18.00|60.00|900414
11003|18.00|60.00|900415
11003|18.50|60.50|900414
11003|18.50|60.50|900415
11003|19.00|61.00|900414
11003|19.00|61.00|900415
11003|19.50|61.50|900414
11003|19.50|61.50|900415
11003|20.00|62.00|900414
11003|20.00|62.00|900415
11003|20.50|62.50|900414
11003|20.50|62.50|900415
11003|21.00|63.00|900414
11003|21.00|63.00|900415
11003|21.50|63.50|900414
11003|21.50|63.50|900415
11003|22.00|64.00|900414
11003|22.00|64.00|900415
11003|22.50|64.50|900414
11003|22.50|64.50|900415
11003|23.00|65.00|900414
11003|23.00|65.00|900415
11003|23.50|65.50|900414
11003|23.50|65.50|900415
11003|24.00|66.00|900414
11003|24.00|66.00|900415
11003|24.50|66.50|900414
11003|24.50|66.50|900415
11003|25.00|67.00|900414
11003|25.00|67.00|900415
11003|25.50|67.50|900414
11003|25.50|67.50|900415
11003|26.00|68.00|900414
11003|26.00|68.00|900415
11003|26.50|68.50|900414
11003|26.50|68.50|900415
11003|27.00|69.00|900414
11003|27.00|69.00|900415
11003|27.50|69.50|900414
11003|27.50|69.50|900415
11003|28.00|70.00|900414
11003|28.00|70.00|900415
#tide_44411_6
70.00
11003|0.00|16.00|900416
11003|0.00|16.00|900418
11003|0.00|16.00|900422
11003|0.00|16.00|900424
11003|1.00|17.00|900416
11003|1.00|17.00|900418
11003|1.00|17.00|900422
11003|1.00|17.00|900424
11003|2.00|18.00|900416
11003|2.00|18.00|900418
11003|2.00|18.00|900422
11003|2.00|18.00|900424
11003|3.00|19.00|900416
11003|3.00|19.00|900418
11003|3.00|19.00|900422
11003|3.00|19.00|900424
11003|4.00|20.00|900416
11003|4.00|20.00|900418
11003|4.00|20.00|900422
11003|4.00|20.00|900424
11003|5.00|21.00|900416
11003|5.00|21.00|900418
11003|5.00|21.00|900422
11003|5.00|21.00|900424
11003|6.00|22.00|900416
11003|6.00|22.00|900418
11003|6.00|22.00|900422
11003|6.00|22.00|900424
11003|7.00|23.00|900416
11003|7.00|23.00|900418
11003|7.00|23.00|900422
11003|7.00|23.00|900424
11003|8.00|24.00|900416
11003|8.00|24.00|900418
11003|8.00|24.00|900422
11003|8.00|24.00|900424
11003|9.00|25.00|900416
11003|9.00|25.00|900418
11003|9.00|25.00|900422
11003|9.00|25.00|900424
11003|10.00|26.00|900416
11003|10.00|26.00|900418
11003|10.00|26.00|900422
11003|10.00|26.00|900424
11003|11.00|27.00|900416
11003|11.00|27.00|900418
11003|11.00|27.00|900422
11003|11.00|27.00|900424
11003|12.00|28.00|900416
11003|12.00|28.00|900418
11003|12.00|28.00|900422
11003|12.00|28.00|900424
11003|13.00|29.00|900416
11003|13.00|29.00|900418
11003|13.00|29.00|900422
11003|13.00|29.00|900424
11003|14.00|30.00|900416
11003|14.00|30.00|900418
11003|14.00|30.00|900422
11003|14.00|30.00|900424
11003|15.00|31.00|900416
11003|15.00|31.00|900418
11003|15.00|31.00|900422
11003|15.00|31.00|900424
11003|16.00|32.00|900416
11003|16.00|32.00|900418
11003|16.00|32.00|900422
11003|16.00|32.00|900424
11003|17.00|33.00|900416
11003|17.00|33.00|900418
11003|17.00|33.00|900422
11003|17.00|33.00|900424
11003|18.00|34.00|900416
11003|18.00|34.00|900418
11003|18.00|34.00|900422
11003|18.00|34.00|900424
11003|19.00|35.00|900416
11003|19.00|35.00|900418
11003|19.00|35.00|900422
11003|19.00|35.00|900424
11003|20.00|36.00|900416
11003|20.00|36.00|900418
11003|20.00|36.00|900422
11003|20.00|36.00|900424
11003|21.00|37.00|900416
11003|21.00|37.00|900418
11003|21.00|37.00|900422
11003|21.00|37.00|900424
11003|22.00|38.00|900416
11003|22.00|38.00|900418
11003|22.00|38.00|900422
11003|22.00|38.00|900424
11003|23.00|39.00|900416
11003|23.00|39.00|900418
11003|23.00|39.00|900422
11003|23.00|39.00|900424
11003|24.00|40.00|900416
11003|24.00|40.00|900418
11003|24.00|40.00|900422
11003|24.00|40.00|900424
11003|25.00|41.00|900416
11003|25.00|41.00|900418
11003|25.00|41.00|900422
11003|25.00|41.00|900424
11003|26.00|42.00|900416
11003|26.00|42.00|900418
11003|26.00|42.00|900422
11003|26.00|42.00|900424
11003|27.00|43.00|900416
11003|27.00|43.00|900418
11003|27.00|43.00|900422
11003|27.00|43.00|900424
11003|28.00|44.00|900416
11003|28.00|44.00|900418
11003|28.00|44.00|900422
11003|28.00|44.00|900424
11003|29.00|45.00|900416
11003|29.00|45.00|900418
11003|29.00|45.00|900422
11003|29.00|45.00|900424
11003|30.00|46.00|900416
11003|30.00|46.00|900418
11003|30.00|46.00|900422
11003|30.00|46.00|900424
11003|31.00|47.00|900416
11003|31.00|47.00|900418
11003|31.00|47.00|900422
11003|31.00|47.00|900424
11003|32.00|48.00|900416
11003|32.00|48.00|900418
11003|32.00|48.00|900422
11003|32.00|48.00|900424
11003|33.00|49.00|900416
11003|33.00|49.00|900418
11003|33.00|49.00|900422
11003|33.00|49.00|900424
11003|34.00|50.00|900416
11003|34.00|50.00|900418
11003|34.00|50.00|900422
11003|34.00|50.00|900424
11003|35.00|51.00|900416
11003|35.00|51.00|900418
11003|35.00|51.00|900422
11003|35.00|51.00|900424
11003|36.00|52.00|900416
11003|36.00|52.00|900418
11003|36.00|52.00|900422
11003|36.00|52.00|900424
11003|37.00|53.00|900416
11003|37.00|53.00|900418
11003|37.00|53.00|900422
11003|37.00|53.00|900424
11003|38.00|54.00|900416
11003|38.00|54.00|900418
11003|38.00|54.00|900422
11003|38.00|54.00|900424
11003|39.00|55.00|900416
11003|39.00|55.00|900418
11003|39.00|55.00|900422
11003|39.00|55.00|900424
11003|40.00|56.00|900416
11003|40.00|56.00|900418
11003|40.00|56.00|900422
11003|40.00|56.00|900424
11003|41.00|57.00|900416
11003|41.00|57.00|900418
11003|41.00|57.00|900422
11003|41.00|57.00|900424
11003|42.00|58.00|900416
11003|42.00|58.00|900418
11003|42.00|58.00|900422
11003|42.00|58.00|900424
11003|43.00|59.00|900416
11003|43.00|59.00|900418
11003|43.00|59.00|900422
11003|43.00|59.00|900424
11003|44.00|60.00|900416
11003|44.00|60.00|900418
11003|44.00|60.00|900422
11003|44.00|60.00|900424
11003|45.00|61.00|900416
11003|45.00|61.00|900418
11003|45.00|61.00|900422
11003|45.00|61.00|900424
11003|46.00|62.00|900416
11003|46.00|62.00|900418
11003|46.00|62.00|900422
11003|46.00|62.00|900424
11003|47.00|63.00|900416
11003|47.00|63.00|900418
11003|47.00|63.00|900422
11003|47.00|63.00|900424
11003|48.00|64.00|900416
11003|48.00|64.00|900418
11003|48.00|64.00|900422
11003|48.00|64.00|900424
11003|49.00|65.00|900416
11003|49.00|65.00|900418
11003|49.00|65.00|900422
11003|49.00|65.00|900424
11003|50.00|66.00|900416
11003|50.00|66.00|900418
11003|50.00|66.00|900422
11003|50.00|66.00|900424
11003|51.00|67.00|900416
11003|51.00|67.00|900418
11003|51.00|67.00|900422
11003|51.00|67.00|900424
11003|52.00|68.00|900416
11003|52.00|68.00|900418
11003|52.00|68.00|900422
11003|52.00|68.00|900424
11003|53.00|69.00|900416
11003|53.00|69.00|900418
11003|53.00|69.00|900422
11003|53.00|69.00|900424
11003|54.00|70.00|900416
11003|54.00|70.00|900418
11003|54.00|70.00|900422
11003|54.00|70.00|900424
11013|0.00|16.00|900417
11013|0.00|16.00|900423
14013|2.00|18.00|900417
14013|2.00|18.00|900423
11013|4.00|20.00|900417
11013|4.00|20.00|900423
14013|6.00|22.00|900417
14013|6.00|22.00|900423
11013|8.00|24.00|900417
11013|8.00|24.00|900423
14013|10.00|26.00|900417
14013|10.00|26.00|900423
11013|12.00|28.00|900417
11013|12.00|28.00|900423
14013|14.00|30.00|900417
14013|14.00|30.00|900423
11013|16.00|32.00|900417
11013|16.00|32.00|900423
14013|18.00|34.00|900417
14013|18.00|34.00|900423
11013|20.00|36.00|900417
11013|20.00|36.00|900423
14013|22.00|38.00|900417
14013|22.00|38.00|900423
11013|24.00|40.00|900417
11013|24.00|40.00|900423
14013|26.00|42.00|900417
14013|26.00|42.00|900423
11013|28.00|44.00|900417
11013|28.00|44.00|900423
14013|30.00|46.00|900417
14013|30.00|46.00|900423
11013|32.00|48.00|900417
11013|32.00|48.00|900423
14013|34.00|50.00|900417
14013|34.00|50.00|900423
11013|36.00|52.00|900417
11013|36.00|52.00|900423
14013|38.00|54.00|900417
14013|38.00|54.00|900423
11013|40.00|56.00|900417
11013|40.00|56.00|900423
14013|42.00|58.00|900417
14013|42.00|58.00|900423
11013|44.00|60.00|900417
11013|44.00|60.00|900423
14013|46.00|62.00|900417
14013|46.00|62.00|900423
11013|48.00|64.00|900417
11013|48.00|64.00|900423
14013|50.00|66.00|900417
14013|50.00|66.00|900423
11013|52.00|68.00|900417
11013|52.00|68.00|900423
14013|54.00|70.00|900417
14013|54.00|70.00|900423
11020|0.00|16.00|900419
11020|0.00|16.00|900421
11020|2.00|18.00|900419
11020|2.00|18.00|900421
11021|4.50|20.50|900420
11020|7.00|23.00|900419
11020|7.00|23.00|900421
11020|9.00|25.00|900419
11020|9.00|25.00|900421
11021|11.50|27.50|900420
11020|14.00|30.00|900419
11020|14.00|30.00|900421
11020|16.00|32.00|900419
11020|16.00|32.00|900421
11021|18.50|34.50|900420
11020|21.00|37.00|900419
11020|21.00|37.00|900421
11020|23.00|39.00|900419
11020|23.00|39.00|900421
11021|25.50|41.50|900420
11020|28.00|44.00|900419
11020|28.00|44.00|900421
11020|30.00|46.00|900419
11020|30.00|46.00|900421
11021|32.50|48.50|900420
11020|35.00|51.00|900419
11020|35.00|51.00|900421
11020|37.00|53.00|900419
11020|37.00|53.00|900421
11021|39.50|55.50|900420
11020|42.00|58.00|900419
11020|42.00|58.00|900421
11020|44.00|60.00|900419
11020|44.00|60.00|900421
11021|46.50|62.50|900420
11020|49.00|65.00|900419
11020|49.00|65.00|900421
11020|51.00|67.00|900419
11020|51.00|67.00|900421
11021|53.50|69.50|900420
#tide_44411_7
70.00
77228|0.00|70.00|900453
11002|0.00|40.00|900425
11002|0.00|40.00|900426
11004|0.00|40.00|900427
11004|0.00|40.00|900428
11002|0.50|40.50|900425
11002|0.50|40.50|900426
11004|0.50|40.50|900427
11004|0.50|40.50|900428
11002|1.00|41.00|900425
11002|1.00|41.00|900426
11004|1.00|41.00|900427
11004|1.00|41.00|900428
11002|1.50|41.50|900425
11002|1.50|41.50|900426
11004|1.50|41.50|900427
11004|1.50|41.50|900428
11002|2.00|42.00|900425
11002|2.00|42.00|900426
11004|2.00|42.00|900427
11004|2.00|42.00|900428
11002|2.50|42.50|900425
11002|2.50|42.50|900426
11004|2.50|42.50|900427
11004|2.50|42.50|900428
11002|3.00|43.00|900425
11002|3.00|43.00|900426
11004|3.00|43.00|900427
11004|3.00|43.00|900428
11002|3.50|43.50|900425
11002|3.50|43.50|900426
11004|3.50|43.50|900427
11004|3.50|43.50|900428
11002|4.00|44.00|900425
11002|4.00|44.00|900426
11004|4.00|44.00|900427
11004|4.00|44.00|900428
11002|4.50|44.50|900425
11002|4.50|44.50|900426
11004|4.50|44.50|900427
11004|4.50|44.50|900428
11002|5.00|45.00|900425
11002|5.00|45.00|900426
11004|5.00|45.00|900427
11004|5.00|45.00|900428
11002|5.50|45.50|900425
11002|5.50|45.50|900426
11004|5.50|45.50|900427
11004|5.50|45.50|900428
11002|6.00|46.00|900425
11002|6.00|46.00|900426
11004|6.00|46.00|900427
11004|6.00|46.00|900428
11002|6.50|46.50|900425
11002|6.50|46.50|900426
11004|6.50|46.50|900427
11004|6.50|46.50|900428
11002|7.00|47.00|900425
11002|7.00|47.00|900426
11004|7.00|47.00|900427
11004|7.00|47.00|900428
11002|7.50|47.50|900425
11002|7.50|47.50|900426
11004|7.50|47.50|900427
11004|7.50|47.50|900428
11002|8.00|48.00|900425
11002|8.00|48.00|900426
11004|8.00|48.00|900427
11004|8.00|48.00|900428
11002|8.50|48.50|900425
11002|8.50|48.50|900426
11004|8.50|48.50|900427
11004|8.50|48.50|900428
11002|9.00|49.00|900425
11002|9.00|49.00|900426
11004|9.00|49.00|900427
11004|9.00|49.00|900428
11002|9.50|49.50|900425
11002|9.50|49.50|900426
11004|9.50|49.50|900427
11004|9.50|49.50|900428
11002|10.00|50.00|900425
11002|10.00|50.00|900426
11004|10.00|50.00|900427
11004|10.00|50.00|900428
11002|10.50|50.50|900425
11002|10.50|50.50|900426
11004|10.50|50.50|900427
11004|10.50|50.50|900428
11002|11.00|51.00|900425
11002|11.00|51.00|900426
11004|11.00|51.00|900427
11004|11.00|51.00|900428
11002|11.50|51.50|900425
11002|11.50|51.50|900426
11004|11.50|51.50|900427
11004|11.50|51.50|900428
11002|12.00|52.00|900425
11002|12.00|52.00|900426
11004|12.00|52.00|900427
11004|12.00|52.00|900428
11002|12.50|52.50|900425
11002|12.50|52.50|900426
11004|12.50|52.50|900427
11004|12.50|52.50|900428
11002|13.00|53.00|900425
11002|13.00|53.00|900426
11004|13.00|53.00|900427
11004|13.00|53.00|900428
11002|13.50|53.50|900425
11002|13.50|53.50|900426
11004|13.50|53.50|900427
11004|13.50|53.50|900428
11002|14.00|54.00|900425
11002|14.00|54.00|900426
11004|14.00|54.00|900427
11004|14.00|54.00|900428
11002|14.50|54.50|900425
11002|14.50|54.50|900426
11004|14.50|54.50|900427
11004|14.50|54.50|900428
11002|15.00|55.00|900425
11002|15.00|55.00|900426
11004|15.00|55.00|900427
11004|15.00|55.00|900428
11002|15.50|55.50|900425
11002|15.50|55.50|900426
11004|15.50|55.50|900427
11004|15.50|55.50|900428
11002|16.00|56.00|900425
11002|16.00|56.00|900426
11004|16.00|56.00|900427
11004|16.00|56.00|900428
11002|16.50|56.50|900425
11002|16.50|56.50|900426
11004|16.50|56.50|900427
11004|16.50|56.50|900428
11002|17.00|57.00|900425
11002|17.00|57.00|900426
11004|17.00|57.00|900427
11004|17.00|57.00|900428
11002|17.50|57.50|900425
11002|17.50|57.50|900426
11004|17.50|57.50|900427
11004|17.50|57.50|900428
11002|18.00|58.00|900425
11002|18.00|58.00|900426
11004|18.00|58.00|900427
11004|18.00|58.00|900428
11002|18.50|58.50|900425
11002|18.50|58.50|900426
11004|18.50|58.50|900427
11004|18.50|58.50|900428
11002|19.00|59.00|900425
11002|19.00|59.00|900426
11004|19.00|59.00|900427
11004|19.00|59.00|900428
11002|19.50|59.50|900425
11002|19.50|59.50|900426
11004|19.50|59.50|900427
11004|19.50|59.50|900428
11002|20.00|60.00|900425
11002|20.00|60.00|900426
11004|20.00|60.00|900427
11004|20.00|60.00|900428
11002|20.50|60.50|900425
11002|20.50|60.50|900426
11004|20.50|60.50|900427
11004|20.50|60.50|900428
11002|21.00|61.00|900425
11002|21.00|61.00|900426
11004|21.00|61.00|900427
11004|21.00|61.00|900428
11002|21.50|61.50|900425
11002|21.50|61.50|900426
11004|21.50|61.50|900427
11004|21.50|61.50|900428
11002|22.00|62.00|900425
11002|22.00|62.00|900426
11004|22.00|62.00|900427
11004|22.00|62.00|900428
11002|22.50|62.50|900425
11002|22.50|62.50|900426
11004|22.50|62.50|900427
11004|22.50|62.50|900428
11002|23.00|63.00|900425
11002|23.00|63.00|900426
11004|23.00|63.00|900427
11004|23.00|63.00|900428
11002|23.50|63.50|900425
11002|23.50|63.50|900426
11004|23.50|63.50|900427
11004|23.50|63.50|900428
11002|24.00|64.00|900425
11002|24.00|64.00|900426
11004|24.00|64.00|900427
11004|24.00|64.00|900428
11002|24.50|64.50|900425
11002|24.50|64.50|900426
11004|24.50|64.50|900427
11004|24.50|64.50|900428
11002|25.00|65.00|900425
11002|25.00|65.00|900426
11004|25.00|65.00|900427
11004|25.00|65.00|900428
11002|25.50|65.50|900425
11002|25.50|65.50|900426
11004|25.50|65.50|900427
11004|25.50|65.50|900428
11002|26.00|66.00|900425
11002|26.00|66.00|900426
11004|26.00|66.00|900427
11004|26.00|66.00|900428
11002|26.50|66.50|900425
11002|26.50|66.50|900426
11004|26.50|66.50|900427
11004|26.50|66.50|900428
11002|27.00|67.00|900425
11002|27.00|67.00|900426
11004|27.00|67.00|900427
11004|27.00|67.00|900428
11002|27.50|67.50|900425
11002|27.50|67.50|900426
11004|27.50|67.50|900427
11004|27.50|67.50|900428
11002|28.00|68.00|900425
11002|28.00|68.00|900426
11004|28.00|68.00|900427
11004|28.00|68.00|900428
11002|28.50|68.50|900425
11002|28.50|68.50|900426
11004|28.50|68.50|900427
11004|28.50|68.50|900428
11002|29.00|69.00|900425
11002|29.00|69.00|900426
11004|29.00|69.00|900427
11004|29.00|69.00|900428
11002|29.50|69.50|900425
11002|29.50|69.50|900426
11004|29.50|69.50|900427
11004|29.50|69.50|900428
11002|30.00|70.00|900425
11002|30.00|70.00|900426
11004|30.00|70.00|900427
11004|30.00|70.00|900428
#tide_44411_8
70.00
11002|0.00|15.00|900429
11002|0.00|15.00|900430
11002|0.00|15.00|900431
11002|0.00|15.00|900432
11002|0.00|15.00|900433
11002|0.00|15.00|900434
11002|0.00|15.00|900435
11002|0.00|15.00|900436
11002|0.00|15.00|900437
11002|0.00|15.00|900438
11002|0.00|15.00|900439
11002|0.00|15.00|900440
11002|0.00|15.00|900441
11002|0.00|15.00|900442
11002|0.00|15.00|900443
11002|0.00|15.00|900444
11002|0.00|15.00|900445
11002|0.00|15.00|900446
11002|0.00|15.00|900447
11002|0.00|15.00|900448
11002|0.00|15.00|900449
60118|0.00|15.00|900450
11004|5.00|20.00|900429
11004|5.00|20.00|900430
11004|5.00|20.00|900431
11004|5.00|20.00|900432
11004|5.00|20.00|900433
11004|5.00|20.00|900434
11004|5.00|20.00|900435
11004|5.00|20.00|900436
11004|5.00|20.00|900437
11004|5.00|20.00|900438
11004|5.00|20.00|900439
11004|5.00|20.00|900440
11004|5.00|20.00|900441
11004|5.00|20.00|900442
11004|5.00|20.00|900443
11004|5.00|20.00|900444
11004|5.00|20.00|900445
11004|5.00|20.00|900446
11004|5.00|20.00|900447
11004|5.00|20.00|900448
11004|5.00|20.00|900449
60118|5.00|20.00|900450
11002|10.00|25.00|900429
11002|10.00|25.00|900430
11002|10.00|25.00|900431
11002|10.00|25.00|900432
11002|10.00|25.00|900433
11002|10.00|25.00|900434
11002|10.00|25.00|900435
11002|10.00|25.00|900436
11002|10.00|25.00|900437
11002|10.00|25.00|900438
11002|10.00|25.00|900439
11002|10.00|25.00|900440
11002|10.00|25.00|900441
11002|10.00|25.00|900442
11002|10.00|25.00|900443
11002|10.00|25.00|900444
11002|10.00|25.00|900445
11002|10.00|25.00|900446
11002|10.00|25.00|900447
11002|10.00|25.00|900448
11002|10.00|25.00|900449
60118|10.00|25.00|900450
11004|15.00|30.00|900429
11004|15.00|30.00|900430
11004|15.00|30.00|900431
11004|15.00|30.00|900432
11004|15.00|30.00|900433
11004|15.00|30.00|900434
11004|15.00|30.00|900435
11004|15.00|30.00|900436
11004|15.00|30.00|900437
11004|15.00|30.00|900438
11004|15.00|30.00|900439
11004|15.00|30.00|900440
11004|15.00|30.00|900441
11004|15.00|30.00|900442
11004|15.00|30.00|900443
11004|15.00|30.00|900444
11004|15.00|30.00|900445
11004|15.00|30.00|900446
11004|15.00|30.00|900447
11004|15.00|30.00|900448
11004|15.00|30.00|900449
60118|15.00|30.00|900450
11002|20.00|35.00|900429
11002|20.00|35.00|900430
11002|20.00|35.00|900431
11002|20.00|35.00|900432
11002|20.00|35.00|900433
11002|20.00|35.00|900434
11002|20.00|35.00|900435
11002|20.00|35.00|900436
11002|20.00|35.00|900437
11002|20.00|35.00|900438
11002|20.00|35.00|900439
11002|20.00|35.00|900440
11002|20.00|35.00|900441
11002|20.00|35.00|900442
11002|20.00|35.00|900443
11002|20.00|35.00|900444
11002|20.00|35.00|900445
11002|20.00|35.00|900446
11002|20.00|35.00|900447
11002|20.00|35.00|900448
11002|20.00|35.00|900449
60118|20.00|35.00|900450
11004|25.00|40.00|900429
11004|25.00|40.00|900430
11004|25.00|40.00|900431
11004|25.00|40.00|900432
11004|25.00|40.00|900433
11004|25.00|40.00|900434
11004|25.00|40.00|900435
11004|25.00|40.00|900436
11004|25.00|40.00|900437
11004|25.00|40.00|900438
11004|25.00|40.00|900439
11004|25.00|40.00|900440
11004|25.00|40.00|900441
11004|25.00|40.00|900442
11004|25.00|40.00|900443
11004|25.00|40.00|900444
11004|25.00|40.00|900445
11004|25.00|40.00|900446
11004|25.00|40.00|900447
11004|25.00|40.00|900448
11004|25.00|40.00|900449
60118|25.00|40.00|900450
11002|30.00|45.00|900429
11002|30.00|45.00|900430
11002|30.00|45.00|900431
11002|30.00|45.00|900432
11002|30.00|45.00|900433
11002|30.00|45.00|900434
11002|30.00|45.00|900435
11002|30.00|45.00|900436
11002|30.00|45.00|900437
11002|30.00|45.00|900438
11002|30.00|45.00|900439
11002|30.00|45.00|900440
11002|30.00|45.00|900441
11002|30.00|45.00|900442
11002|30.00|45.00|900443
11002|30.00|45.00|900444
11002|30.00|45.00|900445
11002|30.00|45.00|900446
11002|30.00|45.00|900447
11002|30.00|45.00|900448
11002|30.00|45.00|900449
60118|30.00|45.00|900450
11004|35.00|50.00|900429
11004|35.00|50.00|900430
11004|35.00|50.00|900431
11004|35.00|50.00|900432
11004|35.00|50.00|900433
11004|35.00|50.00|900434
11004|35.00|50.00|900435
11004|35.00|50.00|900436
11004|35.00|50.00|900437
11004|35.00|50.00|900438
11004|35.00|50.00|900439
11004|35.00|50.00|900440
11004|35.00|50.00|900441
11004|35.00|50.00|900442
11004|35.00|50.00|900443
11004|35.00|50.00|900444
11004|35.00|50.00|900445
11004|35.00|50.00|900446
11004|35.00|50.00|900447
11004|35.00|50.00|900448
11004|35.00|50.00|900449
60118|35.00|50.00|900450
11002|40.00|55.00|900429
11002|40.00|55.00|900430
11002|40.00|55.00|900431
11002|40.00|55.00|900432
11002|40.00|55.00|900433
11002|40.00|55.00|900434
11002|40.00|55.00|900435
11002|40.00|55.00|900436
11002|40.00|55.00|900437
11002|40.00|55.00|900438
11002|40.00|55.00|900439
11002|40.00|55.00|900440
11002|40.00|55.00|900441
11002|40.00|55.00|900442
11002|40.00|55.00|900443
11002|40.00|55.00|900444
11002|40.00|55.00|900445
11002|40.00|55.00|900446
11002|40.00|55.00|900447
11002|40.00|55.00|900448
11002|40.00|55.00|900449
60118|40.00|55.00|900450
11004|45.00|60.00|900429
11004|45.00|60.00|900430
11004|45.00|60.00|900431
11004|45.00|60.00|900432
11004|45.00|60.00|900433
11004|45.00|60.00|900434
11004|45.00|60.00|900435
11004|45.00|60.00|900436
11004|45.00|60.00|900437
11004|45.00|60.00|900438
11004|45.00|60.00|900439
11004|45.00|60.00|900440
11004|45.00|60.00|900441
11004|45.00|60.00|900442
11004|45.00|60.00|900443
11004|45.00|60.00|900444
11004|45.00|60.00|900445
11004|45.00|60.00|900446
11004|45.00|60.00|900447
11004|45.00|60.00|900448
11004|45.00|60.00|900449
60118|45.00|60.00|900450
11002|50.00|65.00|900429
11002|50.00|65.00|900430
11002|50.00|65.00|900431
11002|50.00|65.00|900432
11002|50.00|65.00|900433
11002|50.00|65.00|900434
11002|50.00|65.00|900435
11002|50.00|65.00|900436
11002|50.00|65.00|900437
11002|50.00|65.00|900438
11002|50.00|65.00|900439
11002|50.00|65.00|900440
11002|50.00|65.00|900441
11002|50.00|65.00|900442
11002|50.00|65.00|900443
11002|50.00|65.00|900444
11002|50.00|65.00|900445
11002|50.00|65.00|900446
11002|50.00|65.00|900447
11002|50.00|65.00|900448
11002|50.00|65.00|900449
60118|50.00|65.00|900450
11004|55.00|70.00|900429
11004|55.00|70.00|900430
11004|55.00|70.00|900431
11004|55.00|70.00|900432
11004|55.00|70.00|900433
11004|55.00|70.00|900434
11004|55.00|70.00|900435
11004|55.00|70.00|900436
11004|55.00|70.00|900437
11004|55.00|70.00|900438
11004|55.00|70.00|900439
11004|55.00|70.00|900440
11004|55.00|70.00|900441
11004|55.00|70.00|900442
11004|55.00|70.00|900443
11004|55.00|70.00|900444
11004|55.00|70.00|900445
11004|55.00|70.00|900446
11004|55.00|70.00|900447
11004|55.00|70.00|900448
11004|55.00|70.00|900449
60118|55.00|70.00|900450
