99.68
11002|2.68|18.56|10141
11002|2.68|18.92|10142
11002|2.68|18.34|10143
11002|2.68|18.95|10144
11002|2.68|18.28|10145
11002|2.68|18.70|10146
11002|2.68|18.35|10147
11002|2.68|18.01|10148
11002|2.68|18.17|10149
11002|2.68|17.86|10150
11007|0.71|27.18|20416
11007|0.71|24.55|20417
11007|0.71|30.08|20418
11007|0.71|29.29|20419
11007|0.71|28.46|20420
11015|0.54|29.46|30535
11006|2.20|27.97|40354
11006|2.20|27.43|40355
11006|2.20|28.13|40356
11006|2.20|26.96|40357
11006|2.20|28.15|40358
11006|2.20|27.78|40359
11004|5.62|25.09|10289
11004|5.62|26.30|10290
11004|5.62|23.58|10291
11004|5.62|21.85|10292
11004|5.62|24.80|10293
11004|5.62|24.91|10294
11004|5.62|23.05|10295
11004|5.62|24.90|10296
14007|4.89|38.52|20656
11024|6.55|37.94|30626
11012|4.59|40.96|40512
11004|10.61|34.52|10249
11004|10.61|33.30|10250
11004|10.61|34.89|10251
11004|10.61|34.06|10252
11004|10.61|34.36|10253
11004|10.61|34.29|10254
11004|10.61|34.18|10255
11004|10.61|35.10|10256
11009|10.08|41.10|20477
11009|10.08|41.25|20478
11009|10.08|40.78|20479
11005|10.10|24.04|30319
11005|10.75|24.57|30320
11005|11.40|25.19|30321
11005|12.05|25.98|30322
11005|12.70|26.40|30323
11005|13.35|27.17|30324
11005|14.00|27.81|30325
14007|9.50|41.10|40659
11004|13.08|32.55|10289
11004|13.08|33.76|10290
11004|13.08|31.04|10291
11004|13.08|29.31|10292
11004|13.08|32.26|10293
11004|13.08|32.37|10294
11004|13.08|30.51|10295
11004|13.08|32.36|10296
14007|14.88|48.51|20656
11006|14.64|33.33|30372
11006|14.64|33.50|30373
11006|14.64|33.84|30374
11006|14.64|34.03|30375
11006|14.64|32.98|30376
11006|14.64|33.23|30377
11001|13.03|34.34|40041
11001|13.03|34.18|40042
11001|13.03|33.93|40043
11001|13.03|34.30|40044
11001|13.03|34.99|40045
11001|13.03|34.54|40046
11001|13.03|34.06|40047
11001|13.03|34.36|40048
11001|13.03|33.60|40049
11001|13.03|34.99|40050
11001|18.33|35.56|10001
11001|19.13|35.99|10002
11001|19.23|35.74|10003
11001|19.03|36.96|10004
11001|18.93|36.48|10005
11001|18.83|35.88|10006
11001|19.13|35.26|10007
11001|18.93|36.89|10008
11001|18.33|36.24|10009
11001|18.93|35.88|10010
11001|18.63|34.21|20051
11001|18.63|32.21|20052
11001|18.63|31.01|20053
11001|18.63|32.22|20054
11001|18.63|32.18|20055
11001|18.63|31.56|20056
11001|18.63|31.48|20057
11001|18.63|30.82|20058
11001|18.63|32.78|20059
11001|18.63|32.89|20060
11012|17.88|45.56|30509
11015|18.31|44.67|40537
11013|21.18|44.45|10521
11007|22.65|42.59|20411
11007|22.65|42.48|20412
11007|22.65|41.80|20413
11007|22.65|43.13|20414
11007|22.65|39.39|20415
11010|22.94|61.40|30488
11010|22.94|56.04|30489
11012|22.83|73.44|40507
11016|26.91|63.15|10550
14007|26.49|66.53|20660
11001|25.04|48.41|30071
11001|25.04|47.78|30072
11001|25.04|47.85|30073
11001|25.04|47.16|30074
11001|25.04|47.76|30075
11001|25.04|47.39|30076
11001|25.44|47.13|30077
11001|25.24|46.16|30078
11001|25.04|45.10|30079
11001|25.84|46.34|30080
11010|26.10|55.80|40482
11010|26.10|50.79|40483
11004|30.66|51.80|10241
11004|30.66|51.56|10242
11004|30.66|50.87|10243
11004|30.66|51.08|10244
11004|30.66|52.12|10245
11004|30.66|52.66|10246
11004|30.66|53.53|10247
11004|30.66|53.63|10248
11012|30.03|62.42|20505
11004|29.02|49.39|30241
11004|29.02|49.58|30242
11004|29.02|48.90|30243
11004|29.02|49.07|30244
11004|29.02|49.64|30245
11004|29.02|50.05|30246
11004|29.02|50.59|30247
11004|29.02|51.55|30248
11017|29.33|65.27|40559
11014|33.37|65.74|10532
11012|35.15|62.89|20509
11007|33.74|63.75|30396
11007|33.74|59.73|30397
11007|33.74|71.33|30398
11007|33.74|66.89|30399
11007|33.74|60.25|30400
11022|34.59|76.12|40609
11015|38.84|69.26|10543
11005|38.49|53.86|20340
11005|38.49|53.71|20341
11005|38.49|54.02|20342
11005|38.49|53.96|20343
11005|38.49|53.58|20344
11005|38.49|53.88|20345
11005|38.49|54.27|20346
11015|39.23|68.15|30535
11001|38.47|54.80|40031
11001|38.47|54.89|40032
11001|38.47|54.69|40033
11001|38.47|54.68|40034
11001|38.47|55.36|40035
11001|38.47|54.39|40036
11001|38.47|53.84|40037
11001|38.47|54.48|40038
11001|38.47|54.86|40039
11001|38.47|54.36|40040
11003|42.79|66.17|10170
11003|42.79|65.20|10171
11003|42.79|64.30|10172
11003|43.59|64.88|10173
11003|43.59|67.53|10174
11003|43.59|68.65|10175
11003|43.59|70.02|10176
11003|42.79|68.80|10177
11003|43.89|68.54|10178
11012|41.71|79.78|20513
11008|41.41|56.95|30455
11008|41.41|56.73|30456
11008|41.41|54.28|30457
11008|41.41|52.92|30458
11020|42.67|64.18|40589
11001|45.96|63.19|10001
11001|46.76|63.62|10002
11001|46.86|63.37|10003
11001|46.66|64.59|10004
11001|46.56|64.11|10005
11001|46.46|63.51|10006
11001|46.76|62.89|10007
11001|46.56|64.52|10008
11001|45.96|63.87|10009
11001|46.56|63.51|10010
11011|46.01|71.28|20497
11001|46.19|62.51|30031
11001|46.19|62.55|30032
11001|46.19|62.44|30033
11001|46.19|62.19|30034
11001|46.19|62.94|30035
11001|46.19|62.17|30036
11001|46.19|61.53|30037
11001|46.19|62.25|30038
11001|46.19|62.58|30039
11001|46.19|62.09|30040
11005|47.42|68.79|40347
11005|47.42|70.09|40348
11005|47.42|68.75|40349
11005|47.42|68.16|40350
11005|47.42|69.73|40351
11005|47.42|70.79|40352
11005|47.42|69.41|40353
11001|50.14|65.94|10051
11001|50.14|63.70|10052
11001|50.14|62.48|10053
11001|50.14|63.90|10054
11001|50.14|63.84|10055
11001|50.14|63.08|10056
11001|50.14|62.97|10057
11001|50.14|62.35|10058
11001|50.14|64.28|10059
11001|50.14|64.35|10060
11003|53.25|69.37|20224
11003|53.25|71.79|20225
11003|53.65|71.19|20226
11003|54.25|70.84|20227
11003|54.35|70.07|20228
11003|55.25|70.28|20229
11003|51.25|71.06|20230
11003|54.05|69.49|20231
11003|53.25|69.42|20232
11004|51.45|71.82|30241
11004|51.45|72.01|30242
11004|51.45|71.33|30243
11004|51.45|71.50|30244
11004|51.45|72.07|30245
11004|51.45|72.48|30246
11004|51.45|73.02|30247
11004|51.45|73.98|30248
11011|49.61|93.42|40500
11002|54.95|74.96|10101
11002|54.95|73.92|10102
11002|54.95|74.25|10103
11002|54.95|74.62|10104
11002|54.95|73.84|10105
11002|54.95|74.87|10106
11002|54.95|71.60|10107
11002|54.95|74.61|10108
11002|54.95|73.14|10109
11002|54.95|73.78|10110
11018|55.39|99.68|20564
11010|55.36|93.82|30488
11010|55.36|88.46|30489
11002|55.10|69.19|40091
11002|55.10|69.17|40092
11002|55.10|68.68|40093
11002|55.10|69.16|40094
11002|55.10|69.18|40095
11002|54.50|70.49|40096
11002|54.50|70.19|40097
11002|54.50|70.34|40098
11002|54.90|70.28|40099
11002|54.50|69.88|40100
