104.60
11021|4.63|33.93|10596
11026|5.84|68.53|20648
11214|5.85|43.14|30602
11013|4.68|42.56|40520
11214|12.53|49.46|10602
11024|12.30|48.69|20625
11027|11.81|47.03|30598
11017|12.15|57.87|40558
11017|19.29|69.84|10562
11004|20.63|44.54|20249
11004|20.63|43.32|20250
11004|20.63|44.91|20251
11004|20.63|44.08|20252
11004|20.63|44.38|20253
11004|20.63|44.31|20254
11004|20.63|44.20|20255
11004|20.63|45.12|20256
11003|20.63|44.23|30179
11003|20.63|44.65|30180
11003|20.63|42.96|30181
11003|20.63|45.07|30182
11003|20.63|43.78|30183
11003|20.63|42.71|30184
11003|20.63|46.77|30185
11003|20.63|43.61|30186
11003|20.63|44.34|30187
11025|20.76|71.92|40640
11007|26.14|46.23|10406
11007|26.14|46.39|10407
11007|26.14|45.88|10408
11007|26.14|45.52|10409
11007|26.14|45.56|10410
11085|25.46|41.90|21042
11085|25.46|42.03|21043
11085|25.96|42.44|21044
11085|25.46|42.11|21045
11085|25.96|42.39|21046
11092|25.29|62.93|31001
11214|26.61|69.79|40600
11002|34.12|53.16|10121
11002|34.47|53.63|10122
11002|34.82|53.93|10123
11002|35.17|54.40|10124
11002|35.52|54.96|10125
11002|35.87|55.10|10126
11002|36.22|55.43|10127
11002|36.57|56.01|10128
11002|36.92|56.72|10129
11002|37.27|56.80|10130
11026|33.48|103.83|20652
11008|34.19|52.90|30439
11008|34.19|52.96|30440
11008|34.19|52.74|30441
11008|34.19|53.78|30442
11027|33.93|68.97|40598
11016|41.01|80.76|10552
11017|40.73|91.32|20562
11006|40.75|59.50|30366
11006|40.75|58.82|30367
11006|40.75|59.04|30368
11006|40.75|59.45|30369
11006|40.75|59.30|30370
11006|40.75|58.86|30371
11027|39.93|74.97|40598
11021|47.34|76.33|10595
11025|48.20|84.07|20636
11004|47.67|68.04|30241
11004|47.67|68.23|30242
11004|47.67|67.55|30243
11004|47.67|67.72|30244
11004|47.67|68.29|30245
11004|47.67|68.70|30246
11004|47.67|69.24|30247
11004|47.67|70.20|30248
11025|48.35|104.60|40638
11006|56.04|81.88|10354
11006|56.04|81.16|10355
11006|56.04|81.72|10356
11006|56.04|80.89|10357
11006|56.04|82.24|10358
11006|56.04|81.80|10359
11090|54.63|73.91|21085
11085|54.69|78.07|31057
11085|54.19|77.46|31058
11085|54.19|77.57|31057
11085|54.19|76.91|31060
11085|54.19|76.56|31061
11085|54.69|77.41|31060
11085|54.69|77.96|31058
11090|55.29|88.52|41024
