54.48
11009|5.30|27.27|10471
11009|5.30|26.53|10472
11009|5.30|27.66|10473
11003|5.62|28.98|20179
11003|5.62|29.33|20180
11003|5.62|27.96|20181
11003|5.62|29.84|20182
11003|5.62|28.71|20183
11003|5.62|27.66|20184
11003|5.62|31.75|20185
11003|5.62|28.67|20186
11003|5.62|29.25|20187
11012|5.71|40.83|30506
11013|5.66|37.67|40523
11005|10.82|28.73|10312
11005|10.82|29.49|10313
11005|10.82|29.28|10314
11005|10.82|34.81|10315
11005|10.82|31.67|10316
11005|10.82|28.97|10317
11005|10.82|28.79|10318
11009|11.04|42.06|20477
11009|11.04|42.21|20478
11009|11.04|41.74|20479
11012|11.53|39.21|30509
11007|10.97|27.26|40426
11007|10.97|27.31|40427
11007|10.97|27.43|40428
11007|10.97|27.86|40429
11007|10.97|27.44|40430
11004|16.87|38.33|10297
11004|16.87|38.29|10298
11004|16.87|39.03|10299
11004|16.87|39.05|10300
11004|16.87|38.61|10301
11004|16.87|37.83|10302
11004|16.87|37.38|10303
11004|16.87|39.65|10304
11004|16.94|38.43|20297
11004|16.94|38.45|20298
11004|16.94|39.15|20299
11004|16.94|39.22|20300
11004|16.94|38.90|20301
11004|16.94|38.05|20302
11004|16.94|37.36|20303
11004|16.94|39.81|20304
11009|17.42|39.29|30471
11009|17.42|38.54|30472
11009|17.42|39.55|30473
11009|17.58|40.29|40459
11009|17.58|42.41|40460
11009|17.58|43.28|40461
11005|23.55|42.28|10333
11005|23.55|41.50|10334
11005|23.55|42.35|10335
11005|23.55|41.70|10336
11005|23.55|43.07|10337
11005|23.55|43.30|10338
11005|23.55|42.39|10339
11002|24.12|52.14|20081
11002|24.37|52.47|20082
11002|24.42|52.49|20083
11002|24.62|52.47|20084
11002|24.12|54.17|20085
11002|25.12|53.76|20086
11002|25.72|54.48|20087
11002|25.72|53.97|20088
11002|25.72|53.83|20089
11002|25.72|52.99|20090
11008|24.41|43.69|30431
11008|24.41|43.64|30432
11008|24.41|45.08|30433
11008|24.41|43.58|30434
11010|24.33|51.75|40484
11010|24.33|50.52|40485
