95.82
11214|5.67|45.38|10599
11012|5.57|40.65|20508
11021|6.03|38.27|30601
11027|5.56|40.60|40598
11005|11.38|26.65|10340
11005|11.38|26.75|10341
11005|11.38|26.99|10342
11005|11.38|26.84|10343
11005|11.38|26.60|10344
11005|11.38|26.84|10345
11005|11.38|27.13|10346
11015|12.78|45.37|20539
11214|12.18|41.17|30595
11024|11.79|48.20|40625
11027|18.45|58.16|10599
11092|18.15|95.82|21088
11090|19.46|38.89|31031
11003|18.51|44.50|40215
11003|18.51|44.71|40216
11003|18.51|45.36|40217
11003|18.51|44.63|40218
11003|18.51|44.86|40219
11003|18.51|45.12|40220
11003|18.51|45.13|40221
11003|18.51|46.85|40222
11003|18.51|46.92|40223
11012|25.17|57.85|10505
11004|24.17|45.44|20233
11004|24.17|44.94|20234
11004|24.17|45.24|20235
11004|24.17|44.92|20236
11004|24.17|45.26|20237
11004|24.17|45.09|20238
11004|24.17|45.45|20239
11004|24.17|45.53|20240
11024|26.12|73.07|30628
11004|26.14|41.28|40273
11004|26.14|41.58|40274
11004|26.14|41.99|40275
11004|26.14|41.76|40276
11004|26.14|41.86|40277
11004|26.14|42.33|40278
11004|26.14|42.07|40279
11004|26.14|42.38|40280
11015|30.45|56.71|10537
11016|31.03|66.17|20553
11010|30.09|63.39|30492
11003|30.03|54.29|40206
11003|30.03|54.46|40207
11003|30.03|54.18|40208
11003|30.03|54.31|40209
11003|30.03|54.17|40210
11003|31.53|54.02|40211
11003|31.53|54.19|40212
11003|31.53|54.33|40213
11003|31.53|54.05|40214
11008|36.96|56.20|10431
11008|36.96|56.29|10432
11008|36.96|57.94|10433
11008|36.96|56.32|10434
11016|36.09|76.35|20552
11025|36.28|92.79|30642
11003|36.44|55.03|40161
11003|36.44|54.09|40162
11003|36.44|55.66|40163
11003|37.24|55.61|40164
11003|36.84|56.57|40165
11003|35.84|54.09|40166
11003|35.84|53.96|40167
11003|35.84|56.13|40168
11003|35.84|56.04|40169
11017|43.10|86.97|10560
11092|43.58|85.76|21090
11026|41.64|83.06|30644
11017|41.72|73.72|40554
11214|48.10|80.41|10601
11024|47.79|84.18|20625
11017|47.86|72.25|30557
11214|48.55|81.23|40601
11021|54.48|86.79|10601
11015|55.80|85.64|20535
11003|54.36|78.64|30206
11003|54.36|78.79|30207
11003|54.36|78.49|30208
11003|54.36|78.76|30209
11003|54.36|78.30|30210
11003|55.86|78.35|30211
11003|55.86|78.55|30212
11003|55.86|78.78|30213
11003|55.86|78.56|30214
11027|55.58|88.26|40601
