114.09
11012|5.75|38.43|10505
11013|4.75|50.52|20522
11008|5.81|21.35|30455
11008|5.81|21.13|30456
11008|5.81|18.68|30457
11008|5.81|17.32|30458
11016|6.12|40.41|40551
11003|12.88|38.81|10215
11003|12.88|39.05|10216
11003|12.88|39.71|10217
11003|12.88|39.05|10218
11003|12.88|39.20|10219
11003|12.88|39.52|10220
11003|12.88|39.56|10221
11003|12.88|41.01|10222
11003|12.88|41.15|10223
11024|12.20|59.14|20628
11017|13.14|63.60|30562
11010|13.68|41.10|40484
11001|20.72|38.82|10011
11001|20.62|38.75|10012
11001|20.72|38.74|10013
11001|20.72|39.10|10014
11001|20.72|38.44|10015
11001|20.72|39.17|10016
11001|21.22|37.79|10017
11001|21.52|37.92|10018
11001|21.22|37.97|10019
11001|21.22|37.83|10020
11092|19.79|57.41|21001
11010|19.46|51.16|30480
11013|20.58|48.21|40516
11010|25.58|57.55|10480
11021|25.53|60.52|20598
11012|25.84|61.60|30510
11090|25.36|44.76|41031
11010|31.95|65.13|10492
11010|30.58|51.62|20486
11004|31.99|49.66|30257
11004|32.59|50.14|30258
11004|33.19|50.81|30259
11004|33.79|51.48|30260
11004|34.39|52.00|30261
11004|34.99|52.61|30262
11004|35.59|53.20|30263
11004|36.19|53.76|30264
11020|31.00|54.28|40588
11020|37.23|57.66|10590
11013|36.38|76.56|20519
11015|38.28|67.20|30535
11015|38.28|70.63|40539
11010|45.53|66.47|10486
11010|44.68|71.94|20484
11020|43.85|58.14|30592
11017|44.71|92.82|40561
11015|52.51|77.68|10536
11002|53.00|68.66|20141
11002|53.00|69.27|20142
11002|53.00|68.61|20143
11002|53.00|69.26|20144
11002|53.00|68.64|20145
11002|53.00|69.10|20146
11002|53.00|68.71|20147
11002|53.00|68.33|20148
11002|53.00|68.66|20149
11002|53.00|68.15|20150
11026|51.88|114.09|30647
11001|52.56|69.86|40001
11001|53.36|70.17|40002
11001|53.46|70.09|40003
11001|53.26|71.23|40004
11001|53.16|70.65|40005
11001|53.06|70.15|40006
11001|53.36|69.51|40007
11001|53.16|71.05|40008
11001|52.56|70.49|40009
11001|53.16|70.10|40010
11004|57.81|79.08|10233
11004|57.81|78.58|10234
11004|57.81|78.88|10235
11004|57.81|78.67|10236
11004|57.81|78.93|10237
11004|57.81|78.81|10238
11004|57.81|79.09|10239
11004|57.81|79.20|10240
11092|58.69|81.42|21089
11090|59.30|78.73|31031
11012|58.16|91.39|40505
