54.83
11001|5.51|23.61|10011
11001|5.41|23.54|10012
11001|5.51|23.53|10013
11001|5.51|23.89|10014
11001|5.51|23.23|10015
11001|5.51|23.96|10016
11001|6.01|22.58|10017
11004|5.27|22.94|20257
11004|5.87|23.48|20258
11004|6.47|24.12|20259
11004|7.07|24.68|20260
11004|7.67|25.28|20261
11004|8.27|25.93|20262
11002|5.46|33.42|30081
11002|5.71|33.73|30082
11002|5.76|33.71|30083
11002|5.96|33.71|30084
11002|5.46|35.31|30085
11002|6.46|34.80|30086
11002|7.06|35.47|30087
11003|7.05|23.17|40224
11003|7.05|25.51|40225
11003|7.45|24.94|40226
11003|8.05|24.79|40227
11003|8.15|23.78|40228
11003|9.05|24.02|40229
11007|12.33|36.35|10401
11007|12.33|38.42|10402
11007|12.33|37.75|10403
11007|12.33|37.84|10404
11002|12.60|31.58|20111
11002|12.60|31.17|20112
11002|12.60|31.01|20113
11002|12.60|31.50|20114
11002|12.60|31.71|20115
11002|12.60|31.10|20116
11002|12.00|32.26|20117
11003|11.88|37.85|30215
11003|11.88|38.09|30216
11003|11.88|38.72|30217
11003|11.88|37.99|30218
11003|11.88|38.17|30219
11003|11.88|38.46|30220
11007|12.55|32.57|40406
11007|12.55|32.78|40407
11007|12.55|32.18|40408
11007|12.55|31.99|40409
11003|19.00|35.49|10224
11003|19.00|37.36|10225
11003|19.40|36.97|10226
11003|20.00|36.68|10227
11003|20.10|35.69|10228
11003|21.00|35.98|10229
11008|16.90|36.01|20439
11008|16.90|35.70|20440
11008|16.90|35.57|20441
11001|17.02|35.22|30011
11001|16.92|35.18|30012
11001|17.02|34.82|30013
11001|17.02|35.24|30014
11001|17.02|35.01|30015
11001|17.02|35.44|30016
11001|17.52|34.23|30017
11007|17.12|47.26|40396
11007|17.12|43.38|40397
11007|17.12|54.83|40398
11007|17.12|50.18|40399
11001|24.00|45.18|10041
11001|24.00|45.09|10042
11001|24.00|44.84|10043
11001|24.00|45.32|10044
11001|24.00|45.77|10045
11001|24.00|45.51|10046
11001|24.00|44.94|10047
11007|23.92|48.02|20401
11007|23.92|50.00|20402
11007|23.92|49.40|20403
11007|23.92|49.38|20404
11002|24.67|38.69|30091
11002|24.67|38.73|30092
11002|24.67|38.27|30093
11002|24.67|38.78|30094
11002|24.67|38.74|30095
11002|24.07|39.96|30096
11002|24.07|39.70|30097
11004|24.02|47.93|40249
11004|24.02|46.71|40250
11004|24.02|48.30|40251
11004|24.02|47.47|40252
11004|24.02|47.77|40253
11004|24.02|47.70|40254
