65.08
11003|5.88|27.60|10197
11003|5.88|27.99|10198
11003|5.88|27.35|10199
11003|5.88|28.09|10200
11003|5.88|27.88|10201
11003|5.88|26.88|10202
11005|5.32|25.48|20326
11005|5.32|24.23|20327
11005|5.32|26.02|20328
11005|5.32|26.34|20329
11005|5.32|29.28|20330
11005|5.32|26.78|20331
11005|5.32|24.42|20332
11010|5.09|26.00|30486
11010|5.09|32.89|30487
11008|5.57|20.18|40443
11008|5.57|19.14|40444
11008|5.57|20.93|40445
11008|5.57|19.99|40446
11008|13.31|27.92|10443
11008|13.31|26.87|10444
11008|13.31|28.74|10445
11008|13.31|27.71|10446
11006|12.82|33.13|20360
11006|12.82|32.79|20361
11006|12.82|33.59|20362
11006|12.82|32.68|20363
11006|12.82|31.99|20364
11006|12.82|31.79|20365
11007|12.82|32.99|30421
11007|12.82|32.50|30422
11007|12.82|31.90|30423
11007|12.82|31.44|30424
11007|12.82|31.32|30425
11003|12.94|36.59|40179
11003|12.94|37.05|40180
11003|12.94|35.21|40181
11003|12.94|37.45|40182
11003|12.94|36.09|40183
11003|12.94|35.03|40184
11002|19.47|33.50|10091
11002|19.47|33.61|10092
11002|19.47|33.15|10093
11002|19.47|33.32|10094
11002|19.47|33.45|10095
11002|18.87|34.73|10096
11002|18.87|34.51|10097
11007|19.51|39.79|20421
11007|19.51|39.20|20422
11007|19.51|38.62|20423
11007|19.51|38.01|20424
11007|19.51|38.16|20425
11008|19.41|34.06|30443
11008|19.41|32.99|30444
11008|19.41|34.81|30445
11008|19.41|33.87|30446
11003|19.03|42.35|40170
11003|19.03|41.50|40171
11003|19.03|40.52|40172
11003|19.83|40.61|40173
11003|19.83|43.16|40174
11003|19.83|44.21|40175
11001|27.03|43.34|10031
11001|27.03|43.41|10032
11001|27.03|43.28|10033
11001|27.03|43.12|10034
11001|27.03|43.72|10035
11001|27.03|42.96|10036
11001|27.03|42.40|10037
11010|26.77|65.08|20488
11010|26.77|59.34|20489
11006|27.24|45.99|30366
11006|27.24|45.31|30367
11006|27.24|45.53|30368
11006|27.24|45.94|30369
11006|27.24|45.79|30370
11006|27.24|45.35|30371
11005|26.48|45.18|40333
11005|26.48|44.37|40334
11005|26.48|45.31|40335
11005|26.48|44.63|40336
11005|26.48|45.80|40337
11005|26.48|46.22|40338
11005|26.48|45.12|40339
