96.73
11017|5.45|49.32|10560
11017|5.25|29.51|20557
11009|6.32|37.66|30477
11009|6.32|37.72|30478
11009|6.32|37.44|30479
11008|6.31|22.05|40455
11008|6.31|21.73|40456
11008|6.31|19.05|40457
11008|6.31|17.81|40458
11003|11.49|37.42|10215
11003|11.49|37.66|10216
11003|11.49|38.32|10217
11003|11.49|37.66|10218
11003|11.49|37.81|10219
11003|11.49|38.13|10220
11003|11.49|38.17|10221
11003|11.49|39.62|10222
11003|11.49|39.76|10223
11001|11.79|35.21|20071
11001|11.79|34.68|20072
11001|11.79|34.31|20073
11001|11.79|33.94|20074
11001|11.79|34.19|20075
11001|11.79|33.96|20076
11001|12.19|33.79|20077
11001|11.99|33.19|20078
11001|11.79|31.83|20079
11001|12.59|33.21|20080
11013|10.92|51.59|30519
11016|12.56|42.69|40545
11003|17.30|40.65|10179
11003|17.30|41.10|10180
11003|17.30|39.66|10181
11003|17.30|41.61|10182
11003|17.30|40.49|10183
11003|17.30|39.71|10184
11003|17.30|43.83|10185
11003|17.30|40.36|10186
11003|17.30|41.05|10187
11003|17.07|40.43|20179
11003|17.07|40.78|20180
11003|17.07|39.41|20181
11003|17.07|41.29|20182
11003|17.07|40.16|20183
11003|17.07|39.11|20184
11003|17.07|43.20|20185
11003|17.07|40.12|20186
11003|17.07|40.70|20187
11017|17.35|53.59|30559
11003|18.11|39.93|40197
11003|18.11|40.31|40198
11003|18.11|39.73|40199
11003|18.11|40.31|40200
11003|18.11|40.15|40201
11003|18.11|39.18|40202
11003|18.11|39.46|40203
11003|18.11|39.22|40204
11003|18.11|39.14|40205
11001|22.67|38.98|10031
11001|22.67|39.05|10032
11001|22.67|38.92|10033
11001|22.67|38.76|10034
11001|22.67|39.36|10035
11001|22.67|38.60|10036
11001|22.67|38.04|10037
11001|22.67|38.62|10038
11001|22.67|39.04|10039
11001|22.67|38.45|10040
11092|24.09|46.82|21089
11008|22.94|41.69|30447
11008|22.94|43.50|30448
11008|22.94|42.99|30449
11008|22.94|42.56|30450
11012|23.69|58.83|40508
11013|30.81|62.76|10523
11012|30.54|65.69|20506
11016|31.03|61.23|30549
11002|31.18|46.44|40131
11002|31.18|46.77|40132
11002|31.18|45.09|40133
11002|31.18|46.17|40134
11002|31.18|44.52|40135
11002|31.18|44.11|40136
11002|31.18|45.46|40137
11002|31.18|45.99|40138
11002|31.18|44.57|40139
11002|31.18|44.05|40140
11013|36.51|64.05|10516
11008|37.01|56.12|20439
11008|37.01|55.81|20440
11008|37.01|55.68|20441
11008|37.01|56.62|20442
11004|35.47|59.38|30249
11004|35.47|58.16|30250
11004|35.47|59.75|30251
11004|35.47|58.92|30252
11004|35.47|59.22|30253
11004|35.47|59.15|30254
11004|35.47|59.04|30255
11004|35.47|59.96|30256
11017|37.05|65.09|40555
11092|41.93|87.28|11003
11013|42.89|80.52|20520
11003|42.38|64.25|30197
11003|42.38|64.59|30198
11003|42.38|64.01|30199
11003|42.38|64.60|30200
11003|42.38|64.39|30201
11003|42.38|63.31|30202
11003|42.38|63.82|30203
11003|42.38|63.67|30204
11003|42.38|63.40|30205
11001|41.40|64.61|40071
11001|41.40|64.30|40072
11001|41.40|64.13|40073
11001|41.40|63.60|40074
11001|41.40|64.06|40075
11001|41.40|63.79|40076
11001|41.80|63.40|40077
11001|41.60|62.32|40078
11001|41.40|61.12|40079
11001|42.20|62.55|40080
11012|48.44|76.06|10509
11002|48.48|76.50|20081
11002|48.73|76.83|20082
11002|48.78|76.85|20083
11002|48.98|76.83|20084
11002|48.48|78.53|20085
11002|49.48|78.12|20086
11002|50.08|78.84|20087
11002|50.08|78.33|20088
11002|50.08|78.19|20089
11002|50.08|77.35|20090
11008|49.82|64.47|30443
11008|49.82|63.40|30444
11008|49.82|65.22|30445
11008|49.82|64.28|30446
11012|48.71|83.70|40506
11003|54.30|77.65|10179
11003|54.30|78.10|10180
11003|54.30|76.66|10181
11003|54.30|78.61|10182
11003|54.30|77.49|10183
11003|54.30|76.71|10184
11003|54.30|80.83|10185
11003|54.30|77.36|10186
11003|54.30|78.05|10187
11003|55.79|80.08|20206
11003|55.79|80.20|20207
11003|55.79|79.91|20208
11003|55.79|80.05|20209
11003|55.79|79.96|20210
11003|57.29|79.65|20211
11003|57.29|79.58|20212
11003|57.29|80.27|20213
11003|57.29|79.63|20214
11008|54.41|73.92|30451
11008|54.41|73.15|30452
11008|54.41|72.51|30453
11008|54.41|73.18|30454
11018|54.81|96.73|40572
