100.58
11011|6.16|49.28|10502
11214|5.49|34.71|20596
11011|5.45|33.48|30495
11011|4.68|30.07|40497
11015|12.19|44.63|10539
11020|10.34|30.57|20590
11013|11.76|39.10|30516
11021|10.34|48.73|40603
11007|17.54|37.55|10411
11007|17.54|37.32|10412
11007|17.54|36.60|10413
11007|17.54|37.89|10414
11007|17.54|34.23|10415
11090|16.61|39.07|21025
11013|16.69|57.36|30519
11004|17.76|35.36|40257
11004|18.36|36.00|40258
11004|18.96|36.65|40259
11004|19.56|37.21|40260
11004|20.16|37.77|40261
11004|20.76|38.41|40262
11004|21.36|38.97|40263
11004|21.96|39.58|40264
11008|24.03|43.27|10431
11008|24.03|43.36|10432
11008|24.03|45.01|10433
11008|24.03|43.39|10434
11004|23.16|44.43|20233
11004|23.16|43.93|20234
11004|23.16|44.23|20235
11004|23.16|43.91|20236
11004|23.16|44.25|20237
11004|23.16|44.08|20238
11004|23.16|44.44|20239
11004|23.16|44.52|20240
11011|24.13|52.16|30495
11004|23.82|47.73|40249
11004|23.82|46.51|40250
11004|23.82|48.10|40251
11004|23.82|47.27|40252
11004|23.82|47.57|40253
11004|23.82|47.50|40254
11004|23.82|47.39|40255
11004|23.82|48.31|40256
11010|30.59|55.13|10490
11007|30.33|59.79|20396
11007|30.33|56.32|20397
11007|30.33|66.85|20398
11007|30.33|63.90|20399
11007|30.33|56.87|20400
11010|31.35|58.72|30484
11002|31.21|47.09|40141
11002|31.21|47.31|40142
11002|31.21|46.86|40143
11002|31.21|47.47|40144
11002|31.21|46.84|40145
11002|31.21|46.72|40146
11002|31.21|46.93|40147
11002|31.21|46.55|40148
11002|31.21|46.66|40149
11002|31.21|46.21|40150
11092|36.61|78.79|11090
11090|36.44|52.78|21087
11010|37.32|58.23|30486
11090|36.64|52.85|41087
11018|43.43|76.18|10568
11092|41.92|64.65|21089
11013|43.59|81.09|30520
11015|42.71|91.74|40541
11009|48.94|79.81|10468
11009|48.94|76.59|10469
11009|48.94|80.70|10470
11016|50.25|77.82|20544
11010|49.69|79.31|30482
11013|50.41|81.21|40515
11092|55.23|100.58|11003
11003|56.09|77.98|20197
11003|56.09|78.25|20198
11003|56.09|77.60|20199
11003|56.09|78.31|20200
11003|56.09|78.11|20201
11003|56.09|77.01|20202
11003|56.09|77.42|20203
11003|56.09|77.09|20204
11003|56.09|76.91|20205
11090|55.43|75.54|31084
11013|55.37|86.61|40517
