48.94
11001|5.75|23.85|10011
11001|5.65|23.78|10012
11001|5.75|23.77|10013
11001|5.75|24.13|10014
11001|5.75|23.47|10015
11001|5.75|24.20|10016
11001|6.25|22.82|10017
11001|6.55|22.95|10018
11001|6.25|23.00|10019
11001|6.25|22.86|10020
11001|5.25|21.57|30031
11001|5.25|21.61|30032
11001|5.25|21.50|30033
11001|5.25|21.25|30034
11001|5.25|22.00|30035
11001|5.25|21.23|30036
11001|5.25|20.59|30037
11007|5.44|25.29|40411
11007|5.44|25.33|40412
11007|5.44|24.44|40413
11007|5.44|25.98|40414
11007|5.44|22.21|40415
11010|12.96|46.14|10492
11010|12.96|45.75|10493
11001|12.90|36.32|20071
11001|12.90|35.79|20072
11001|12.90|35.42|20073
11001|12.90|35.05|20074
11001|12.90|35.30|20075
11001|12.90|35.07|20076
11001|13.30|34.90|20077
11001|13.20|34.50|30041
11001|13.20|34.40|30042
11001|13.20|34.11|30043
11001|13.20|34.49|30044
11001|13.20|35.06|30045
11001|13.20|34.72|30046
11001|13.20|34.15|30047
11007|12.61|36.47|40401
11007|12.61|38.86|40402
11007|12.61|38.08|40403
11007|12.61|38.05|40404
11007|12.61|37.34|40405
11001|19.99|37.22|10001
11001|20.79|37.65|10002
11001|20.89|37.40|10003
11001|20.69|38.62|10004
11001|20.59|38.14|10005
11001|20.49|37.54|10006
11001|20.79|36.92|10007
11007|19.57|46.04|20416
11007|19.57|43.41|20417
11007|19.57|48.94|20418
11007|19.57|48.15|20419
11007|19.57|47.32|20420
11001|19.79|36.12|40031
11001|19.79|36.21|40032
11001|19.79|36.01|40033
11001|19.79|36.00|40034
11001|19.79|36.68|40035
11001|19.79|35.71|40036
11001|19.79|35.16|40037
11007|26.27|46.70|10421
11007|26.27|46.11|10422
11007|26.27|45.34|10423
11007|26.27|44.87|10424
11007|26.27|44.88|10425
11001|26.31|42.42|30051
11001|26.31|39.66|30052
11001|26.31|38.64|30053
11001|26.31|39.89|30054
11001|26.31|39.82|30055
11001|26.31|39.42|30056
11001|26.31|39.11|30057
11001|25.77|47.08|40041
11001|25.77|46.92|40042
11001|25.77|46.67|40043
11001|25.77|47.04|40044
11001|25.77|47.73|40045
11001|25.77|47.28|40046
11001|25.77|46.80|40047
