104.75
11015|5.87|54.53|10541
11015|5.49|35.44|20543
11008|5.50|24.21|30439
11008|5.50|24.27|30440
11008|5.50|24.05|30441
11008|5.50|25.09|30442
11008|4.99|20.73|40455
11008|4.99|20.41|40456
11008|4.99|17.73|40457
11008|4.99|16.49|40458
11001|12.63|35.87|10071
11001|12.63|35.59|10072
11001|12.63|35.15|10073
11001|12.63|35.00|10074
11001|12.63|35.11|10075
11001|12.63|34.82|10076
11001|13.03|34.80|10077
11001|12.83|34.30|10078
11001|12.63|32.71|10079
11001|13.43|34.08|10080
11018|12.48|45.39|20568
11013|12.13|43.71|30515
11090|13.22|29.40|41086
11017|19.66|70.21|10562
11011|18.79|62.58|20500
11008|20.05|39.56|30451
11008|20.05|38.79|30452
11008|20.05|38.15|30453
11008|20.05|38.82|30454
11020|18.89|36.76|40585
11017|26.09|50.24|10557
11016|25.34|52.91|20544
11017|25.15|53.24|30555
11009|24.48|46.32|40471
11009|24.48|45.65|40472
11009|24.48|46.50|40473
11018|32.36|76.53|10564
11017|32.42|80.52|20561
11001|33.05|54.35|30041
11001|33.05|54.25|30042
11001|33.05|53.96|30043
11001|33.05|54.34|30044
11001|33.05|54.91|30045
11001|33.05|54.57|30046
11001|33.05|54.00|30047
11001|33.05|54.36|30048
11001|33.05|53.71|30049
11001|33.05|55.06|30050
11011|32.71|63.17|40494
11011|37.71|70.00|10503
11011|37.80|81.47|20502
11002|38.81|54.49|30141
11002|38.81|55.02|30142
11002|38.81|54.50|30143
11002|38.81|54.94|30144
11002|38.81|54.43|30145
11002|38.81|54.84|30146
11002|38.81|54.50|30147
11002|38.81|54.15|30148
11002|38.81|54.35|30149
11002|38.81|53.95|30150
11008|38.03|67.59|40435
11008|38.03|67.22|40436
11008|38.03|59.00|40437
11008|38.03|63.04|40438
11017|44.44|68.59|10557
11021|44.46|73.45|20595
11002|45.78|65.85|30101
11002|45.78|64.77|30102
11002|45.78|65.21|30103
11002|45.78|65.50|30104
11002|45.78|64.63|30105
11002|45.78|65.83|30106
11002|45.78|62.43|30107
11002|45.78|65.42|30108
11002|45.78|63.97|30109
11002|45.78|64.54|30110
11020|45.50|63.37|40585
11020|50.14|69.89|10584
11008|50.76|80.02|20435
11008|50.76|79.13|20436
11008|50.76|71.73|20437
11008|50.76|75.70|20438
11008|51.71|80.97|30435
11008|51.71|80.95|30436
11008|51.71|72.70|30437
11008|51.71|76.23|30438
11012|50.92|87.01|40510
11214|57.99|87.29|10596
11092|57.96|102.83|21003
11020|57.94|72.23|30592
11008|56.42|72.16|40455
11008|56.42|71.84|40456
11008|56.42|69.16|40457
11008|56.42|67.92|40458
