61.18
11010|5.15|32.31|10484
11010|5.15|31.41|10485
11005|5.22|25.15|20305
11005|5.22|24.96|20306
11005|5.22|25.15|20307
11005|5.22|25.27|20308
11005|5.22|25.62|20309
11005|5.22|24.97|20310
11005|5.22|24.29|20311
11002|5.78|33.74|30081
11002|6.03|34.05|30082
11002|6.08|34.03|30083
11002|6.28|34.03|30084
11002|5.78|35.63|30085
11002|6.78|35.12|30086
11002|7.38|35.79|30087
11002|5.84|24.77|40121
11002|6.19|25.08|40122
11002|6.54|25.75|40123
11002|6.89|26.07|40124
11002|7.24|26.42|40125
11002|7.59|26.81|40126
11002|7.94|27.13|40127
11007|11.05|40.54|10396
11007|11.05|37.18|10397
11007|11.05|48.07|10398
11007|11.05|45.20|10399
11007|11.05|37.19|10400
11008|11.64|27.20|20455
11008|11.64|26.82|20456
11008|11.64|24.47|20457
11008|11.64|23.12|20458
11009|11.30|35.35|30465
11009|11.30|39.79|30466
11009|11.30|33.06|30467
11007|11.46|37.90|40416
11007|11.46|35.21|40417
11007|11.46|41.90|40418
11007|11.46|39.87|40419
11007|11.46|38.71|40420
11008|18.20|33.78|10455
11008|18.20|33.75|10456
11008|18.20|31.07|10457
11008|18.20|29.59|10458
11007|17.93|38.21|20421
11007|17.93|37.62|20422
11007|17.93|37.04|20423
11007|17.93|36.43|20424
11007|17.93|36.58|20425
11003|18.75|44.72|30215
11003|18.75|44.96|30216
11003|18.75|45.59|30217
11003|18.75|44.86|30218
11003|18.75|45.04|30219
11003|18.75|45.33|30220
11002|18.80|32.89|40091
11002|18.80|32.87|40092
11002|18.80|32.38|40093
11002|18.80|32.86|40094
11002|18.80|32.88|40095
11002|18.20|34.19|40096
11002|18.20|33.89|40097
11007|22.79|48.49|10416
11007|22.79|46.46|10417
11007|22.79|51.98|10418
11007|22.79|51.26|10419
11007|22.79|50.18|10420
11013|23.28|55.88|20518
11009|23.26|45.89|30459
11009|23.26|48.10|30460
11009|23.26|48.98|30461
11010|22.81|61.18|40488
11010|22.81|55.90|40489
11005|29.41|49.32|10305
11005|29.41|49.25|10306
11005|29.41|49.40|10307
11005|29.41|49.53|10308
11005|29.41|49.87|10309
11005|29.41|49.13|10310
11005|29.41|48.60|10311
11001|29.93|51.17|20041
11001|29.93|51.05|20042
11001|29.93|50.77|20043
11001|29.93|51.29|20044
11001|29.93|51.92|20045
11001|29.93|51.38|20046
11001|29.93|50.91|20047
