114.61
11003|5.81|31.74|10215
11003|5.81|31.98|10216
11003|5.81|32.64|10217
11003|5.81|31.98|10218
11003|5.81|32.13|10219
11003|5.81|32.45|10220
11003|5.81|32.49|10221
11003|5.81|33.94|10222
11003|5.81|34.08|10223
11021|5.58|34.91|20594
11214|6.33|43.62|30602
11002|5.82|19.76|40151
11002|5.82|18.79|40152
11002|5.82|20.49|40153
11002|5.82|21.18|40154
11002|5.82|19.19|40155
11002|5.82|19.67|40156
11002|5.82|19.89|40157
11002|5.82|19.30|40158
11002|5.82|20.74|40159
11002|5.82|18.45|40160
11010|11.58|38.74|10484
11004|12.76|36.67|20249
11004|12.76|35.45|20250
11004|12.76|37.04|20251
11004|12.76|36.21|20252
11004|12.76|36.51|20253
11004|12.76|36.44|20254
11004|12.76|36.33|20255
11004|12.76|37.25|20256
11012|12.77|44.15|30504
11002|11.69|26.95|40131
11002|11.69|27.28|40132
11002|11.69|25.60|40133
11002|11.69|26.68|40134
11002|11.69|25.03|40135
11002|11.69|24.62|40136
11002|11.69|25.97|40137
11002|11.69|26.50|40138
11002|11.69|25.08|40139
11002|11.69|24.56|40140
11011|19.29|51.58|10503
11001|18.70|42.12|20071
11001|18.70|41.59|20072
11001|18.70|41.22|20073
11001|18.70|40.85|20074
11001|18.70|41.10|20075
11001|18.70|40.87|20076
11001|19.10|40.70|20077
11001|18.90|40.10|20078
11001|18.70|38.74|20079
11001|19.50|40.12|20080
11011|18.26|61.52|30502
11020|18.30|36.78|40587
11026|25.01|87.22|10647
11020|25.53|40.02|20591
11011|25.72|52.47|30501
11001|23.97|41.27|40001
11001|24.77|41.58|40002
11001|24.87|41.50|40003
11001|24.67|42.64|40004
11001|24.57|42.06|40005
11001|24.47|41.56|40006
11001|24.77|40.92|40007
11001|24.57|42.46|40008
11001|23.97|41.90|40009
11001|24.57|41.51|40010
11214|32.65|64.96|10601
11011|32.47|65.55|20498
11214|33.14|76.40|30600
11007|32.59|56.45|40401
11007|32.59|58.84|40402
11007|32.59|58.06|40403
11007|32.59|58.03|40404
11007|32.59|57.32|40405
11008|39.00|67.69|10435
11008|39.00|67.37|10436
11008|39.00|59.92|10437
11008|39.00|63.03|10438
11001|40.19|56.69|20061
11001|40.19|57.39|20062
11001|40.19|56.16|20063
11001|40.19|56.08|20064
11001|40.19|56.71|20065
11001|39.14|58.25|20066
11001|39.44|57.09|20067
11001|39.44|57.27|20068
11001|39.14|57.98|20069
11001|39.44|57.45|20070
11004|38.21|59.53|30297
11004|38.21|59.70|30298
11004|38.21|60.33|30299
11004|38.21|60.45|30300
11004|38.21|59.84|30301
11004|38.21|59.27|30302
11004|38.21|58.60|30303
11004|38.21|61.31|30304
11010|39.55|66.97|40484
11009|44.45|75.32|10468
11009|44.45|72.10|10469
11009|44.45|76.21|10470
11015|44.75|70.90|20537
11015|43.84|83.21|30540
11017|44.18|94.46|40562
11026|51.92|114.61|10648
11001|51.56|68.83|20001
11001|52.36|69.21|20002
11001|52.46|69.07|20003
11001|52.26|70.20|20004
11001|52.16|69.69|20005
11001|52.06|69.12|20006
11001|52.36|68.46|20007
11001|52.16|70.08|20008
11001|51.56|69.64|20009
11001|52.16|69.07|20010
11010|52.05|81.67|30482
11002|50.87|66.75|40141
11002|50.87|66.97|40142
11002|50.87|66.52|40143
11002|50.87|67.13|40144
11002|50.87|66.50|40145
11002|50.87|66.38|40146
11002|50.87|66.59|40147
11002|50.87|66.21|40148
11002|50.87|66.32|40149
11002|50.87|65.87|40150
11011|57.72|100.55|10500
11012|57.02|82.73|20511
11024|57.97|95.29|30624
11011|57.87|101.68|40500
