78.00
33074|0.00|38.75|50413
33074|2.00|40.75|50413
33074|4.00|42.75|50413
33074|6.00|44.75|50413
33074|8.00|46.75|50413
33074|10.00|48.75|50413
33074|12.00|50.75|50413
33074|14.00|52.75|50413
33074|16.00|54.75|50413
33074|18.00|56.75|50413
33074|20.00|58.75|50413
33074|22.00|60.75|50413
33074|24.00|62.75|50413
33074|26.00|64.75|50413
33074|28.00|66.75|50413
33074|30.00|68.75|50413
33074|32.00|70.75|50413
33074|34.00|72.75|50413
33074|36.00|74.75|50413
33074|38.00|76.75|50413
33074|1.00|40.00|50414
33074|3.00|42.00|50414
33074|5.00|44.00|50414
33074|7.00|46.00|50414
33074|9.00|48.00|50414
33074|11.00|50.00|50414
33074|13.00|52.00|50414
33074|15.00|54.00|50414
33074|17.00|56.00|50414
33074|19.00|58.00|50414
33074|21.00|60.00|50414
33074|23.00|62.00|50414
33074|25.00|64.00|50414
33074|27.00|66.00|50414
33074|29.00|68.00|50414
33074|31.00|70.00|50414
33074|33.00|72.00|50414
33074|35.00|74.00|50414
33074|37.00|76.00|50414
33074|39.00|78.00|50414
33075|0.00|34.56|50415
33075|5.00|39.56|50415
33076|10.00|44.56|50415
33075|15.00|49.56|50415
33075|20.00|54.56|50415
34077|25.00|59.56|50415
33075|30.00|64.56|50415
34077|1.00|35.40|50416
33075|6.00|40.40|50416
33075|11.00|45.40|50416
33075|16.00|50.40|50416
33076|21.00|55.40|50416
33075|26.00|60.40|50416
34077|31.00|65.40|50416
