87.02
11002|5.19|25.20|10101
11002|5.19|24.16|10102
11002|5.19|24.49|10103
11002|5.19|24.86|10104
11002|5.19|24.08|10105
11002|5.19|25.11|10106
11002|5.19|21.84|10107
11002|5.19|24.85|10108
11002|5.19|23.38|10109
11002|5.19|24.02|10110
11003|4.80|28.16|20179
11003|4.80|28.51|20180
11003|4.80|27.14|20181
11003|4.80|29.02|20182
11003|4.80|27.89|20183
11003|4.80|26.84|20184
11003|4.80|30.93|20185
11003|4.80|27.85|20186
11003|4.80|28.43|20187
11018|5.19|43.84|30573
11017|5.72|51.44|40558
11011|11.77|38.60|10501
11017|11.95|65.57|20563
11012|12.61|49.18|30512
11016|12.68|51.76|40552
11021|19.00|51.31|10601
11004|18.35|33.43|20281
11004|18.35|33.57|20282
11004|18.35|34.34|20283
11004|18.35|34.89|20284
11004|18.35|34.93|20285
11004|18.35|33.97|20286
11004|18.35|34.26|20287
11004|18.35|34.47|20288
11011|18.33|45.08|30501
11012|19.30|52.53|40505
11018|24.24|61.41|10565
11214|24.97|64.73|20599
11018|23.88|65.06|30572
11018|24.64|58.32|40570
11010|31.02|55.56|10490
11011|30.33|64.64|20499
11025|30.51|87.02|30642
11004|29.81|51.22|40297
11004|29.81|51.23|40298
11004|29.81|51.99|40299
11004|29.81|52.10|40300
11004|29.81|51.71|40301
11004|29.81|50.90|40302
11004|29.81|50.22|40303
11004|29.81|52.97|40304
11018|36.03|71.04|10571
11011|37.10|63.93|20501
11002|37.19|51.39|30151
11002|37.19|50.00|30152
11002|37.19|52.05|30153
11002|37.19|52.48|30154
11002|37.19|50.42|30155
11002|37.19|51.19|30156
11002|37.19|51.24|30157
11002|37.19|50.74|30158
11002|37.19|52.43|30159
11002|37.19|49.87|30160
11003|36.73|60.38|40179
11003|36.73|60.84|40180
11003|36.73|59.00|40181
11003|36.73|61.24|40182
11003|36.73|59.88|40183
11003|36.73|58.82|40184
11003|36.73|62.81|40185
11003|36.73|59.75|40186
11003|36.73|60.47|40187
11007|43.00|67.02|10401
11007|43.00|69.09|10402
11007|43.00|68.42|10403
11007|43.00|68.51|10404
11007|43.00|67.70|10405
11010|42.92|81.23|20488
11017|43.29|67.68|30557
11015|44.01|68.06|40534
11011|51.00|85.08|10499
11013|49.41|77.09|20516
11009|50.88|69.65|30462
11009|52.08|71.08|30463
11009|53.28|72.15|30464
11011|49.99|83.03|40498
11011|55.98|84.23|10495
11021|56.57|85.90|20594
11002|56.45|72.13|30141
11002|56.45|72.66|30142
11002|56.45|72.14|30143
11002|56.45|72.58|30144
11002|56.45|72.07|30145
11002|56.45|72.48|30146
11002|56.45|72.14|30147
11002|56.45|71.79|30148
11002|56.45|71.99|30149
11002|56.45|71.59|30150
11092|57.07|80.41|41091
