121.38
11017|6.26|41.96|10559
11025|4.85|61.36|20642
11004|4.80|26.07|30233
11004|4.80|25.57|30234
11004|4.80|25.87|30235
11004|4.80|25.55|30236
11004|4.80|25.88|30237
11004|4.80|25.76|30238
11004|4.80|26.09|30239
11004|4.80|26.15|30240
11027|6.10|43.18|40602
11085|13.47|36.81|11057
11085|12.97|35.84|11058
11085|12.97|36.31|11057
11085|12.97|35.65|11060
11085|12.97|35.29|11061
11085|13.47|36.15|11060
11085|13.47|36.34|11058
11090|13.29|32.69|21031
11001|12.84|28.95|30051
11001|12.84|26.19|30052
11001|12.84|25.17|30053
11001|12.84|26.42|30054
11001|12.84|26.35|30055
11001|12.84|25.95|30056
11001|12.84|25.64|30057
11001|12.84|24.96|30058
11001|12.84|27.02|30059
11001|12.84|27.00|30060
11003|12.43|36.08|40179
11003|12.43|36.54|40180
11003|12.43|34.70|40181
11003|12.43|36.94|40182
11003|12.43|35.58|40183
11003|12.43|34.52|40184
11003|12.43|38.51|40185
11003|12.43|35.45|40186
11003|12.43|36.17|40187
11015|20.37|52.81|10539
11092|20.38|62.56|21090
11007|19.90|40.07|30421
11007|19.90|39.58|30422
11007|19.90|38.98|30423
11007|19.90|38.52|30424
11007|19.90|38.40|30425
11024|19.12|61.48|40632
11016|26.57|60.42|10551
11024|26.20|57.60|20626
11005|27.62|48.95|30347
11005|27.62|50.20|30348
11005|27.62|49.03|30349
11005|27.62|48.34|30350
11005|27.62|49.93|30351
11005|27.62|50.59|30352
11005|27.62|50.01|30353
11025|26.78|90.36|40643
11092|34.27|76.45|11090
11027|33.19|71.81|20603
11214|32.59|62.37|30594
11013|33.14|71.02|40520
11008|40.17|59.63|10451
11008|40.17|58.77|10452
11008|40.17|58.22|10453
11008|40.17|58.96|10454
11015|40.27|66.42|20537
11001|39.18|57.38|30011
11001|39.08|57.34|30012
11001|39.18|56.98|30013
11001|39.18|57.40|30014
11001|39.18|57.17|30015
11001|39.18|57.60|30016
11001|39.68|56.39|30017
11001|39.98|56.41|30018
11001|39.68|56.47|30019
11001|39.68|56.35|30020
11013|39.19|79.94|40519
11027|44.71|73.78|10594
11025|44.75|90.92|20639
11090|45.91|62.11|31086
11006|45.78|71.55|40354
11006|45.78|71.01|40355
11006|45.78|71.71|40356
11006|45.78|70.54|40357
11006|45.78|71.73|40358
11006|45.78|71.36|40359
11025|51.97|87.88|10636
11026|50.13|112.82|20648
11001|52.20|70.40|30011
11001|52.10|70.36|30012
11001|52.20|70.00|30013
11001|52.20|70.42|30014
11001|52.20|70.19|30015
11001|52.20|70.62|30016
11001|52.70|69.41|30017
11001|53.00|69.43|30018
11001|52.70|69.49|30019
11001|52.70|69.37|30020
11004|50.87|72.14|40233
11004|50.87|71.64|40234
11004|50.87|71.94|40235
11004|50.87|71.66|40236
11004|50.87|71.97|40237
11004|50.87|71.85|40238
11004|50.87|72.19|40239
11004|50.87|72.23|40240
11012|58.09|108.61|10507
11025|57.80|121.38|20643
11090|56.99|90.20|31024
11001|58.37|73.70|40051
11001|58.37|71.78|40052
11001|58.37|70.75|40053
11001|58.37|71.92|40054
11001|58.37|71.87|40055
11001|58.37|71.29|40056
11001|58.37|71.10|40057
11001|58.37|70.47|40058
11001|58.37|72.47|40059
11001|58.37|72.51|40060
