105.52
11015|0.51|40.51|10540
11010|1.80|33.77|20480
11010|1.80|33.57|20481
14019|2.21|39.23|30732
11006|1.19|21.84|40384
11006|1.89|22.66|40385
11006|2.59|23.32|40386
11006|3.29|24.01|40387
11006|3.99|24.66|40388
11006|4.69|25.40|40389
11009|5.09|35.96|10468
11009|5.09|32.74|10469
11009|5.09|36.85|10470
11004|4.93|26.42|20297
11004|4.93|26.44|20298
11004|4.93|27.14|20299
11004|4.93|27.21|20300
11004|4.93|26.89|20301
11004|4.93|26.04|20302
11004|4.93|25.35|20303
11004|4.93|27.80|20304
11012|5.13|55.72|30507
11009|5.47|36.35|40468
11009|5.47|32.97|40469
11009|5.47|36.90|40470
11003|10.59|26.27|10188
11003|10.59|25.77|10189
11003|10.59|26.33|10190
11003|10.59|26.86|10191
11003|10.59|26.02|10192
11003|10.59|26.96|10193
11003|10.59|26.10|10194
11003|10.59|25.92|10195
11003|10.59|26.74|10196
11013|8.89|40.32|20517
11012|8.89|44.65|30510
11018|10.76|44.44|40570
11007|12.98|38.68|10416
11007|12.98|36.65|10417
11007|12.98|42.17|10418
11007|12.98|41.45|10419
11007|12.98|40.37|10420
11008|14.77|33.38|20447
11008|14.77|35.14|20448
11008|14.77|34.67|20449
11008|14.77|34.77|20450
11010|14.14|45.84|30480
11010|14.14|45.56|30481
11022|13.23|53.93|40606
11001|16.92|35.02|10011
11001|16.82|34.95|10012
11001|16.92|34.94|10013
11001|16.92|35.30|10014
11001|16.92|34.64|10015
11001|16.92|35.37|10016
11001|17.42|33.99|10017
11001|17.72|34.12|10018
11001|17.42|34.17|10019
11001|17.42|34.03|10020
11023|18.63|42.22|20616
11013|18.01|58.68|30519
11012|16.70|44.21|40509
11010|21.72|51.34|10482
11010|21.72|45.99|10483
11018|21.64|60.17|20573
11006|21.31|42.03|30384
11006|22.01|42.78|30385
11006|22.71|43.47|30386
11006|23.41|44.12|30387
11006|24.11|44.81|30388
11006|24.81|45.55|30389
11006|22.25|41.03|40372
11006|22.25|41.16|40373
11006|22.25|41.49|40374
11006|22.25|41.73|40375
11006|22.25|40.66|40376
11006|22.25|40.81|40377
11009|25.09|47.06|10471
11009|25.09|46.32|10472
11009|25.09|47.45|10473
11001|27.36|43.86|20061
11001|27.36|44.56|20062
11001|27.36|43.33|20063
11001|27.36|43.25|20064
11001|27.36|43.88|20065
11001|26.31|45.42|20066
11001|26.61|44.26|20067
11001|26.61|44.44|20068
11001|26.31|45.15|20069
11001|26.61|44.62|20070
11021|25.90|65.72|30599
11005|26.12|47.49|40347
11005|26.12|48.79|40348
11005|26.12|47.45|40349
11005|26.12|46.86|40350
11005|26.12|48.43|40351
11005|26.12|49.49|40352
11005|26.12|48.11|40353
11014|30.92|73.27|10529
11004|29.71|47.38|20257
11004|30.31|47.92|20258
11004|30.91|48.56|20259
11004|31.51|49.12|20260
11004|32.11|49.72|20261
11004|32.71|50.37|20262
11004|33.31|50.94|20263
11004|33.91|51.57|20264
11015|28.93|54.65|30536
11001|30.70|47.21|40061
11001|30.70|47.89|40062
11001|30.70|46.73|40063
11001|30.70|46.22|40064
11001|30.70|47.33|40065
11001|29.65|48.77|40066
11001|29.95|47.40|40067
11001|29.95|47.94|40068
11001|29.65|48.41|40069
11001|29.95|47.53|40070
11025|33.63|80.01|10639
11009|34.90|56.76|20471
11009|34.90|56.05|20472
11009|34.90|57.27|20473
11012|33.84|69.60|30510
11001|34.43|51.73|40001
11001|35.23|52.04|40002
11001|35.33|51.96|40003
11001|35.13|53.10|40004
11001|35.03|52.52|40005
11001|34.93|52.02|40006
11001|35.23|51.38|40007
11001|35.03|52.92|40008
11001|34.43|52.36|40009
11001|35.03|51.97|40010
11008|38.94|57.61|10447
11008|38.94|59.39|10448
11008|38.94|58.72|10449
11008|38.94|59.08|10450
11002|37.46|56.62|20121
11002|37.81|56.67|20122
11002|38.16|57.28|20123
11002|38.51|57.94|20124
11002|38.86|58.28|20125
11002|39.21|58.35|20126
11002|39.56|58.71|20127
11002|39.91|59.33|20128
11002|40.26|60.03|20129
11002|40.61|60.04|20130
11007|37.61|57.74|30406
11007|37.61|57.86|30407
11007|37.61|57.27|30408
11007|37.61|57.04|30409
11007|37.61|57.10|30410
11017|38.48|84.20|40558
11017|41.25|85.12|10560
11020|42.84|63.69|20592
11026|42.83|105.52|30648
11002|42.05|60.96|40111
11002|42.05|60.43|40112
11002|42.05|60.32|40113
11002|42.05|61.22|40114
11002|42.05|61.09|40115
11002|42.05|60.45|40116
11002|41.45|62.46|40117
11002|41.45|60.93|40118
11002|41.45|62.27|40119
11002|41.45|60.93|40120
11021|45.34|77.65|10601
11001|45.18|61.52|20031
11001|45.18|61.59|20032
11001|45.18|61.41|20033
11001|45.18|61.28|20034
11001|45.18|61.96|20035
11001|45.18|61.16|20036
11001|45.18|60.55|20037
11001|45.18|61.21|20038
11001|45.18|61.61|20039
11001|45.18|61.17|20040
11016|45.31|84.73|30552
11011|47.06|80.10|40498
11010|49.46|82.64|10492
11010|49.46|82.25|10493
14007|51.04|74.22|20657
11001|50.81|67.40|30061
11001|50.81|68.10|30062
11001|50.81|66.85|30063
11001|50.81|66.51|30064
11001|50.81|67.45|30065
11001|49.76|69.06|30066
11001|50.06|67.43|30067
11001|50.06|67.94|30068
11001|49.76|68.47|30069
11001|50.06|67.86|30070
11015|51.31|83.66|40539
11011|53.73|87.41|10498
11014|53.71|78.11|20525
11005|53.34|71.94|30333
11005|53.34|71.17|30334
11005|53.34|72.16|30335
11005|53.34|71.41|30336
11005|53.34|72.76|30337
11005|53.34|73.18|30338
11005|53.34|71.96|30339
11003|55.57|74.16|40161
11003|55.57|73.22|40162
11003|55.57|74.79|40163
11003|56.37|74.74|40164
11003|55.97|75.70|40165
11003|54.97|73.22|40166
11003|54.97|73.09|40167
11003|54.97|75.26|40168
11003|54.97|75.17|40169
11005|58.78|80.05|10347
11005|58.78|81.43|10348
11005|58.78|80.04|10349
11005|58.78|79.47|10350
11005|58.78|81.07|10351
11005|58.78|82.17|10352
11005|58.78|81.16|10353
11003|58.37|84.36|20215
11003|58.37|84.53|20216
11003|58.37|85.17|20217
11003|58.37|84.57|20218
11003|58.37|84.82|20219
11003|58.37|84.94|20220
11003|58.37|85.02|20221
11003|58.37|86.66|20222
11003|58.37|86.75|20223
11016|58.50|94.77|30550
11008|57.55|72.16|40443
11008|57.55|71.12|40444
11008|57.55|72.91|40445
11008|57.55|71.97|40446
