115.77
11001|1.28|17.59|10031
11001|1.28|17.66|10032
11001|1.28|17.53|10033
11001|1.28|17.37|10034
11001|1.28|17.97|10035
11001|1.28|17.21|10036
11001|1.28|16.65|10037
11001|1.28|17.23|10038
11001|1.28|17.65|10039
11001|1.28|17.06|10040
11003|1.06|27.05|20215
11003|1.06|27.22|20216
11003|1.06|27.86|20217
11003|1.06|27.26|20218
11003|1.06|27.51|20219
11003|1.06|27.63|20220
11003|1.06|27.71|20221
11003|1.06|29.35|20222
11003|1.06|29.44|20223
11005|1.02|16.26|30340
11005|1.02|16.41|30341
11005|1.02|16.69|30342
11005|1.02|16.47|30343
11005|1.02|16.35|30344
11005|1.02|16.41|30345
11005|1.02|16.79|30346
11005|0.82|20.84|40326
11005|0.82|19.63|40327
11005|0.82|21.86|40328
11005|0.82|21.68|40329
11005|0.82|23.89|40330
11005|0.82|22.50|40331
11005|0.82|19.94|40332
11004|6.27|27.41|10241
11004|6.27|27.17|10242
11004|6.27|26.48|10243
11004|6.27|26.69|10244
11004|6.27|27.73|10245
11004|6.27|28.27|10246
11004|6.27|29.14|10247
11004|6.27|29.24|10248
11002|6.25|25.41|20121
11002|6.60|25.46|20122
11002|6.95|26.07|20123
11002|7.30|26.73|20124
11002|7.65|27.07|20125
11002|8.00|27.14|20126
11002|8.35|27.50|20127
11002|8.70|28.12|20128
11002|9.05|28.82|20129
11002|9.40|28.83|20130
11018|4.62|39.15|30566
11002|4.71|20.59|40141
11002|4.71|20.81|40142
11002|4.71|20.36|40143
11002|4.71|20.97|40144
11002|4.71|20.34|40145
11002|4.71|20.22|40146
11002|4.71|20.43|40147
11002|4.71|20.05|40148
11002|4.71|20.16|40149
11002|4.71|19.71|40150
11001|9.84|25.64|10051
11001|9.84|23.40|10052
11001|9.84|22.18|10053
11001|9.84|23.60|10054
11001|9.84|23.54|10055
11001|9.84|22.78|10056
11001|9.84|22.67|10057
11001|9.84|22.05|10058
11001|9.84|23.98|10059
11001|9.84|24.05|10060
11013|9.00|40.43|20517
11014|9.44|37.29|30524
11003|9.68|35.67|40215
11003|9.68|35.88|40216
11003|9.68|36.53|40217
11003|9.68|35.80|40218
11003|9.68|36.03|40219
11003|9.68|36.29|40220
11003|9.68|36.30|40221
11003|9.68|38.02|40222
11003|9.68|38.09|40223
11005|13.16|34.43|10347
11005|13.16|35.81|10348
11005|13.16|34.42|10349
11005|13.16|33.85|10350
11005|13.16|35.45|10351
11005|13.16|36.55|10352
11005|13.16|35.54|10353
11001|14.05|30.55|20061
11001|14.05|31.25|20062
11001|14.05|30.02|20063
11001|14.05|29.94|20064
11001|14.05|30.57|20065
11001|13.00|32.11|20066
11001|13.30|30.95|20067
11001|13.30|31.13|20068
11001|13.00|31.84|20069
11001|13.30|31.31|20070
11012|13.10|48.22|30506
11008|13.03|27.64|40443
11008|13.03|26.60|40444
11008|13.03|28.39|40445
11008|13.03|27.45|40446
11001|18.38|34.69|10031
11001|18.38|34.76|10032
11001|18.38|34.63|10033
11001|18.38|34.47|10034
11001|18.38|35.07|10035
11001|18.38|34.31|10036
11001|18.38|33.75|10037
11001|18.38|34.33|10038
11001|18.38|34.75|10039
11001|18.38|34.16|10040
11003|17.03|41.32|20206
11003|17.03|41.44|20207
11003|17.03|41.15|20208
11003|17.03|41.29|20209
11003|17.03|41.20|20210
11003|18.53|40.89|20211
11003|18.53|40.82|20212
11003|18.53|41.51|20213
11003|18.53|40.87|20214
11014|18.36|50.57|30530
11022|17.31|58.01|40606
11024|22.57|59.89|10624
11001|22.04|39.31|20001
11001|22.84|39.69|20002
11001|22.94|39.55|20003
11001|22.74|40.68|20004
11001|22.64|40.17|20005
11001|22.54|39.60|20006
11001|22.84|38.94|20007
11001|22.64|40.56|20008
11001|22.04|40.12|20009
11001|22.64|39.55|20010
11005|21.10|36.34|30340
11005|21.10|36.49|30341
11005|21.10|36.77|30342
11005|21.10|36.55|30343
11005|21.10|36.43|30344
11005|21.10|36.49|30345
11005|21.10|36.87|30346
11002|22.76|41.69|40121
11002|23.11|42.00|40122
11002|23.46|42.67|40123
11002|23.81|42.99|40124
11002|24.16|43.34|40125
11002|24.51|43.73|40126
11002|24.86|44.05|40127
11002|25.21|44.43|40128
11002|25.56|45.08|40129
11002|25.91|45.35|40130
14007|26.49|51.14|10661
11015|25.57|65.21|20542
11011|26.53|60.94|30499
14011|25.31|56.64|40677
11003|30.74|54.09|10179
11003|30.74|54.54|10180
11003|30.74|53.10|10181
11003|30.74|55.05|10182
11003|30.74|53.93|10183
11003|30.74|53.15|10184
11003|30.74|57.27|10185
11003|30.74|53.80|10186
11003|30.74|54.49|10187
11001|30.74|48.72|20011
11001|30.64|48.79|20012
11001|30.74|48.42|20013
11001|30.74|49.11|20014
11001|30.74|48.48|20015
11001|30.74|49.02|20016
11001|31.24|47.79|20017
11001|31.54|48.05|20018
11001|31.24|48.08|20019
11001|31.24|48.00|20020
11015|29.08|53.44|30534
11011|30.25|67.02|40496
11006|33.61|59.45|10354
11006|33.61|58.73|10355
11006|33.61|59.29|10356
11006|33.61|58.46|10357
11006|33.61|59.81|10358
11006|33.61|59.37|10359
11003|34.12|56.01|20197
11003|34.12|56.28|20198
11003|34.12|55.63|20199
11003|34.12|56.34|20200
11003|34.12|56.14|20201
11003|34.12|55.04|20202
11003|34.12|55.45|20203
11003|34.12|55.12|20204
11003|34.12|54.94|20205
11011|33.14|66.29|30498
11010|34.22|65.84|40480
11010|34.22|65.78|40481
11017|36.94|87.49|10562
11006|38.35|56.80|20366
11006|38.35|56.57|20367
11006|38.35|56.76|20368
11006|38.35|56.96|20369
11006|38.35|56.79|20370
11006|38.35|56.44|20371
14013|37.25|60.94|30685
11009|39.00|55.03|40474
11009|39.00|53.48|40475
11009|39.00|56.69|40476
11005|41.20|59.11|10312
11005|41.20|59.87|10313
11005|41.20|59.66|10314
11005|41.20|65.19|10315
11005|41.20|62.05|10316
11005|41.20|59.35|10317
11005|41.20|59.17|10318
11008|42.63|57.30|20443
11008|42.63|56.67|20444
11008|42.63|58.11|20445
11008|42.63|57.05|20446
11018|42.77|79.79|30565
11011|42.34|79.11|40496
11002|47.41|61.44|10091
11002|47.41|61.55|10092
11002|47.41|61.09|10093
11002|47.41|61.26|10094
11002|47.41|61.39|10095
11002|46.81|62.67|10096
11002|46.81|62.45|10097
11002|46.81|62.61|10098
11002|47.21|62.49|10099
11002|46.81|62.09|10100
11015|45.89|94.86|20541
11005|46.84|60.78|30319
11005|47.49|61.31|30320
11005|48.14|61.93|30321
11005|48.79|62.72|30322
11005|49.44|63.14|30323
11005|50.09|63.91|30324
11005|50.74|64.55|30325
11025|46.58|97.74|40640
11005|50.51|71.78|10347
11005|50.51|73.16|10348
11005|50.51|71.77|10349
11005|50.51|71.20|10350
11005|50.51|72.80|10351
11005|50.51|73.90|10352
11005|50.51|72.89|10353
11021|50.11|88.73|20603
11010|50.05|77.42|30484
11010|50.05|76.58|30485
11011|50.17|82.42|40503
11007|54.14|74.23|10406
11007|54.14|74.39|10407
11007|54.14|73.88|10408
11007|54.14|73.52|10409
11007|54.14|73.56|10410
11026|53.08|115.77|20648
11004|53.38|71.05|30257
11004|53.98|71.53|30258
11004|54.58|72.20|30259
11004|55.18|72.87|30260
11004|55.78|73.39|30261
11004|56.38|74.00|30262
11004|56.98|74.59|30263
11004|57.58|75.15|30264
11007|53.27|79.71|40416
11007|53.27|77.02|40417
11007|53.27|83.71|40418
11007|53.27|81.68|40419
11007|53.27|80.52|40420
11025|57.30|113.81|10642
11002|58.10|72.08|20151
11002|58.10|70.95|20152
11002|58.10|72.76|20153
11002|58.10|73.43|20154
11002|58.10|71.35|20155
11002|58.10|72.06|20156
11002|58.10|72.02|20157
11002|58.10|71.75|20158
11002|58.10|72.93|20159
11002|58.10|70.74|20160
11009|57.50|79.37|30471
11009|57.50|78.62|30472
11009|57.50|79.63|30473
11010|58.83|92.06|40492
11010|58.83|91.48|40493
