96.92
11015|2.44|26.78|10534
11005|1.81|17.18|20340
11005|1.81|17.03|20341
11005|1.81|17.34|20342
11005|1.81|17.28|20343
11005|1.81|16.90|20344
11005|1.81|17.20|20345
11005|1.81|17.59|20346
11002|1.61|20.54|30111
11002|1.61|20.14|30112
11002|1.61|19.86|30113
11002|1.61|20.41|30114
11002|1.61|20.68|30115
11002|1.61|20.03|30116
11002|1.01|22.00|30117
11002|1.01|20.48|30118
11002|1.01|22.50|30119
11002|1.01|21.02|30120
11017|2.59|52.87|40562
11003|5.37|28.72|10179
11003|5.37|29.17|10180
11003|5.37|27.73|10181
11003|5.37|29.68|10182
11003|5.37|28.56|10183
11003|5.37|27.78|10184
11003|5.37|31.90|10185
11003|5.37|28.43|10186
11003|5.37|29.12|10187
11010|6.32|33.58|20484
11010|6.32|32.90|20485
11015|5.50|44.30|30542
11013|5.07|35.87|40515
11008|9.20|24.78|10455
11008|9.20|24.75|10456
11008|9.20|22.07|10457
11008|9.20|20.59|10458
11017|10.47|34.73|20557
11009|8.73|40.07|30477
11009|8.73|40.13|30478
11009|8.73|39.85|30479
11005|10.75|30.77|40326
11005|10.75|29.56|40327
11005|10.75|31.79|40328
11005|10.75|31.61|40329
11005|10.75|33.82|40330
11005|10.75|32.43|40331
11005|10.75|29.87|40332
11006|14.22|34.47|10360
11006|14.22|34.20|10361
11006|14.22|34.90|10362
11006|14.22|34.01|10363
11006|14.22|33.37|10364
11006|14.22|33.29|10365
11008|14.57|30.13|20455
11008|14.57|29.75|20456
11008|14.57|27.40|20457
11008|14.57|26.05|20458
11004|14.17|35.44|30233
11004|14.17|34.94|30234
11004|14.17|35.24|30235
11004|14.17|34.92|30236
11004|14.17|35.25|30237
11004|14.17|35.13|30238
11004|14.17|35.46|30239
11004|14.17|35.52|30240
11018|13.99|52.45|40573
11007|18.87|38.96|10406
11007|18.87|39.12|10407
11007|18.87|38.61|10408
11007|18.87|38.25|10409
11007|18.87|38.29|10410
11001|19.57|36.07|20061
11001|19.57|36.77|20062
11001|19.57|35.54|20063
11001|19.57|35.46|20064
11001|19.57|36.09|20065
11001|18.52|37.63|20066
11001|18.82|36.47|20067
11001|18.82|36.65|20068
11001|18.52|37.36|20069
11001|18.82|36.83|20070
11017|18.77|66.87|30561
11001|17.88|33.21|40051
11001|17.88|31.29|40052
11001|17.88|30.26|40053
11001|17.88|31.43|40054
11001|17.88|31.38|40055
11001|17.88|30.80|40056
11001|17.88|30.61|40057
11001|17.88|29.98|40058
11001|17.88|31.98|40059
11001|17.88|32.02|40060
11023|21.39|45.03|10616
11007|20.87|40.81|20411
11007|20.87|40.70|20412
11007|20.87|40.02|20413
11007|20.87|41.35|20414
11007|20.87|37.61|20415
11001|23.46|40.05|30061
11001|23.46|40.75|30062
11001|23.46|39.50|30063
11001|23.46|39.16|30064
11001|23.46|40.10|30065
11001|22.41|41.71|30066
11001|22.71|40.08|30067
11001|22.71|40.59|30068
11001|22.41|41.12|30069
11001|22.71|40.51|30070
11011|22.19|58.96|40496
11004|25.56|45.03|10289
11004|25.56|46.24|10290
11004|25.56|43.52|10291
11004|25.56|41.79|10292
11004|25.56|44.74|10293
11004|25.56|44.85|10294
11004|25.56|42.99|10295
11004|25.56|44.84|10296
11015|25.45|55.29|20535
11004|25.83|46.20|30241
11004|25.83|46.39|30242
11004|25.83|45.71|30243
11004|25.83|45.88|30244
11004|25.83|46.45|30245
11004|25.83|46.86|30246
11004|25.83|47.40|30247
11004|25.83|48.36|30248
11015|25.23|74.26|40541
11017|29.13|60.77|10554
11006|29.59|48.04|20366
11006|29.59|47.81|20367
11006|29.59|48.00|20368
11006|29.59|48.20|20369
11006|29.59|48.03|20370
11006|29.59|47.68|20371
11007|29.50|49.63|30406
11007|29.50|49.75|30407
11007|29.50|49.16|30408
11007|29.50|48.93|30409
11007|29.50|48.99|30410
11005|30.12|50.05|40305
11005|30.12|49.85|40306
11005|30.12|49.94|40307
11005|30.12|50.12|40308
11005|30.12|50.49|40309
11005|30.12|49.91|40310
11005|30.12|49.25|40311
11023|34.39|68.47|10622
11001|33.52|50.31|20021
11001|33.94|50.87|20022
11001|34.36|51.23|20023
11001|34.78|51.65|20024
11001|35.20|52.12|20025
11001|35.62|52.55|20026
11001|36.04|52.93|20027
11001|36.46|53.34|20028
11001|36.88|53.87|20029
11001|37.30|54.12|20030
11002|34.58|53.51|30111
11002|34.58|53.11|30112
11002|34.58|52.83|30113
11002|34.58|53.38|30114
11002|34.58|53.65|30115
11002|34.58|53.00|30116
11002|33.98|54.97|30117
11002|33.98|53.45|30118
11002|33.98|55.47|30119
11002|33.98|53.99|30120
11009|33.36|56.07|40459
11009|33.36|58.19|40460
11009|33.36|59.06|40461
11011|38.92|81.75|10500
11012|38.78|89.44|20507
11006|38.91|59.27|30360
11006|38.91|58.97|30361
11006|38.91|59.26|30362
11006|38.91|58.78|30363
11006|38.91|58.00|30364
11006|38.91|57.87|30365
14016|38.16|72.40|40711
11008|41.16|60.13|10439
11008|41.16|59.97|10440
11008|41.16|59.78|10441
11008|41.16|60.36|10442
11008|42.19|60.80|20447
11008|42.19|62.56|20448
11008|42.19|62.09|20449
11008|42.19|62.19|20450
11004|42.80|57.91|30273
11004|42.80|58.20|30274
11004|42.80|58.63|30275
11004|42.80|58.38|30276
11004|42.80|58.50|30277
11004|42.80|59.05|30278
11004|42.80|58.75|30279
11004|42.80|59.06|30280
11008|41.48|71.04|40435
11008|41.48|70.67|40436
11008|41.48|62.45|40437
11008|41.48|66.49|40438
11003|46.29|68.01|10197
11003|46.29|68.40|10198
11003|46.29|67.76|10199
11003|46.29|68.50|10200
11003|46.29|68.29|10201
11003|46.29|67.29|10202
11003|46.29|67.61|10203
11003|46.29|67.30|10204
11003|46.29|67.09|10205
11006|46.21|66.97|20384
11006|46.91|67.69|20385
11006|47.61|68.32|20386
11006|48.31|69.04|20387
11006|49.01|69.72|20388
11006|49.71|70.50|20389
11009|46.34|62.34|30474
11009|46.34|60.85|30475
11009|46.34|64.09|30476
11017|46.81|94.92|40561
11001|50.51|66.31|10051
11001|50.51|64.07|10052
11001|50.51|62.85|10053
11001|50.51|64.27|10054
11001|50.51|64.21|10055
11001|50.51|63.45|10056
11001|50.51|63.34|10057
11001|50.51|62.72|10058
11001|50.51|64.65|10059
11001|50.51|64.72|10060
11007|50.47|74.57|20401
11007|50.47|76.55|20402
11007|50.47|75.95|20403
11007|50.47|75.93|20404
11007|50.47|75.18|20405
11002|49.93|65.52|30131
11002|49.93|65.20|30132
11002|49.93|63.98|30133
11002|49.93|64.98|30134
11002|49.93|63.28|30135
11002|49.93|62.97|30136
11002|49.93|64.05|30137
11002|49.93|64.36|30138
11002|49.93|63.32|30139
11002|49.93|62.40|30140
11001|50.46|73.67|40071
11001|50.46|73.36|40072
11001|50.46|73.19|40073
11001|50.46|72.66|40074
11001|50.46|73.12|40075
11001|50.46|72.85|40076
11001|50.86|72.46|40077
11001|50.66|71.38|40078
11001|50.46|70.18|40079
11001|51.26|71.61|40080
11011|54.09|96.92|10500
11004|54.82|72.49|20257
11004|55.42|73.03|20258
11004|56.02|73.67|20259
11004|56.62|74.23|20260
11004|57.22|74.83|20261
11004|57.82|75.48|20262
11004|58.42|76.05|20263
11004|59.02|76.68|20264
11006|53.29|74.01|30384
11006|53.99|74.76|30385
11006|54.69|75.45|30386
11006|55.39|76.10|30387
11006|56.09|76.79|30388
11006|56.79|77.53|30389
11006|53.59|79.36|40354
11006|53.59|78.82|40355
11006|53.59|79.52|40356
11006|53.59|78.35|40357
11006|53.59|79.54|40358
11006|53.59|79.17|40359
