123.78
11025|4.78|77.92|10635
11024|5.35|41.74|20625
11002|6.03|24.96|30111
11002|6.03|24.56|30112
11002|6.03|24.28|30113
11002|6.03|24.83|30114
11002|6.03|25.10|30115
11002|6.03|24.45|30116
11002|5.43|26.42|30117
11002|5.43|24.90|30118
11002|5.43|26.92|30119
11002|5.43|25.44|30120
11025|5.59|69.17|40643
11001|13.27|30.39|10021
11001|13.69|30.61|10022
11001|14.11|31.09|10023
11001|14.53|31.45|10024
11001|14.95|31.84|10025
11001|15.37|32.29|10026
11001|15.79|32.73|10027
11001|16.21|33.17|10028
11001|16.63|33.53|10029
11001|17.05|34.16|10030
11016|13.31|53.57|20552
11015|13.48|39.20|30536
11024|13.18|59.52|40628
11016|20.18|49.64|10548
11006|21.15|41.53|20390
11006|21.15|40.94|20391
11006|21.15|42.00|20392
11006|21.15|41.55|20393
11006|21.15|40.68|20394
11006|21.15|40.97|20395
11027|20.83|60.65|30599
11025|20.35|56.24|40636
11001|27.13|45.23|10011
11001|27.03|45.16|10012
11001|27.13|45.15|10013
11001|27.13|45.51|10014
11001|27.13|44.85|10015
11001|27.13|45.58|10016
11001|27.63|44.20|10017
11001|27.93|44.33|10018
11001|27.63|44.38|10019
11001|27.63|44.24|10020
11027|27.50|71.06|20600
11010|27.56|59.26|30480
11025|27.20|93.56|40637
11090|32.56|48.83|11087
11021|33.60|72.22|20603
11026|33.19|80.99|30650
11026|33.65|73.51|40646
11092|39.41|77.15|11001
11005|38.28|59.59|20347
11005|38.28|60.87|20348
11005|38.28|59.56|20349
11005|38.28|58.97|20350
11005|38.28|60.53|20351
11005|38.28|61.48|20352
11005|38.28|60.65|20353
11005|39.45|59.46|30326
11005|39.45|58.17|30327
11005|39.45|60.05|30328
11005|39.45|60.55|30329
11005|39.45|62.47|30330
11005|39.45|61.27|30331
11005|39.45|58.98|30332
11085|39.40|58.21|41052
11085|39.10|57.92|41053
11085|39.60|57.10|41054
11085|39.10|60.74|41055
11085|39.60|58.04|41056
11085|39.90|58.71|41052
11085|40.10|58.54|41056
11085|40.10|57.60|41054
11025|44.66|100.91|10638
11015|45.60|75.55|20543
11092|45.52|123.78|31088
11026|45.19|107.40|40647
11021|51.71|88.64|10602
11025|52.40|102.92|20641
11016|52.77|92.19|30552
11003|52.31|74.13|40197
11003|52.31|74.51|40198
11003|52.31|73.93|40199
11003|52.31|74.51|40200
11003|52.31|74.35|40201
11003|52.31|73.38|40202
11003|52.31|73.66|40203
11003|52.31|73.42|40204
11003|52.31|73.34|40205
11027|58.13|87.20|10594
11024|57.56|104.50|20628
