51.45
11007|5.20|30.90|10416
11007|5.20|28.87|10417
11007|5.20|34.39|10418
11007|5.20|33.67|10419
11001|5.22|21.92|30021
11001|5.64|22.54|30022
11001|6.06|22.98|30023
11001|6.48|23.45|30024
11001|6.90|23.75|30025
11001|7.32|24.28|30026
11001|7.74|24.66|30027
11001|5.08|20.41|40051
11001|5.08|18.49|40052
11001|5.08|17.46|40053
11001|5.08|18.63|40054
11001|5.08|18.58|40055
11001|5.08|18.00|40056
11001|5.08|17.81|40057
11001|10.87|34.11|10071
11001|10.87|33.83|10072
11001|10.87|33.39|10073
11001|10.87|33.24|10074
11001|10.87|33.35|10075
11001|10.87|33.06|10076
11001|11.27|33.04|10077
11001|11.07|32.54|10078
11001|10.87|30.95|10079
11001|11.67|32.32|10080
11001|11.26|28.53|20001
11001|12.06|28.91|20002
11001|12.16|28.77|20003
11001|11.96|29.90|20004
11001|11.86|29.39|20005
11001|11.76|28.82|20006
11001|12.06|28.16|20007
11001|11.86|29.78|20008
11001|11.26|29.34|20009
11001|11.86|28.77|20010
11001|10.65|27.96|30001
11001|11.45|28.27|30002
11001|11.55|28.08|30003
11001|11.35|29.34|30004
11007|10.67|40.81|40396
11007|10.67|36.93|40397
11007|10.67|48.38|40398
11007|10.67|43.73|40399
11001|17.92|39.89|10050
11001|17.84|35.11|20001
11001|18.64|35.49|20002
11001|18.74|35.35|20003
11001|18.54|36.48|20004
11001|18.44|35.97|20005
11001|18.34|35.40|20006
11001|18.64|34.74|20007
11001|24.90|41.21|10031
11001|24.90|41.28|10032
11001|24.90|41.15|10033
11001|24.90|40.99|10034
11001|24.90|41.59|10035
11001|24.90|40.83|10036
11001|24.90|40.27|10037
11007|24.50|44.78|20421
11007|24.50|44.19|20422
11007|24.50|43.61|20423
11007|24.50|43.00|20424
11007|25.20|49.06|40401
11007|25.20|51.45|40402
11007|25.20|50.67|40403
11007|25.20|50.64|40404
