66.14
33074|0.00|27.11|50429
33074|2.00|29.11|50429
33074|4.00|31.11|50429
33074|6.00|33.11|50429
33074|8.00|35.11|50429
33074|10.00|37.11|50429
33074|12.00|39.11|50429
33074|14.00|41.11|50429
33074|16.00|43.11|50429
33074|18.00|45.11|50429
33074|20.00|47.11|50429
33074|22.00|49.11|50429
33074|24.00|51.11|50429
33074|26.00|53.11|50429
33074|28.00|55.11|50429
33074|30.00|57.11|50429
33074|32.00|59.11|50429
33074|34.00|61.11|50429
33074|36.00|63.11|50429
33074|38.00|65.11|50429
33074|1.00|28.14|50430
33074|3.00|30.14|50430
33074|5.00|32.14|50430
33074|7.00|34.14|50430
33074|9.00|36.14|50430
33074|11.00|38.14|50430
33074|13.00|40.14|50430
33074|15.00|42.14|50430
33074|17.00|44.14|50430
33074|19.00|46.14|50430
33074|21.00|48.14|50430
33074|23.00|50.14|50430
33074|25.00|52.14|50430
33074|27.00|54.14|50430
33074|29.00|56.14|50430
33074|31.00|58.14|50430
33074|33.00|60.14|50430
33074|35.00|62.14|50430
33074|37.00|64.14|50430
33074|39.00|66.14|50430
33076|0.50|31.59|50431
33075|3.50|34.59|50431
33075|6.50|37.59|50431
33076|9.50|40.59|50431
34077|12.50|43.59|50431
33075|15.50|46.59|50431
33075|18.50|49.59|50431
33076|21.50|52.59|50431
34077|24.50|55.59|50431
33075|1.50|32.56|50432
34077|4.50|35.56|50432
33076|7.50|38.56|50432
33075|10.50|41.56|50432
33075|13.50|44.56|50432
33075|16.50|47.56|50432
33075|19.50|50.56|50432
34077|22.50|53.56|50432
33076|25.50|56.56|50432
