111.05
11003|6.90|23.39|10224
11003|6.90|25.26|10225
11003|7.30|24.87|10226
11003|7.90|24.58|10227
11003|8.00|23.59|10228
11003|8.90|23.88|10229
11003|4.90|24.94|10230
11003|7.70|23.12|10231
11003|6.90|23.26|10232
11010|6.44|38.41|20480
11008|4.90|20.44|30455
11008|4.90|20.22|30456
11008|4.90|17.77|30457
11008|4.90|16.41|30458
11015|4.74|33.83|40538
11017|11.79|55.66|10560
11013|11.82|44.42|20518
11090|12.12|31.55|31031
11008|11.05|30.54|40451
11008|11.05|29.68|40452
11008|11.05|29.14|40453
11008|11.05|29.76|40454
11214|18.16|47.46|10596
11016|18.84|53.98|20553
11009|17.98|33.98|30474
11009|17.98|32.49|30475
11009|17.98|35.73|30476
11003|19.11|40.93|40197
11003|19.11|41.31|40198
11003|19.11|40.73|40199
11003|19.11|41.31|40200
11003|19.11|41.15|40201
11003|19.11|40.18|40202
11003|19.11|40.46|40203
11003|19.11|40.22|40204
11003|19.11|40.14|40205
11010|25.26|49.80|10490
11002|25.37|39.67|20091
11002|25.37|39.52|20092
11002|25.37|38.95|20093
11002|25.37|39.48|20094
11002|25.37|39.51|20095
11002|24.77|40.66|20096
11002|24.77|40.54|20097
11002|24.77|40.46|20098
11002|25.17|40.46|20099
11002|24.77|40.09|20100
11025|25.76|92.12|30637
11011|24.69|52.71|40495
11018|31.51|65.71|10570
11002|31.89|51.05|20121
11002|32.24|51.10|20122
11002|32.59|51.71|20123
11002|32.94|52.37|20124
11002|33.29|52.71|20125
11002|33.64|52.78|20126
11002|33.99|53.14|20127
11002|34.34|53.76|20128
11002|34.69|54.46|20129
11002|35.04|54.47|20130
11008|30.96|50.47|30451
11008|30.96|49.70|30452
11008|30.96|49.06|30453
11008|30.96|49.73|30454
11001|32.19|48.52|40031
11001|32.19|48.61|40032
11001|32.19|48.41|40033
11001|32.19|48.40|40034
11001|32.19|49.08|40035
11001|32.19|48.11|40036
11001|32.19|47.56|40037
11001|32.19|48.20|40038
11001|32.19|48.58|40039
11001|32.19|48.08|40040
11015|37.79|67.19|10538
11020|38.68|58.91|20590
11002|39.31|58.24|30111
11002|39.31|57.84|30112
11002|39.31|57.56|30113
11002|39.31|58.11|30114
11002|39.31|58.38|30115
11002|39.31|57.73|30116
11002|38.71|59.70|30117
11002|38.71|58.18|30118
11002|38.71|60.20|30119
11002|38.71|58.72|30120
11009|38.35|69.47|40477
11009|38.35|69.50|40478
11009|38.35|69.24|40479
11025|44.69|111.05|10637
11017|45.21|95.80|20562
11003|45.50|71.47|30215
11003|45.50|71.71|30216
11003|45.50|72.34|30217
11003|45.50|71.61|30218
11003|45.50|71.79|30219
11003|45.50|72.08|30220
11003|45.50|72.07|30221
11003|45.50|73.80|30222
11003|45.50|73.91|30223
11090|46.41|65.69|41085
11004|51.28|69.06|10257
11004|51.88|69.51|10258
11004|52.48|70.08|10259
11004|53.08|70.67|10260
11004|53.68|71.33|10261
11004|54.28|71.93|10262
11004|54.88|72.52|10263
11004|55.48|73.12|10264
11020|51.20|71.44|20586
11008|51.21|70.72|30451
11008|51.21|69.95|30452
11008|51.21|69.31|30453
11008|51.21|69.98|30454
11003|50.45|72.27|40197
11003|50.45|72.65|40198
11003|50.45|72.07|40199
11003|50.45|72.65|40200
11003|50.45|72.49|40201
11003|50.45|71.52|40202
11003|50.45|71.80|40203
11003|50.45|71.56|40204
11003|50.45|71.48|40205
11002|56.88|85.40|10081
11002|57.13|85.23|10082
11002|57.18|85.48|10083
11002|57.38|85.19|10084
11002|56.88|86.79|10085
11002|57.88|86.26|10086
11002|58.48|86.54|10087
11002|58.48|87.05|10088
11002|58.48|86.57|10089
11002|58.48|85.55|10090
11092|56.44|94.06|21001
11214|58.11|101.37|30600
11016|56.55|87.02|40549
