101.98
11004|5.21|20.33|10273
11004|5.21|20.59|10274
11004|5.21|21.09|10275
11004|5.21|20.79|10276
11004|5.21|20.93|10277
11004|5.21|21.46|10278
11004|5.21|21.13|10279
11004|5.21|21.43|10280
11016|6.43|39.38|20546
11008|4.74|24.25|30451
11008|4.74|23.48|30452
11008|4.74|22.84|30453
11008|4.74|23.51|30454
11008|4.74|34.30|40435
11008|4.74|33.93|40436
11008|4.74|25.71|40437
11008|4.74|29.75|40438
11002|12.36|26.39|10091
11002|12.36|26.50|10092
11002|12.36|26.04|10093
11002|12.36|26.21|10094
11002|12.36|26.34|10095
11002|11.76|27.62|10096
11002|11.76|27.40|10097
11002|11.76|27.56|10098
11002|12.16|27.44|10099
11002|11.76|27.04|10100
11010|11.47|44.63|20492
11016|12.08|42.36|30545
11025|11.62|44.73|40634
11090|18.73|35.00|11087
11015|18.24|48.08|20535
11009|19.07|37.84|30462
11009|20.27|39.27|30463
11009|21.47|40.34|30464
11015|17.85|66.88|40541
11018|25.35|59.88|10566
11018|24.34|68.63|20564
11004|25.08|40.19|30273
11004|25.08|40.48|30274
11004|25.08|40.91|30275
11004|25.08|40.66|30276
11004|25.08|40.78|30277
11004|25.08|41.33|30278
11004|25.08|41.03|30279
11004|25.08|41.34|30280
11017|25.59|73.70|40561
11012|30.08|65.27|10506
11012|30.55|58.29|20509
11004|31.14|50.67|30289
11004|31.14|51.96|30290
11004|31.14|49.02|30291
11004|31.14|47.31|30292
11004|31.14|50.32|30293
11004|31.14|50.46|30294
11004|31.14|48.52|30295
11004|31.14|50.35|30296
11025|30.25|96.61|40637
11025|36.12|92.37|10638
11008|36.19|55.81|20451
11008|36.19|54.83|20452
11008|36.19|54.30|20453
11008|36.19|54.97|20454
11017|36.67|72.91|30559
11020|35.73|49.24|40592
11013|43.86|71.40|10516
11003|46.64|62.76|20224
11003|46.64|65.18|20225
11003|47.04|64.58|20226
11003|47.64|64.23|20227
11003|47.74|63.46|20228
11003|48.64|63.67|20229
11003|44.64|64.45|20230
11003|47.44|62.88|20231
11003|46.64|62.81|20232
11002|44.27|59.86|30131
11002|44.27|59.54|30132
11002|44.27|58.32|30133
11002|44.27|59.32|30134
11002|44.27|57.62|30135
11002|44.27|57.31|30136
11002|44.27|58.39|30137
11002|44.27|58.70|30138
11002|44.27|57.66|30139
11002|44.27|56.74|30140
11008|44.53|60.27|40455
11008|44.53|59.95|40456
11008|44.53|57.27|40457
11008|44.53|56.03|40458
11008|50.94|65.55|10443
11008|50.94|64.50|10444
11008|50.94|66.37|10445
11008|50.94|65.34|10446
11012|51.43|86.51|20508
11010|51.54|84.84|30492
11011|51.62|77.01|40497
11011|58.86|101.98|10502
11011|58.07|86.35|20495
11018|59.01|91.70|30568
11004|58.27|73.41|40281
11004|58.27|73.71|40282
11004|58.27|74.01|40283
11004|58.27|74.90|40284
11004|58.27|75.03|40285
11004|58.27|73.90|40286
11004|58.27|74.21|40287
11004|58.27|74.10|40288
