99.58
11021|7.41|47.12|10599
11090|5.70|24.98|21085
11001|7.54|30.91|30071
11001|7.54|30.28|30072
11001|7.54|30.35|30073
11001|7.54|29.66|30074
11001|7.54|30.26|30075
11001|7.54|29.89|30076
11001|7.94|29.63|30077
11001|7.74|28.66|30078
11001|7.54|27.60|30079
11001|8.34|28.84|30080
11090|7.41|40.64|41024
11017|13.48|61.55|10561
11003|13.60|35.49|20197
11003|13.60|35.76|20198
11003|13.60|35.11|20199
11003|13.60|35.82|20200
11003|13.60|35.62|20201
11003|13.60|34.52|20202
11003|13.60|34.93|20203
11003|13.60|34.60|20204
11003|13.60|34.42|20205
11003|13.80|37.11|30170
11003|13.80|36.15|30171
11003|13.80|35.26|30172
11003|14.60|35.26|30173
11003|14.60|37.64|30174
11003|14.60|38.95|30175
11003|14.60|40.89|30176
11003|13.80|39.44|30177
11003|14.90|39.47|30178
11008|14.11|43.67|40435
11008|14.11|43.30|40436
11008|14.11|35.08|40437
11008|14.11|39.12|40438
11092|20.86|44.15|11091
11001|20.85|37.64|20021
11001|21.27|38.20|20022
11001|21.69|38.56|20023
11001|22.11|38.98|20024
11001|22.53|39.45|20025
11001|22.95|39.88|20026
11001|23.37|40.26|20027
11001|23.79|40.67|20028
11001|24.21|41.20|20029
11001|24.63|41.45|20030
11009|20.07|38.84|30462
11009|21.27|40.27|30463
11009|22.47|41.34|30464
11015|19.87|58.99|40542
11015|27.84|52.18|10534
11010|27.83|59.80|20480
11012|27.68|59.06|30504
11012|27.46|78.07|40507
11003|36.51|52.19|10188
11003|36.51|51.69|10189
11003|36.51|52.25|10190
11003|36.51|52.78|10191
11003|36.51|51.94|10192
11003|36.51|52.88|10193
11003|36.51|52.02|10194
11003|36.51|51.84|10195
11003|36.51|52.66|10196
11001|35.94|57.18|20041
11001|35.94|57.06|20042
11001|35.94|56.78|20043
11001|35.94|57.30|20044
11001|35.94|57.93|20045
11001|35.94|57.39|20046
11001|35.94|56.92|20047
11001|35.94|57.17|20048
11001|35.94|56.53|20049
11001|35.94|57.94|20050
11017|36.65|61.04|30557
11002|36.48|52.36|40141
11002|36.48|52.58|40142
11002|36.48|52.13|40143
11002|36.48|52.74|40144
11002|36.48|52.11|40145
11002|36.48|51.99|40146
11002|36.48|52.20|40147
11002|36.48|51.82|40148
11002|36.48|51.93|40149
11002|36.48|51.48|40150
11015|43.68|83.88|10542
11092|43.58|66.31|21089
11002|42.92|70.88|30081
11002|43.17|71.19|30082
11002|43.22|71.17|30083
11002|43.42|71.17|30084
11002|42.92|72.77|30085
11002|43.92|72.26|30086
11002|44.52|72.93|30087
11002|44.52|72.77|30088
11002|44.52|72.50|30089
11002|44.52|71.66|30090
11025|43.48|89.88|40639
11001|50.46|67.58|10021
11001|50.88|67.80|10022
11001|51.30|68.28|10023
11001|51.72|68.64|10024
11001|52.14|69.03|10025
11001|52.56|69.48|10026
11001|52.98|69.92|10027
11001|53.40|70.36|10028
11001|53.82|70.72|10029
11001|54.24|71.35|10030
11008|51.36|70.47|20439
11008|51.36|70.16|20440
11008|51.36|70.03|20441
11008|51.36|70.97|20442
11010|50.53|83.83|30492
11015|51.08|75.13|40534
11002|58.05|72.23|10151
11002|58.05|70.46|10152
11002|58.05|72.81|10153
11002|58.05|73.31|10154
11002|58.05|70.98|10155
11002|58.05|71.95|10156
11002|58.05|72.01|10157
11002|58.05|71.57|10158
11002|58.05|72.90|10159
11002|58.05|70.59|10160
11214|59.23|98.99|20599
11013|58.91|99.58|30519
11013|59.68|82.96|40521
