57.70
11002|5.90|19.93|10091
11002|5.90|20.04|10092
11002|5.90|19.58|10093
11002|5.90|19.75|10094
11002|5.90|19.88|10095
11002|5.30|21.16|10096
11002|5.30|20.94|10097
11001|5.31|22.10|20021
11001|5.73|22.66|20022
11001|6.15|23.02|20023
11001|6.57|23.44|20024
11001|6.99|23.91|20025
11001|7.41|24.34|20026
11001|7.83|24.72|20027
11002|5.16|19.36|30151
11002|5.16|17.97|30152
11002|5.16|20.02|30153
11002|5.16|20.45|30154
11002|5.16|18.39|30155
11002|5.16|19.16|30156
11002|5.16|19.21|30157
11011|5.12|35.58|40494
11008|10.77|39.46|10435
11008|10.77|39.14|10436
11008|10.77|31.69|10437
11008|10.77|34.80|10438
11008|11.54|30.65|20439
11008|11.54|30.34|20440
11008|11.54|30.21|20441
11008|11.54|31.15|20442
11003|11.68|33.55|30197
11003|11.68|33.89|30198
11003|11.68|33.31|30199
11003|11.68|33.90|30200
11003|11.68|33.69|30201
11003|11.68|32.61|30202
11017|11.31|57.03|40558
11003|17.52|43.45|10215
11003|17.52|43.69|10216
11003|17.52|44.35|10217
11003|17.52|43.69|10218
11003|17.52|43.84|10219
11003|17.52|44.16|10220
11011|16.98|45.26|20495
11008|17.20|35.91|30439
11008|17.20|35.97|30440
11008|17.20|35.75|30441
11008|17.20|36.79|30442
11008|17.26|46.82|40435
11008|17.26|46.45|40436
11008|17.26|38.23|40437
11008|17.26|42.27|40438
11003|23.17|44.89|10197
11003|23.17|45.28|10198
11003|23.17|44.64|10199
11003|23.17|45.38|10200
11003|23.17|45.17|10201
11003|23.17|44.17|10202
11001|23.34|39.68|20031
11001|23.34|39.75|20032
11001|23.34|39.57|20033
11001|23.34|39.44|20034
11001|23.34|40.12|20035
11001|23.34|39.32|20036
11001|23.34|38.71|20037
11013|22.89|54.19|30517
11010|23.37|48.25|40490
11010|23.37|54.10|40491
11007|28.51|54.21|10416
11007|28.51|52.18|10417
11007|28.51|57.70|10418
11007|28.51|56.98|10419
11007|28.51|55.90|10420
11009|29.30|51.16|20471
11009|29.30|50.45|20472
11009|29.30|51.67|20473
11002|28.80|48.87|30101
11002|28.80|47.79|30102
11002|28.80|48.23|30103
11002|28.80|48.52|30104
11002|28.80|47.65|30105
11002|28.80|48.85|30106
11002|28.80|45.45|30107
11004|28.73|50.00|40233
11004|28.73|49.50|40234
11004|28.73|49.80|40235
11004|28.73|49.52|40236
11004|28.73|49.83|40237
11004|28.73|49.71|40238
11004|28.73|50.05|40239
11004|28.73|50.09|40240
