115.09
11013|6.32|33.86|10516
11001|5.34|23.32|20011
11001|5.24|23.39|20012
11001|5.34|23.02|20013
11001|5.34|23.71|20014
11001|5.34|23.08|20015
11001|5.34|23.62|20016
11001|5.84|22.39|20017
11001|6.14|22.65|20018
11001|5.84|22.68|20019
11001|5.84|22.60|20020
11003|5.14|29.42|30206
11003|5.14|29.57|30207
11003|5.14|29.27|30208
11003|5.14|29.54|30209
11003|5.14|29.08|30210
11003|6.64|29.13|30211
11003|6.64|29.33|30212
11003|6.64|29.56|30213
11003|6.64|29.34|30214
11090|4.97|24.95|41084
11017|12.83|58.70|10558
11026|11.58|90.82|20645
11025|12.66|63.18|30641
11085|13.34|35.57|41011
11085|12.84|34.60|41012
11085|12.84|35.82|41013
11085|13.84|34.77|41014
11085|12.84|35.11|41015
11085|12.84|35.74|41016
11085|12.84|36.20|41017
11021|16.83|56.54|10599
11021|17.18|56.94|20599
11085|18.80|35.87|31051
11085|18.30|35.89|31047
11085|18.80|35.43|31050
11085|18.30|35.25|31048
11085|18.60|35.71|31049
11085|19.30|36.25|31048
11085|19.10|36.69|31047
11085|17.91|34.96|41051
11085|17.41|34.99|41047
11085|17.91|34.52|41050
11085|17.41|34.28|41048
11085|17.71|34.78|41049
11085|18.41|35.28|41048
11085|18.21|35.79|41047
11021|23.40|61.74|10603
11010|22.59|49.85|20484
11015|23.78|53.83|30543
11021|22.56|51.55|40595
11025|29.20|85.71|10642
11008|29.21|48.83|20451
11008|29.21|47.85|20452
11008|29.21|47.32|20453
11008|29.21|47.99|20454
11024|29.63|83.88|30633
11007|28.82|58.96|40396
11007|28.82|55.08|40397
11007|28.82|66.53|40398
11007|28.82|61.88|40399
11007|28.82|55.39|40400
11007|35.94|65.43|10396
11007|35.94|62.07|10397
11007|35.94|72.96|10398
11007|35.94|70.09|10399
11007|35.94|62.08|10400
11012|36.51|68.90|20505
11214|37.06|66.84|30594
11015|35.78|68.13|40539
11013|43.99|75.94|10523
11214|45.07|77.51|20601
11024|44.02|86.29|30632
11010|43.32|68.20|40490
11017|49.03|73.18|10557
11003|50.41|73.77|20179
11003|50.41|74.12|20180
11003|50.41|72.75|20181
11003|50.41|74.63|20182
11003|50.41|73.50|20183
11003|50.41|72.45|20184
11003|50.41|76.54|20185
11003|50.41|73.46|20186
11003|50.41|74.04|20187
11092|50.47|74.08|31089
11021|50.57|90.34|40599
11027|56.52|85.51|10595
11017|56.91|100.54|20560
11021|56.42|93.71|30602
11024|56.58|102.92|40628
