62.28
11001|5.60|22.72|10021
11001|6.02|22.94|10022
11001|6.44|23.42|10023
11001|6.86|23.78|10024
11001|7.28|24.17|10025
11001|7.70|24.62|10026
11001|8.12|25.06|10027
11001|5.80|22.14|20031
11001|5.80|22.21|20032
11001|5.80|22.03|20033
11001|5.80|21.90|20034
11001|5.80|22.58|20035
11001|5.80|21.78|20036
11001|5.80|21.17|20037
11007|5.57|35.71|40396
11007|5.57|31.83|40397
11007|5.57|43.28|40398
11007|5.57|38.63|40399
11010|5.70|35.32|30482
11010|5.70|30.32|30483
11001|5.04|26.35|40041
11001|5.04|26.19|40042
11001|5.04|25.94|40043
11001|5.04|26.31|40044
11001|5.04|27.00|40045
11001|5.04|26.55|40046
11001|5.04|26.07|40047
11001|10.92|27.23|10031
11001|10.92|27.30|10032
11001|10.92|27.17|10033
11001|10.92|27.01|10034
11001|10.92|27.61|10035
11001|10.92|26.85|10036
11001|10.92|26.29|10037
11001|10.81|27.15|20031
11001|10.81|27.22|20032
11001|10.81|27.04|20033
11001|10.81|26.91|20034
11001|10.81|27.59|20035
11001|10.81|26.79|20036
11001|10.81|26.18|20037
11010|16.98|37.92|10486
11010|16.98|44.39|10487
11007|17.14|43.61|20416
11007|17.14|40.98|20417
11007|17.14|46.51|20418
11007|17.14|45.72|20419
11007|17.14|44.89|20420
11001|16.69|33.39|30021
11001|17.11|34.01|30022
11001|17.53|34.45|30023
11001|17.95|34.92|30024
11001|18.37|35.22|30025
11001|18.79|35.75|30026
11001|19.21|36.13|30027
11001|19.63|36.50|30028
11001|20.05|36.97|30029
11001|20.47|37.36|30030
11001|16.57|33.87|40001
11001|17.37|34.18|40002
11001|17.47|34.10|40003
11001|17.27|35.24|40004
11001|24.22|39.80|20051
11001|24.22|37.80|20052
11001|24.22|36.60|20053
11001|24.22|37.81|20054
11001|24.22|37.77|20055
11001|24.22|37.15|20056
11001|24.22|37.07|20057
11007|24.57|54.71|40396
11007|24.57|50.83|40397
11007|24.57|62.28|40398
11007|24.57|57.63|40399
11007|24.57|51.14|40400
