121.32
11006|1.71|27.55|10354
11006|1.71|26.83|10355
11006|1.71|27.39|10356
11006|1.71|26.56|10357
11006|1.71|27.91|10358
11006|1.71|27.47|10359
11003|1.22|25.51|20206
11003|1.22|25.63|20207
11003|1.22|25.34|20208
11003|1.22|25.48|20209
11003|1.22|25.39|20210
11003|2.72|25.08|20211
11003|2.72|25.01|20212
11003|2.72|25.70|20213
11003|2.72|25.06|20214
11004|0.89|24.80|30249
11004|0.89|23.58|30250
11004|0.89|25.17|30251
11004|0.89|24.34|30252
11004|0.89|24.64|30253
11004|0.89|24.57|30254
11004|0.89|24.46|30255
11004|0.89|25.38|30256
11026|1.99|56.31|40649
11004|5.55|20.67|10273
11004|5.55|20.93|10274
11004|5.55|21.43|10275
11004|5.55|21.13|10276
11004|5.55|21.27|10277
11004|5.55|21.80|10278
11004|5.55|21.47|10279
11004|5.55|21.77|10280
11006|4.67|30.52|20354
11006|4.67|29.90|20355
11006|4.67|30.31|20356
11006|4.67|29.42|20357
11006|4.67|30.54|20358
11006|4.67|30.46|20359
11006|6.25|26.61|30360
11006|6.25|26.31|30361
11006|6.25|26.60|30362
11006|6.25|26.12|30363
11006|6.25|25.34|30364
11006|6.25|25.21|30365
11009|6.70|30.90|40465
11009|6.70|35.37|40466
11009|6.70|22.28|40467
11012|9.57|41.46|10504
11015|10.18|49.82|20542
11011|9.17|34.58|30497
11011|9.82|40.28|40494
11007|14.11|30.46|10426
11007|14.11|30.46|10427
11007|14.11|30.61|10428
11007|14.11|30.97|10429
11007|14.11|30.59|10430
11002|13.30|27.60|20091
11002|13.30|27.45|20092
11002|13.30|26.88|20093
11002|13.30|27.41|20094
11002|13.30|27.44|20095
11002|12.70|28.59|20096
11002|12.70|28.47|20097
11002|12.70|28.39|20098
11002|13.10|28.39|20099
11002|12.70|28.02|20100
11016|13.55|52.72|30547
11002|12.76|32.71|40101
11002|12.76|31.73|40102
11002|12.76|32.11|40103
11002|12.76|32.45|40104
11002|12.76|31.57|40105
11002|12.76|32.72|40106
11002|12.76|29.41|40107
11002|12.76|32.32|40108
11002|12.76|30.95|40109
11002|12.76|31.42|40110
11003|17.75|41.10|10179
11003|17.75|41.55|10180
11003|17.75|40.11|10181
11003|17.75|42.06|10182
11003|17.75|40.94|10183
11003|17.75|40.16|10184
11003|17.75|44.28|10185
11003|17.75|40.81|10186
11003|17.75|41.50|10187
11006|17.66|38.04|20390
11006|17.66|37.45|20391
11006|17.66|38.51|20392
11006|17.66|38.06|20393
11006|17.66|37.19|20394
11006|17.66|37.48|20395
11022|18.52|59.62|30606
11022|17.04|47.74|40607
11008|21.37|50.06|10435
11008|21.37|49.74|10436
11008|21.37|42.29|10437
11008|21.37|45.40|10438
11015|21.83|70.80|20541
14007|20.70|49.00|30654
11002|21.86|49.81|40081
11002|22.11|50.42|40082
11002|22.16|50.09|40083
11002|22.36|50.12|40084
11002|21.86|51.65|40085
11002|22.86|51.20|40086
11002|23.46|51.86|40087
11002|23.46|51.63|40088
11002|23.46|51.39|40089
11002|23.46|50.46|40090
11004|25.74|49.65|10249
11004|25.74|48.43|10250
11004|25.74|50.02|10251
11004|25.74|49.19|10252
11004|25.74|49.49|10253
11004|25.74|49.42|10254
11004|25.74|49.31|10255
11004|25.74|50.23|10256
11001|25.63|42.90|20001
11001|26.43|43.28|20002
11001|26.53|43.14|20003
11001|26.33|44.27|20004
11001|26.23|43.76|20005
11001|26.13|43.19|20006
11001|26.43|42.53|20007
11001|26.23|44.15|20008
11001|25.63|43.71|20009
11001|26.23|43.14|20010
11007|25.36|45.53|30421
11007|25.36|45.04|30422
11007|25.36|44.44|30423
11007|25.36|43.98|30424
11007|25.36|43.86|30425
11014|26.88|50.77|40525
11008|30.77|45.38|10443
11008|30.77|44.33|10444
11008|30.77|46.20|10445
11008|30.77|45.17|10446
11006|30.42|56.27|20354
11006|30.42|55.65|20355
11006|30.42|56.06|20356
11006|30.42|55.17|20357
11006|30.42|56.29|20358
11006|30.42|56.21|20359
11006|30.38|51.10|30384
11006|31.08|51.85|30385
11006|31.78|52.54|30386
11006|32.48|53.19|30387
11006|33.18|53.88|30388
11006|33.88|54.62|30389
11005|29.00|48.93|40305
11005|29.00|48.73|40306
11005|29.00|48.82|40307
11005|29.00|49.00|40308
11005|29.00|49.37|40309
11005|29.00|48.79|40310
11005|29.00|48.13|40311
11002|34.70|48.73|10091
11002|34.70|48.84|10092
11002|34.70|48.38|10093
11002|34.70|48.55|10094
11002|34.70|48.68|10095
11002|34.10|49.96|10096
11002|34.10|49.74|10097
11002|34.10|49.90|10098
11002|34.50|49.78|10099
11002|34.10|49.38|10100
11009|34.56|53.52|20462
11009|35.76|54.66|20463
11009|36.96|55.91|20464
11003|33.88|57.19|30170
11003|33.88|56.23|30171
11003|33.88|55.34|30172
11003|34.68|55.34|30173
11003|34.68|57.72|30174
11003|34.68|59.03|30175
11003|34.68|60.97|30176
11003|33.88|59.52|30177
11003|34.98|59.55|30178
11002|33.39|47.33|40151
11002|33.39|46.36|40152
11002|33.39|48.06|40153
11002|33.39|48.75|40154
11002|33.39|46.76|40155
11002|33.39|47.24|40156
11002|33.39|47.46|40157
11002|33.39|46.87|40158
11002|33.39|48.31|40159
11002|33.39|46.02|40160
11016|38.08|63.50|10545
11007|37.75|67.21|20396
11007|37.75|63.74|20397
11007|37.75|74.27|20398
11007|37.75|71.32|20399
11007|37.75|64.29|20400
11004|38.05|59.37|30297
11004|38.05|59.54|30298
11004|38.05|60.17|30299
11004|38.05|60.29|30300
11004|38.05|59.68|30301
11004|38.05|59.11|30302
11004|38.05|58.44|30303
11004|38.05|61.15|30304
14020|37.25|62.21|40736
11021|42.63|71.62|10595
11003|42.45|68.44|20215
11003|42.45|68.61|20216
11003|42.45|69.25|20217
11003|42.45|68.65|20218
11003|42.45|68.90|20219
11003|42.45|69.02|20220
11003|42.45|69.10|20221
11003|42.45|70.74|20222
11003|42.45|70.83|20223
11012|42.41|80.53|30513
11007|41.68|61.70|40406
11007|41.68|61.91|40407
11007|41.68|61.31|40408
11007|41.68|61.12|40409
11007|41.68|61.17|40410
11011|46.68|89.51|10500
11007|46.84|66.78|20411
11007|46.84|66.67|20412
11007|46.84|65.99|20413
11007|46.84|67.32|20414
11007|46.84|63.58|20415
11006|46.10|64.79|30372
11006|46.10|64.96|30373
11006|46.10|65.30|30374
11006|46.10|65.49|30375
11006|46.10|64.44|30376
11006|46.10|64.69|30377
11017|46.65|70.96|40557
11017|50.51|86.21|10559
11007|49.56|69.65|20406
11007|49.56|69.77|20407
11007|49.56|69.17|20408
11007|49.56|68.96|20409
11007|49.56|69.00|20410
11002|49.68|68.57|30121
11002|50.03|68.82|30122
11002|50.38|69.59|30123
11002|50.73|69.90|30124
11002|51.08|70.20|30125
11002|51.43|70.62|30126
11002|51.78|70.90|30127
11002|52.13|71.29|30128
11002|52.48|71.95|30129
11002|52.83|72.28|30130
11004|50.79|65.93|40281
11004|50.79|66.23|40282
11004|50.79|66.53|40283
11004|50.79|67.42|40284
11004|50.79|67.55|40285
11004|50.79|66.42|40286
11004|50.79|66.73|40287
11004|50.79|66.62|40288
11017|53.36|87.35|10556
11012|53.17|90.12|20512
11019|54.10|95.42|30580
11010|54.14|79.02|40490
11010|54.14|84.87|40491
11007|58.20|83.90|10416
11007|58.20|81.87|10417
11007|58.20|87.39|10418
11007|58.20|86.67|10419
11007|58.20|85.59|10420
11001|57.55|78.79|20041
11001|57.55|78.67|20042
11001|57.55|78.39|20043
11001|57.55|78.91|20044
11001|57.55|79.54|20045
11001|57.55|79.00|20046
11001|57.55|78.53|20047
11001|57.55|78.78|20048
11001|57.55|78.14|20049
11001|57.55|79.55|20050
11026|59.11|121.32|30647
11021|58.64|101.82|40600
