104.94
11026|6.17|85.41|10645
11026|6.37|55.99|20653
11027|5.02|48.28|30600
11006|4.80|25.01|40390
11006|4.80|24.43|40391
11006|4.80|25.49|40392
11006|4.80|25.24|40393
11006|4.80|24.19|40394
11006|4.80|24.58|40395
11017|11.11|45.10|10556
11025|10.90|77.26|20637
11008|10.41|29.69|30431
11008|10.41|29.64|30432
11008|10.41|31.08|30433
11008|10.41|29.58|30434
11015|10.79|59.82|40541
11214|17.13|52.28|10598
11012|17.68|54.63|20512
11027|16.68|56.50|30599
11006|17.87|38.52|40384
11006|18.57|39.34|40385
11006|19.27|40.00|40386
11006|19.97|40.69|40387
11006|20.67|41.34|40388
11006|21.37|42.08|40389
11026|23.77|86.46|10648
11021|25.19|62.19|20602
11005|24.91|42.78|30312
11005|24.91|42.92|30313
11005|24.91|43.87|30314
11005|24.91|48.19|30315
11005|24.91|45.66|30316
11005|24.91|42.66|30317
11005|24.91|42.56|30318
11013|23.85|47.13|40521
11026|31.18|93.39|10647
11017|30.84|76.50|20558
11085|30.70|49.58|31052
11085|30.40|48.89|31053
11085|30.90|48.43|31054
11085|30.40|51.73|31055
11085|30.90|49.39|31056
11085|31.20|50.08|31052
11085|31.40|49.89|31056
11085|31.40|48.93|31054
11003|30.41|52.23|40197
11003|30.41|52.61|40198
11003|30.41|52.03|40199
11003|30.41|52.61|40200
11003|30.41|52.45|40201
11003|30.41|51.48|40202
11003|30.41|51.76|40203
11003|30.41|51.52|40204
11003|30.41|51.44|40205
11015|36.42|66.84|10543
11005|36.58|57.89|20347
11005|36.58|59.17|20348
11005|36.58|57.86|20349
11005|36.58|57.27|20350
11005|36.58|58.83|20351
11005|36.58|59.78|20352
11005|36.58|58.95|20353
11013|37.11|68.41|30517
11092|37.32|79.45|41090
11021|42.99|72.29|10596
11007|42.43|68.90|20416
11007|42.43|66.27|20417
11007|42.43|71.80|20418
11007|42.43|71.01|20419
11007|42.43|70.18|20420
11017|42.78|96.15|30563
11002|43.96|58.05|40091
11002|43.96|58.03|40092
11002|43.96|57.54|40093
11002|43.96|58.02|40094
11002|43.96|58.04|40095
11002|43.36|59.35|40096
11002|43.36|59.05|40097
11002|43.36|59.20|40098
11002|43.76|59.14|40099
11002|43.36|58.74|40100
11090|48.92|82.19|11024
11013|49.12|76.19|20514
11025|48.43|104.94|30642
11012|50.13|86.50|40512
11015|55.82|80.99|10536
11214|55.97|90.96|20598
11090|56.73|73.02|31087
11017|57.08|89.08|40554
