122.07
11002|6.87|20.90|10091
11002|6.87|21.01|10092
11002|6.87|20.55|10093
11002|6.87|20.72|10094
11002|6.87|20.85|10095
11002|6.27|22.13|10096
11002|6.27|21.91|10097
11002|6.27|22.07|10098
11002|6.67|21.95|10099
11002|6.27|21.55|10100
11001|5.55|26.79|20041
11001|5.55|26.67|20042
11001|5.55|26.39|20043
11001|5.55|26.91|20044
11001|5.55|27.54|20045
11001|5.55|27.00|20046
11001|5.55|26.53|20047
11001|5.55|26.78|20048
11001|5.55|26.14|20049
11001|5.55|27.55|20050
11003|6.74|25.43|30161
11003|6.74|24.64|30162
11003|6.74|25.92|30163
11003|7.54|25.89|30164
11003|7.14|26.99|30165
11003|6.14|24.40|30166
11003|6.14|24.47|30167
11003|6.14|26.34|30168
11003|6.14|26.12|30169
11008|6.43|35.99|40435
11008|6.43|35.62|40436
11008|6.43|27.40|40437
11008|6.43|31.44|40438
11011|11.16|43.45|10503
11002|12.14|31.12|20111
11002|12.14|30.71|20112
11002|12.14|30.55|20113
11002|12.14|31.04|20114
11002|12.14|31.25|20115
11002|12.14|30.64|20116
11002|11.54|31.80|20117
11002|11.54|31.10|20118
11002|11.54|32.34|20119
11002|11.54|31.57|20120
11002|11.18|30.07|30121
11002|11.53|30.32|30122
11002|11.88|31.09|30123
11002|12.23|31.40|30124
11002|12.58|31.70|30125
11002|12.93|32.12|30126
11002|13.28|32.40|30127
11002|13.63|32.79|30128
11002|13.98|33.45|30129
11002|14.33|33.78|30130
11012|12.28|45.51|40505
11017|19.25|72.67|10563
11021|18.64|57.26|20603
11002|19.00|33.20|30151
11002|19.00|31.81|30152
11002|19.00|33.86|30153
11002|19.00|34.29|30154
11002|19.00|32.23|30155
11002|19.00|33.00|30156
11002|19.00|33.05|30157
11002|19.00|32.55|30158
11002|19.00|34.24|30159
11002|19.00|31.68|30160
11001|19.45|37.52|40011
11001|19.35|37.51|40012
11001|19.45|36.94|40013
11001|19.45|37.73|40014
11001|19.45|37.39|40015
11001|19.45|37.91|40016
11001|19.95|36.59|40017
11001|20.25|36.71|40018
11001|19.95|36.77|40019
11001|19.95|36.53|40020
11090|25.99|45.83|11084
11002|24.91|40.57|20141
11002|24.91|41.18|20142
11002|24.91|40.52|20143
11002|24.91|41.17|20144
11002|24.91|40.55|20145
11002|24.91|41.01|20146
11002|24.91|40.62|20147
11002|24.91|40.24|20148
11002|24.91|40.57|20149
11002|24.91|40.06|20150
11004|25.67|45.20|30289
11004|25.67|46.49|30290
11004|25.67|43.55|30291
11004|25.67|41.84|30292
11004|25.67|44.85|30293
11004|25.67|44.99|30294
11004|25.67|43.05|30295
11004|25.67|44.88|30296
11003|26.74|45.33|40161
11003|26.74|44.39|40162
11003|26.74|45.96|40163
11003|27.54|45.91|40164
11003|27.14|46.87|40165
11003|26.14|44.39|40166
11003|26.14|44.26|40167
11003|26.14|46.43|40168
11003|26.14|46.34|40169
11003|31.37|55.69|10206
11003|31.37|56.01|10207
11003|31.37|55.65|10208
11003|31.37|55.65|10209
11003|31.37|55.56|10210
11003|32.87|55.60|10211
11003|32.87|55.80|10212
11003|32.87|56.11|10213
11003|32.87|55.37|10214
11004|31.72|55.63|20249
11004|31.72|54.41|20250
11004|31.72|56.00|20251
11004|31.72|55.17|20252
11004|31.72|55.47|20253
11004|31.72|55.40|20254
11004|31.72|55.29|20255
11004|31.72|56.21|20256
11015|31.53|60.45|30535
11008|31.74|61.30|40435
11008|31.74|60.93|40436
11008|31.74|52.71|40437
11008|31.74|56.75|40438
11009|37.76|69.17|10477
11009|37.76|68.94|10478
11009|37.76|68.41|10479
11008|36.89|66.15|20435
11008|36.89|65.26|20436
11008|36.89|57.86|20437
11008|36.89|61.83|20438
11002|37.35|56.28|30111
11002|37.35|55.88|30112
11002|37.35|55.60|30113
11002|37.35|56.15|30114
11002|37.35|56.42|30115
11002|37.35|55.77|30116
11002|36.75|57.74|30117
11002|36.75|56.22|30118
11002|36.75|58.24|30119
11002|36.75|56.76|30120
11015|36.43|60.48|40534
11092|44.82|122.07|11088
11009|44.73|75.72|20468
11009|44.73|72.42|20469
11009|44.73|76.48|20470
11003|46.03|62.27|30224
11003|46.03|64.67|30225
11003|46.43|63.94|30226
11003|47.03|63.66|30227
11003|47.13|62.90|30228
11003|48.03|62.99|30229
11003|44.03|64.41|30230
11003|46.83|62.26|30231
11003|46.03|62.35|30232
11003|45.50|69.15|40179
11003|45.50|69.61|40180
11003|45.50|67.77|40181
11003|45.50|70.01|40182
11003|45.50|68.65|40183
11003|45.50|67.59|40184
11003|45.50|71.58|40185
11003|45.50|68.52|40186
11003|45.50|69.24|40187
11021|52.63|81.70|10594
11017|52.93|86.27|20556
11001|52.83|68.94|30051
11001|52.83|66.18|30052
11001|52.83|65.16|30053
11001|52.83|66.41|30054
11001|52.83|66.34|30055
11001|52.83|65.94|30056
11001|52.83|65.63|30057
11001|52.83|64.95|30058
11001|52.83|67.01|30059
11001|52.83|66.99|30060
11012|51.54|87.91|40512
11017|57.65|103.52|10558
11008|58.21|87.47|20435
11008|58.21|86.58|20436
11008|58.21|79.18|20437
11008|58.21|83.15|20438
11009|58.61|80.48|30471
11009|58.61|79.73|30472
11009|58.61|80.74|30473
11017|58.70|83.01|40557
