74.22
33074|0.00|25.30|50447
33074|2.00|27.30|50447
33074|4.00|29.30|50447
33074|6.00|31.30|50447
33074|8.00|33.30|50447
33074|10.00|35.30|50447
33074|12.00|37.30|50447
33074|14.00|39.30|50447
33074|16.00|41.30|50447
33074|18.00|43.30|50447
33074|20.00|45.30|50447
33074|22.00|47.30|50447
33074|24.00|49.30|50447
33074|26.00|51.30|50447
33074|28.00|53.30|50447
33074|30.00|55.30|50447
33074|32.00|57.30|50447
33074|34.00|59.30|50447
33074|36.00|61.30|50447
33074|38.00|63.30|50447
33074|40.00|65.30|50447
33074|42.00|67.30|50447
33074|44.00|69.30|50447
33074|46.00|71.30|50447
33074|1.00|28.22|50448
33074|3.00|30.22|50448
33074|5.00|32.22|50448
33074|7.00|34.22|50448
33074|9.00|36.22|50448
33074|11.00|38.22|50448
33074|13.00|40.22|50448
33074|15.00|42.22|50448
33074|17.00|44.22|50448
33074|19.00|46.22|50448
33074|21.00|48.22|50448
33074|23.00|50.22|50448
33074|25.00|52.22|50448
33074|27.00|54.22|50448
33074|29.00|56.22|50448
33074|31.00|58.22|50448
33074|33.00|60.22|50448
33074|35.00|62.22|50448
33074|37.00|64.22|50448
33074|39.00|66.22|50448
33074|41.00|68.22|50448
33074|43.00|70.22|50448
33074|45.00|72.22|50448
33074|47.00|74.22|50448
33076|0.50|35.57|50449
33075|4.00|39.07|50449
33075|7.50|42.57|50449
33075|11.00|46.07|50449
34077|14.50|49.57|50449
33075|18.00|53.07|50449
33076|21.50|56.57|50449
33075|25.00|60.07|50449
33075|28.50|63.57|50449
34077|32.00|67.07|50449
