98.97
11003|4.36|20.85|10224
11003|4.36|22.72|10225
11003|4.76|22.33|10226
11003|5.36|22.04|10227
11003|5.46|21.05|10228
11003|6.36|21.34|10229
11003|2.36|22.40|10230
11003|5.16|20.58|10231
11003|4.36|20.72|10232
11012|2.10|37.18|20508
11016|1.73|34.70|30546
11008|0.85|15.46|40443
11008|0.85|14.42|40444
11008|0.85|16.21|40445
11008|0.85|15.27|40446
11008|6.07|24.74|10447
11008|6.07|26.52|10448
11008|6.07|25.85|10449
11008|6.07|26.21|10450
11023|6.48|30.07|20616
11026|6.10|76.72|30652
11010|5.02|36.64|40480
11010|5.02|36.58|40481
11015|9.82|34.99|10536
11004|8.85|23.95|20273
11004|8.85|24.24|20274
11004|8.85|24.69|20275
11004|8.85|24.41|20276
11004|8.85|24.56|20277
11004|8.85|25.08|20278
11004|8.85|24.79|20279
11004|8.85|25.04|20280
11010|10.11|37.48|30484
11010|10.11|36.64|30485
11002|10.28|29.19|40111
11002|10.28|28.66|40112
11002|10.28|28.55|40113
11002|10.28|29.45|40114
11002|10.28|29.32|40115
11002|10.28|28.68|40116
11002|9.68|30.69|40117
11002|9.68|29.16|40118
11002|9.68|30.50|40119
11002|9.68|29.16|40120
11009|13.38|29.37|10474
11009|13.38|27.79|10475
11009|13.38|31.32|10476
11018|14.01|40.35|20567
11008|14.39|43.65|30435
11008|14.39|43.63|30436
11008|14.39|35.38|30437
11008|14.39|38.91|30438
11005|13.76|27.52|40319
11005|14.41|28.20|40320
11005|15.06|28.83|40321
11005|15.71|29.39|40322
11005|16.36|30.07|40323
11005|17.01|30.72|40324
11005|17.66|31.39|40325
11004|17.85|32.97|10273
11004|17.85|33.23|10274
11004|17.85|33.73|10275
11004|17.85|33.43|10276
11004|17.85|33.57|10277
11004|17.85|34.10|10278
11004|17.85|33.77|10279
11004|17.85|34.07|10280
11004|18.14|39.41|20233
11004|18.14|38.91|20234
11004|18.14|39.21|20235
11004|18.14|38.89|20236
11004|18.14|39.23|20237
11004|18.14|39.06|20238
11004|18.14|39.42|20239
11004|18.14|39.50|20240
11008|18.89|38.17|30431
11008|18.89|38.12|30432
11008|18.89|39.56|30433
11008|18.89|38.06|30434
11005|18.09|36.08|40312
11005|18.09|36.42|40313
11005|18.09|36.60|40314
11005|18.09|40.50|40315
11005|18.09|38.43|40316
11005|18.09|35.86|40317
11005|18.09|35.33|40318
11014|21.58|60.56|10527
11005|22.95|36.79|20319
11005|23.60|37.40|20320
11005|24.25|38.06|20321
11005|24.90|38.70|20322
11005|25.55|39.41|20323
11005|26.20|40.06|20324
11005|26.85|40.54|20325
11013|21.90|54.57|30518
11025|21.99|78.24|40638
11008|27.04|55.73|10435
11008|27.04|55.41|10436
11008|27.04|47.96|10437
11008|27.04|51.07|10438
11002|27.60|41.90|20091
11002|27.60|41.75|20092
11002|27.60|41.18|20093
11002|27.60|41.71|20094
11002|27.60|41.74|20095
11002|27.00|42.89|20096
11002|27.00|42.77|20097
11002|27.00|42.69|20098
11002|27.40|42.69|20099
11002|27.00|42.32|20100
11011|26.79|57.28|30494
11007|26.71|46.93|40421
11007|26.71|46.28|40422
11007|26.71|45.80|40423
11007|26.71|45.33|40424
11007|26.71|45.31|40425
11004|29.57|51.03|10297
11004|29.57|50.99|10298
11004|29.57|51.73|10299
11004|29.57|51.75|10300
11004|29.57|51.31|10301
11004|29.57|50.53|10302
11004|29.57|50.08|10303
11004|29.57|52.35|10304
14009|30.43|57.02|20665
11006|29.29|48.04|30366
11006|29.29|47.36|30367
11006|29.29|47.58|30368
11006|29.29|47.99|30369
11006|29.29|47.84|30370
11006|29.29|47.40|30371
11001|30.24|53.45|40071
11001|30.24|53.14|40072
11001|30.24|52.97|40073
11001|30.24|52.44|40074
11001|30.24|52.90|40075
11001|30.24|52.63|40076
11001|30.64|52.24|40077
11001|30.44|51.16|40078
11001|30.24|49.96|40079
11001|31.04|51.39|40080
11007|34.76|60.46|10416
11007|34.76|58.43|10417
11007|34.76|63.95|10418
11007|34.76|63.23|10419
11007|34.76|62.15|10420
11003|33.41|55.30|20197
11003|33.41|55.57|20198
11003|33.41|54.92|20199
11003|33.41|55.63|20200
11003|33.41|55.43|20201
11003|33.41|54.33|20202
11003|33.41|54.74|20203
11003|33.41|54.41|20204
11003|33.41|54.23|20205
11010|34.31|66.01|30480
11010|34.31|65.73|30481
11003|34.50|56.32|40197
11003|34.50|56.70|40198
11003|34.50|56.12|40199
11003|34.50|56.70|40200
11003|34.50|56.54|40201
11003|34.50|55.57|40202
11003|34.50|55.85|40203
11003|34.50|55.61|40204
11003|34.50|55.53|40205
11008|38.76|58.00|10431
11008|38.76|58.09|10432
11008|38.76|59.74|10433
11008|38.76|58.12|10434
11016|38.06|68.20|20548
11002|37.86|52.06|30151
11002|37.86|50.67|30152
11002|37.86|52.72|30153
11002|37.86|53.15|30154
11002|37.86|51.09|30155
11002|37.86|51.86|30156
11002|37.86|51.91|30157
11002|37.86|51.41|30158
11002|37.86|53.10|30159
11002|37.86|50.54|30160
11022|37.51|76.06|40610
11006|42.92|62.25|10378
11006|42.92|62.81|10379
11006|42.92|62.55|10380
11006|42.92|62.38|10381
11006|42.92|59.85|10382
11006|42.92|62.61|10383
11021|42.11|85.67|20600
11017|41.16|69.25|30555
11001|41.68|64.89|40071
11001|41.68|64.58|40072
11001|41.68|64.41|40073
11001|41.68|63.88|40074
11001|41.68|64.34|40075
11001|41.68|64.07|40076
11001|42.08|63.68|40077
11001|41.88|62.60|40078
11001|41.68|61.40|40079
11001|42.48|62.83|40080
11013|47.00|76.73|10515
14009|46.58|77.21|20672
11011|45.39|77.89|30503
11018|46.01|80.89|40571
11002|49.30|68.34|10121
11002|49.65|68.81|10122
11002|50.00|69.11|10123
11002|50.35|69.58|10124
11002|50.70|70.14|10125
11002|51.05|70.28|10126
11002|51.40|70.61|10127
11002|51.75|71.19|10128
11002|52.10|71.90|10129
11002|52.45|71.98|10130
11009|50.89|73.63|20459
11009|50.89|75.71|20460
11009|50.89|76.91|20461
11006|50.93|69.68|30366
11006|50.93|69.00|30367
11006|50.93|69.22|30368
11006|50.93|69.63|30369
11006|50.93|69.48|30370
11006|50.93|69.04|30371
11002|50.30|70.25|40101
11002|50.30|69.27|40102
11002|50.30|69.65|40103
11002|50.30|69.99|40104
11002|50.30|69.11|40105
11002|50.30|70.26|40106
11002|50.30|66.95|40107
11002|50.30|69.86|40108
11002|50.30|68.49|40109
11002|50.30|68.96|40110
11002|54.44|73.24|10111
11002|54.44|72.87|10112
11002|54.44|72.70|10113
11002|54.44|73.63|10114
11002|54.44|73.86|10115
11002|54.44|72.83|10116
11002|53.84|74.40|10117
11002|53.84|73.37|10118
11002|53.84|74.48|10119
11002|53.84|73.91|10120
11020|54.34|71.90|20585
11008|53.69|72.40|30439
11008|53.69|72.46|30440
11008|53.69|72.24|30441
11008|53.69|73.28|30442
11006|55.09|75.74|40384
11006|55.79|76.56|40385
11006|56.49|77.22|40386
11006|57.19|77.91|40387
11006|57.89|78.56|40388
11006|58.59|79.30|40389
11005|57.91|75.82|10312
11005|57.91|76.58|10313
11005|57.91|76.37|10314
11005|57.91|81.90|10315
11005|57.91|78.76|10316
11005|57.91|76.06|10317
11005|57.91|75.88|10318
11018|58.28|98.97|20572
11007|59.36|83.41|30401
11007|59.36|85.62|30402
11007|59.36|84.83|30403
11007|59.36|84.92|30404
11007|59.36|83.99|30405
11023|58.74|82.89|40615
