130.54
11001|4.98|21.29|10031
11001|4.98|21.36|10032
11001|4.98|21.23|10033
11001|4.98|21.07|10034
11001|4.98|21.67|10035
11001|4.98|20.91|10036
11001|4.98|20.35|10037
11001|4.98|20.93|10038
11001|4.98|21.35|10039
11001|4.98|20.76|10040
11214|4.82|39.81|20598
11015|6.24|30.60|30534
11004|6.14|25.64|40289
11004|6.14|27.08|40290
11004|6.14|24.07|40291
11004|6.14|22.40|40292
11004|6.14|25.24|40293
11004|6.14|25.43|40294
11004|6.14|23.57|40295
11004|6.14|25.37|40296
11005|11.66|32.11|10326
11005|11.66|30.58|10327
11005|11.66|32.73|10328
11005|11.66|32.42|10329
11005|11.66|35.30|10330
11005|11.66|33.63|10331
11005|11.66|30.93|10332
11003|12.34|35.67|20170
11003|12.34|34.77|20171
11003|12.34|33.84|20172
11003|13.14|34.31|20173
11003|13.14|37.26|20174
11003|13.14|38.98|20175
11003|13.14|39.50|20176
11003|12.34|37.82|20177
11003|13.44|38.08|20178
11025|11.85|62.37|30641
11007|12.92|32.77|40411
11007|12.92|32.81|40412
11007|12.92|31.92|40413
11007|12.92|33.46|40414
11007|12.92|29.69|40415
11006|19.79|38.57|10372
11006|19.79|38.73|10373
11006|19.79|39.10|10374
11006|19.79|39.18|10375
11006|19.79|38.12|10376
11006|19.79|38.44|10377
11214|19.41|62.97|20600
11001|18.74|40.04|30041
11001|18.74|39.94|30042
11001|18.74|39.65|30043
11001|18.74|40.03|30044
11001|18.74|40.60|30045
11001|18.74|40.26|30046
11001|18.74|39.69|30047
11001|18.74|40.05|30048
11001|18.74|39.40|30049
11001|18.74|40.75|30050
11024|19.44|57.71|40629
11214|26.51|58.82|10601
11004|27.13|45.33|20265
11004|27.13|44.98|20266
11004|27.13|45.56|20267
11004|27.13|46.01|20268
11004|27.13|46.46|20269
11004|27.13|46.22|20270
11004|27.13|45.88|20271
11004|27.13|45.48|20272
11024|26.60|84.05|30631
11015|27.61|53.97|40537
11214|32.64|61.94|10596
11026|33.44|83.06|20653
11021|32.12|64.36|30601
11017|32.78|83.06|40562
11013|40.28|70.01|10515
11092|39.79|84.66|21003
11002|41.17|55.19|30091
11002|41.17|55.23|30092
11002|41.17|54.77|30093
11002|41.17|55.28|30094
11002|41.17|55.24|30095
11002|40.57|56.46|30096
11002|40.57|56.20|30097
11002|40.57|56.22|30098
11002|40.97|56.25|30099
11002|40.57|55.84|30100
11002|39.99|55.87|40141
11002|39.99|56.09|40142
11002|39.99|55.64|40143
11002|39.99|56.25|40144
11002|39.99|55.62|40145
11002|39.99|55.50|40146
11002|39.99|55.71|40147
11002|39.99|55.33|40148
11002|39.99|55.44|40149
11002|39.99|54.99|40150
11090|45.86|62.13|11087
11015|47.03|96.00|20541
11092|46.68|70.29|31089
11008|47.51|66.30|40439
11008|47.51|66.48|40440
11008|47.51|66.09|40441
11008|47.51|66.67|40442
11002|53.14|73.15|10101
11002|53.14|72.11|10102
11002|53.14|72.44|10103
11002|53.14|72.81|10104
11002|53.14|72.03|10105
11002|53.14|73.06|10106
11002|53.14|69.79|10107
11002|53.14|72.80|10108
11002|53.14|71.33|10109
11002|53.14|71.97|10110
11002|53.43|81.45|20081
11002|53.68|81.78|20082
11002|53.73|81.80|20083
11002|53.93|81.78|20084
11002|53.43|83.48|20085
11002|54.43|83.07|20086
11002|55.03|83.79|20087
11002|55.03|83.28|20088
11002|55.03|83.14|20089
11002|55.03|82.30|20090
11025|54.56|106.07|30640
11092|54.18|91.77|41001
11015|58.94|99.14|10542
11027|59.35|102.91|20600
11026|59.92|130.54|30652
11007|58.84|82.70|40401
11007|58.84|85.09|40402
11007|58.84|84.31|40403
11007|58.84|84.28|40404
11007|58.84|83.57|40405
