97.11
11008|6.93|26.17|10431
11008|6.93|26.26|10432
11008|6.93|27.91|10433
11008|6.93|26.29|10434
11008|6.81|25.92|20439
11008|6.81|25.61|20440
11008|6.81|25.48|20441
11008|6.81|26.42|20442
11009|5.67|37.01|30477
11009|5.67|37.07|30478
11009|5.67|36.79|30479
11008|5.88|35.44|40435
11008|5.88|35.07|40436
11008|5.88|26.85|40437
11008|5.88|30.89|40438
11015|14.94|45.36|10543
11003|13.97|29.65|20188
11003|13.97|29.23|20189
11003|13.97|29.63|20190
11003|13.97|30.28|20191
11003|13.97|29.41|20192
11003|13.97|30.30|20193
11003|13.97|29.46|20194
11003|13.97|29.26|20195
11003|13.97|30.09|20196
11011|13.56|40.31|30501
11003|14.52|38.17|40179
11003|14.52|38.63|40180
11003|14.52|36.79|40181
11003|14.52|39.03|40182
11003|14.52|37.67|40183
11003|14.52|36.61|40184
11003|14.52|40.60|40185
11003|14.52|37.54|40186
11003|14.52|38.26|40187
11021|22.19|57.34|10598
11003|20.66|44.95|20206
11003|20.66|45.07|20207
11003|20.66|44.78|20208
11003|20.66|44.92|20209
11003|20.66|44.83|20210
11003|22.16|44.52|20211
11003|22.16|44.45|20212
11003|22.16|45.14|20213
11003|22.16|44.50|20214
11011|21.88|47.29|30497
11003|22.62|41.21|40161
11003|22.62|40.27|40162
11003|22.62|41.84|40163
11003|23.42|41.79|40164
11003|23.02|42.75|40165
11003|22.02|40.27|40166
11003|22.02|40.14|40167
11003|22.02|42.31|40168
11003|22.02|42.22|40169
11002|30.39|44.57|10151
11002|30.39|42.80|10152
11002|30.39|45.15|10153
11002|30.39|45.65|10154
11002|30.39|43.32|10155
11002|30.39|44.29|10156
11002|30.39|44.35|10157
11002|30.39|43.91|10158
11002|30.39|45.24|10159
11002|30.39|42.93|10160
11214|30.33|70.09|20599
11010|28.83|53.52|30490
11010|29.39|59.09|40482
11011|37.87|80.99|10502
11012|37.65|63.36|20511
11092|38.06|61.38|31091
11013|37.97|65.60|40516
11009|46.09|62.08|10474
11009|46.09|60.50|10475
11009|46.09|64.03|10476
11002|46.30|65.28|20111
11002|46.30|64.87|20112
11002|46.30|64.71|20113
11002|46.30|65.20|20114
11002|46.30|65.41|20115
11002|46.30|64.80|20116
11002|45.70|65.96|20117
11002|45.70|65.26|20118
11002|45.70|66.50|20119
11002|45.70|65.73|20120
11002|45.72|64.61|30121
11002|46.07|64.86|30122
11002|46.42|65.63|30123
11002|46.77|65.94|30124
11002|47.12|66.24|30125
11002|47.47|66.66|30126
11002|47.82|66.94|30127
11002|48.17|67.33|30128
11002|48.52|67.99|30129
11002|48.87|68.32|30130
11018|45.54|79.22|40570
11011|53.79|86.08|10503
11011|53.44|97.11|20502
11008|52.91|82.17|30435
11008|52.91|82.15|30436
11008|52.91|73.90|30437
11008|52.91|77.43|30438
11001|54.25|72.32|40011
11001|54.15|72.31|40012
11001|54.25|71.74|40013
11001|54.25|72.53|40014
11001|54.25|72.19|40015
11001|54.25|72.71|40016
11001|54.75|71.39|40017
11001|55.05|71.51|40018
11001|54.75|71.57|40019
11001|54.75|71.33|40020
