103.89
11011|1.88|45.00|10502
11005|1.97|22.13|20326
11005|1.97|20.88|20327
11005|1.97|22.67|20328
11005|1.97|22.99|20329
11005|1.97|25.93|20330
11005|1.97|23.43|20331
11005|1.97|21.07|20332
11008|2.56|21.27|30439
11008|2.56|21.33|30440
11008|2.56|21.11|30441
11008|2.56|22.15|30442
11013|0.82|38.70|40520
11015|5.94|46.14|10542
11010|5.90|39.06|20492
11010|5.90|38.83|20493
11006|5.67|24.42|30366
11006|5.67|23.74|30367
11006|5.67|23.96|30368
11006|5.67|24.37|30369
11006|5.67|24.22|30370
11006|5.67|23.78|30371
11016|5.40|35.53|40545
11001|9.35|27.45|10011
11001|9.25|27.38|10012
11001|9.35|27.37|10013
11001|9.35|27.73|10014
11001|9.35|27.07|10015
11001|9.35|27.80|10016
11001|9.85|26.42|10017
11001|10.15|26.55|10018
11001|9.85|26.60|10019
11001|9.85|26.46|10020
11020|9.91|28.22|20587
11006|9.31|28.00|30372
11006|9.31|28.17|30373
11006|9.31|28.51|30374
11006|9.31|28.70|30375
11006|9.31|27.65|30376
11006|9.31|27.90|30377
11005|10.06|29.99|40305
11005|10.06|29.79|40306
11005|10.06|29.88|40307
11005|10.06|30.06|40308
11005|10.06|30.43|40309
11005|10.06|29.85|40310
11005|10.06|29.19|40311
11012|13.87|48.90|10508
11003|13.14|39.13|20215
11003|13.14|39.30|20216
11003|13.14|39.94|20217
11003|13.14|39.34|20218
11003|13.14|39.59|20219
11003|13.14|39.71|20220
11003|13.14|39.79|20221
11003|13.14|41.43|20222
11003|13.14|41.52|20223
11004|14.46|35.78|30297
11004|14.46|35.95|30298
11004|14.46|36.58|30299
11004|14.46|36.70|30300
11004|14.46|36.09|30301
11004|14.46|35.52|30302
11004|14.46|34.85|30303
11004|14.46|37.56|30304
11014|12.88|45.39|40532
11007|18.87|42.89|10401
11007|18.87|44.96|10402
11007|18.87|44.29|10403
11007|18.87|44.38|10404
11007|18.87|43.57|10405
11020|18.85|39.09|20586
11006|17.77|37.04|30378
11006|17.77|37.91|30379
11006|17.77|37.52|30380
11006|17.77|36.27|30381
11006|17.77|34.65|30382
11006|17.77|37.77|30383
11001|17.02|32.35|40051
11001|17.02|30.43|40052
11001|17.02|29.40|40053
11001|17.02|30.57|40054
11001|17.02|30.52|40055
11001|17.02|29.94|40056
11001|17.02|29.75|40057
11001|17.02|29.12|40058
11001|17.02|31.12|40059
11001|17.02|31.16|40060
11024|21.78|54.31|10627
11006|21.78|47.63|20354
11006|21.78|47.01|20355
11006|21.78|47.42|20356
11006|21.78|46.53|20357
11006|21.78|47.65|20358
11006|21.78|47.57|20359
11006|22.28|42.53|30390
11006|22.28|41.88|30391
11006|22.28|42.89|30392
11006|22.28|42.66|30393
11006|22.28|41.78|30394
11006|22.28|41.98|30395
11002|21.73|40.66|40121
11002|22.08|40.97|40122
11002|22.43|41.64|40123
11002|22.78|41.96|40124
11002|23.13|42.31|40125
11002|23.48|42.70|40126
11002|23.83|43.02|40127
11002|24.18|43.40|40128
11002|24.53|44.05|40129
11002|24.88|44.32|40130
11003|27.51|44.00|10224
11003|27.51|45.87|10225
11003|27.91|45.48|10226
11003|28.51|45.19|10227
11003|28.61|44.20|10228
11003|29.51|44.49|10229
11003|25.51|45.55|10230
11003|28.31|43.73|10231
11003|27.51|43.87|10232
11022|26.64|67.19|20606
11006|25.08|43.77|30372
11006|25.08|43.94|30373
11006|25.08|44.28|30374
11006|25.08|44.47|30375
11006|25.08|43.42|30376
11006|25.08|43.67|30377
11022|26.53|64.21|40608
11014|29.16|57.36|10533
11018|28.89|61.80|20568
11025|30.66|87.17|30642
11017|30.23|64.44|40556
11009|33.04|57.17|10465
11009|33.04|63.17|10466
11009|33.04|55.04|10467
11007|33.40|57.50|20401
11007|33.40|59.48|20402
11007|33.40|58.88|20403
11007|33.40|58.86|20404
11007|33.40|58.11|20405
11005|34.43|54.44|30326
11005|34.43|53.15|30327
11005|34.43|55.03|30328
11005|34.43|55.53|30329
11005|34.43|57.45|30330
11005|34.43|56.25|30331
11005|34.43|53.96|30332
11008|34.99|50.73|40455
11008|34.99|50.41|40456
11008|34.99|47.73|40457
11008|34.99|46.49|40458
11007|38.07|54.42|10426
11007|38.07|54.42|10427
11007|38.07|54.57|10428
11007|38.07|54.93|10429
11007|38.07|54.55|10430
11003|39.60|55.72|20224
11003|39.60|58.14|20225
11003|40.00|57.54|20226
11003|40.60|57.19|20227
11003|40.70|56.42|20228
11003|41.60|56.63|20229
11003|37.60|57.41|20230
11003|40.40|55.84|20231
11003|39.60|55.77|20232
11003|37.85|63.82|30215
11003|37.85|64.06|30216
11003|37.85|64.69|30217
11003|37.85|63.96|30218
11003|37.85|64.14|30219
11003|37.85|64.43|30220
11003|37.85|64.42|30221
11003|37.85|66.15|30222
11003|37.85|66.26|30223
11003|37.52|61.78|40206
11003|37.52|61.95|40207
11003|37.52|61.67|40208
11003|37.52|61.80|40209
11003|37.52|61.66|40210
11003|39.02|61.51|40211
11003|39.02|61.68|40212
11003|39.02|61.82|40213
11003|39.02|61.54|40214
11015|42.63|82.63|10540
11006|41.18|61.94|20384
11006|41.88|62.66|20385
11006|42.58|63.29|20386
11006|43.28|64.01|20387
11006|43.98|64.69|20388
11006|44.68|65.47|20389
11024|42.56|80.91|30629
11003|41.33|67.32|40215
11003|41.33|67.53|40216
11003|41.33|68.18|40217
11003|41.33|67.45|40218
11003|41.33|67.68|40219
11003|41.33|67.94|40220
11003|41.33|67.95|40221
11003|41.33|69.67|40222
11003|41.33|69.74|40223
11013|46.34|78.29|10523
11007|47.30|67.24|20411
11007|47.30|67.13|20412
11007|47.30|66.45|20413
11007|47.30|67.78|20414
11007|47.30|64.04|20415
11002|46.02|64.91|30121
11002|46.37|65.16|30122
11002|46.72|65.93|30123
11002|47.07|66.24|30124
11002|47.42|66.54|30125
11002|47.77|66.96|30126
11002|48.12|67.24|30127
11002|48.47|67.63|30128
11002|48.82|68.29|30129
11002|49.17|68.62|30130
11022|45.64|74.63|40604
11003|50.69|66.37|10188
11003|50.69|65.87|10189
11003|50.69|66.43|10190
11003|50.69|66.96|10191
11003|50.69|66.12|10192
11003|50.69|67.06|10193
11003|50.69|66.20|10194
11003|50.69|66.02|10195
11003|50.69|66.84|10196
11006|51.28|69.73|20366
11006|51.28|69.50|20367
11006|51.28|69.69|20368
11006|51.28|69.89|20369
11006|51.28|69.72|20370
11006|51.28|69.37|20371
11011|51.27|94.53|30502
11001|49.78|67.08|40001
11001|50.58|67.39|40002
11001|50.68|67.31|40003
11001|50.48|68.45|40004
11001|50.38|67.87|40005
11001|50.28|67.37|40006
11001|50.58|66.73|40007
11001|50.38|68.27|40008
11001|49.78|67.71|40009
11001|50.38|67.32|40010
11018|54.68|88.88|10570
11005|55.10|73.89|20333
11005|55.10|72.93|20334
11005|55.10|73.98|20335
11005|55.10|73.29|20336
11005|55.10|74.69|20337
11005|55.10|75.01|20338
11005|55.10|73.90|20339
11004|55.14|72.81|30257
11004|55.74|73.29|30258
11004|56.34|73.96|30259
11004|56.94|74.63|30260
11004|57.54|75.15|30261
11004|58.14|75.76|30262
11004|58.74|76.35|30263
11004|59.34|76.91|30264
11003|54.63|70.32|40188
11003|54.63|69.86|40189
11003|54.63|70.31|40190
11003|54.63|71.20|40191
11003|54.63|69.99|40192
11003|54.63|71.15|40193
11003|54.63|70.11|40194
11003|54.63|69.96|40195
11003|54.63|70.89|40196
11011|58.58|90.87|10503
11003|58.61|81.97|20179
11003|58.61|82.32|20180
11003|58.61|80.95|20181
11003|58.61|82.83|20182
11003|58.61|81.70|20183
11003|58.61|80.65|20184
11003|58.61|84.74|20185
11003|58.61|81.66|20186
11003|58.61|82.24|20187
11014|58.40|103.89|30528
11011|57.90|85.92|40495
