92.38
11002|0.56|16.44|10141
11002|0.56|16.80|10142
11002|0.56|16.22|10143
11002|0.56|16.83|10144
11002|0.56|16.16|10145
11002|0.56|16.58|10146
11002|0.56|16.23|10147
11002|0.56|15.89|10148
11002|0.56|16.05|10149
11002|0.56|15.74|10150
11004|2.64|23.66|20241
11004|2.64|23.89|20242
11004|2.64|23.24|20243
11004|2.64|23.45|20244
11004|2.64|23.51|20245
11004|2.64|24.27|20246
11004|2.64|25.46|20247
11004|2.64|25.21|20248
11023|2.61|27.53|30617
11013|1.93|29.56|40516
11005|6.34|26.79|10326
11005|6.34|25.26|10327
11005|6.34|27.41|10328
11005|6.34|27.10|10329
11005|6.34|29.98|10330
11005|6.34|28.31|10331
11005|6.34|25.61|10332
14020|4.75|58.53|20735
11021|5.50|48.76|30600
14007|4.79|38.42|40656
11007|8.81|38.30|10396
11007|8.81|34.94|10397
11007|8.81|45.83|10398
11007|8.81|42.96|10399
11007|8.81|34.95|10400
11010|10.32|42.29|20480
11010|10.32|42.09|20481
11014|10.36|39.25|30526
11004|8.83|28.33|40289
11004|8.83|29.77|40290
11004|8.83|26.76|40291
11004|8.83|25.09|40292
11004|8.83|27.93|40293
11004|8.83|28.12|40294
11004|8.83|26.26|40295
11004|8.83|28.06|40296
14013|14.64|55.61|10689
11022|13.02|54.46|20609
11004|14.61|34.14|30289
11004|14.61|35.43|30290
11004|14.61|32.49|30291
11004|14.61|30.78|30292
11004|14.61|33.79|30293
11004|14.61|33.93|30294
11004|14.61|31.99|30295
11004|14.61|33.82|30296
11001|14.80|36.11|40041
11001|14.80|35.95|40042
11001|14.80|35.70|40043
11001|14.80|36.07|40044
11001|14.80|36.76|40045
11001|14.80|36.31|40046
11001|14.80|35.83|40047
11001|14.80|36.13|40048
11001|14.80|35.37|40049
11001|14.80|36.76|40050
11015|18.09|66.75|10541
11007|17.05|41.15|20401
11007|17.05|43.13|20402
11007|17.05|42.53|20403
11007|17.05|42.51|20404
11007|17.05|41.76|20405
11025|18.15|54.10|30636
11006|18.44|37.22|40372
11006|18.44|37.35|40373
11006|18.44|37.68|40374
11006|18.44|37.92|40375
11006|18.44|36.85|40376
11006|18.44|37.00|40377
11021|22.10|51.40|10596
11012|21.04|56.84|20510
11016|22.57|56.87|30551
11014|20.96|59.82|40527
11013|26.18|58.13|10523
11006|26.00|46.38|20390
11006|26.00|45.79|20391
11006|26.00|46.85|20392
11006|26.00|46.40|20393
11006|26.00|45.53|20394
11006|26.00|45.82|20395
11004|25.92|41.03|30273
11004|25.92|41.32|30274
11004|25.92|41.75|30275
11004|25.92|41.50|30276
11004|25.92|41.62|30277
11004|25.92|42.17|30278
11004|25.92|41.87|30279
11004|25.92|42.18|30280
11018|26.25|64.71|40573
11021|30.28|59.35|10594
11003|31.55|47.67|20224
11003|31.55|50.09|20225
11003|31.95|49.49|20226
11003|32.55|49.14|20227
11003|32.65|48.37|20228
11003|33.55|48.58|20229
11003|29.55|49.36|20230
11003|32.35|47.79|20231
11003|31.55|47.72|20232
11004|29.79|53.70|30249
11004|29.79|52.48|30250
11004|29.79|54.07|30251
11004|29.79|53.24|30252
11004|29.79|53.54|30253
11004|29.79|53.47|30254
11004|29.79|53.36|30255
11004|29.79|54.28|30256
11001|28.92|45.25|40031
11001|28.92|45.34|40032
11001|28.92|45.14|40033
11001|28.92|45.13|40034
11001|28.92|45.81|40035
11001|28.92|44.84|40036
11001|28.92|44.29|40037
11001|28.92|44.93|40038
11001|28.92|45.31|40039
11001|28.92|44.81|40040
11003|34.46|60.39|10215
11003|34.46|60.63|10216
11003|34.46|61.29|10217
11003|34.46|60.63|10218
11003|34.46|60.78|10219
11003|34.46|61.10|10220
11003|34.46|61.14|10221
11003|34.46|62.59|10222
11003|34.46|62.73|10223
11002|33.07|53.12|20101
11002|33.07|52.02|20102
11002|33.07|52.39|20103
11002|33.07|52.68|20104
11002|33.07|51.98|20105
11002|33.07|52.99|20106
11002|33.07|49.72|20107
11002|33.07|52.68|20108
11002|33.07|51.22|20109
11002|33.07|51.90|20110
14007|34.29|62.59|30654
11007|33.96|54.18|40421
11007|33.96|53.53|40422
11007|33.96|53.05|40423
11007|33.96|52.58|40424
11007|33.96|52.56|40425
11022|37.66|69.98|10612
11002|37.80|57.85|20101
11002|37.80|56.75|20102
11002|37.80|57.12|20103
11002|37.80|57.41|20104
11002|37.80|56.71|20105
11002|37.80|57.72|20106
11002|37.80|54.45|20107
11002|37.80|57.41|20108
11002|37.80|55.95|20109
11002|37.80|56.63|20110
11013|37.96|83.53|30522
11001|37.95|55.25|40001
11001|38.75|55.56|40002
11001|38.85|55.48|40003
11001|38.65|56.62|40004
11001|38.55|56.04|40005
11001|38.45|55.54|40006
11001|38.75|54.90|40007
11001|38.55|56.44|40008
11001|37.95|55.88|40009
11001|38.55|55.49|40010
11003|42.95|61.53|10161
11003|42.95|60.77|10162
11003|42.95|62.10|10163
11003|43.75|61.98|10164
11003|43.35|63.13|10165
11003|42.35|60.58|10166
11003|42.35|60.46|10167
11003|42.35|62.74|10168
11003|42.35|62.52|10169
11015|42.54|68.69|20537
14007|41.43|69.73|30654
11013|41.10|71.90|40515
11008|45.86|60.47|10443
11008|45.86|59.42|10444
11008|45.86|61.29|10445
11008|45.86|60.26|10446
11002|45.25|60.91|20141
11002|45.25|61.52|20142
11002|45.25|60.86|20143
11002|45.25|61.51|20144
11002|45.25|60.89|20145
11002|45.25|61.35|20146
11002|45.25|60.96|20147
11002|45.25|60.58|20148
11002|45.25|60.91|20149
11002|45.25|60.40|20150
11024|46.95|85.30|30629
11008|46.12|60.73|40443
11008|46.12|59.69|40444
11008|46.12|61.48|40445
11008|46.12|60.54|40446
11001|49.82|71.00|10041
11001|49.82|70.91|10042
11001|49.82|70.66|10043
11001|49.82|71.14|10044
11001|49.82|71.59|10045
11001|49.82|71.33|10046
11001|49.82|70.76|10047
11001|49.82|71.11|10048
11001|49.82|70.35|10049
11001|49.82|71.79|10050
11007|49.45|69.73|20421
11007|49.45|69.14|20422
11007|49.45|68.56|20423
11007|49.45|67.95|20424
11007|49.45|68.10|20425
11007|49.97|70.10|30406
11007|49.97|70.22|30407
11007|49.97|69.63|30408
11007|49.97|69.40|30409
11007|49.97|69.46|30410
11008|49.75|68.41|40447
11008|49.75|70.21|40448
11008|49.75|69.76|40449
11008|49.75|69.64|40450
11007|54.33|70.68|10426
11007|54.33|70.68|10427
11007|54.33|70.83|10428
11007|54.33|71.19|10429
11007|54.33|70.81|10430
11009|55.02|71.06|20474
11009|55.02|69.50|20475
11009|55.02|72.65|20476
11004|54.26|69.44|30281
11004|54.26|69.75|30282
11004|54.26|70.13|30283
11004|54.26|70.96|30284
11004|54.26|71.10|30285
11004|54.26|69.86|30286
11004|54.26|70.32|30287
11004|54.26|70.05|30288
11008|54.01|69.75|40455
11008|54.01|69.43|40456
11008|54.01|66.75|40457
11008|54.01|65.51|40458
11010|59.20|92.38|10492
11010|59.20|91.99|10493
