51.60
11010|5.46|38.64|10492
11010|5.46|38.25|10493
11010|5.77|26.81|20486
11010|5.77|33.30|20487
11004|5.55|20.73|30281
11004|5.55|21.04|30282
11004|5.55|21.42|30283
11004|5.55|22.25|30284
11004|5.55|22.39|30285
11004|5.55|21.15|30286
11002|5.79|24.70|40111
11002|5.79|24.17|40112
11002|5.79|24.06|40113
11002|5.79|24.96|40114
11002|5.79|24.83|40115
11002|5.79|24.19|40116
11002|5.19|26.20|40117
11001|13.22|30.34|10021
11001|13.64|30.56|10022
11001|14.06|31.04|10023
11001|14.48|31.40|10024
11001|14.90|31.79|10025
11001|15.32|32.24|10026
11001|15.74|32.68|10027
11001|12.57|28.15|20051
11001|12.57|26.15|20052
11001|12.57|24.95|20053
11001|12.57|26.16|20054
11001|12.57|26.12|20055
11001|12.57|25.50|20056
11001|12.57|25.42|20057
11006|12.83|31.58|30366
11006|12.83|30.90|30367
11006|12.83|31.12|30368
11006|12.83|31.53|30369
11004|12.54|36.45|40249
11004|12.54|35.23|40250
11004|12.54|36.82|40251
11004|12.54|35.99|40252
11004|12.54|36.29|40253
11004|12.54|36.22|40254
11002|19.95|35.36|10131
11002|19.95|35.60|10132
11002|19.95|33.96|10133
11002|19.95|35.24|10134
11002|19.95|33.46|10135
11002|19.95|33.17|10136
11002|19.95|33.92|10137
11006|19.67|38.43|20372
11006|19.67|38.58|20373
11006|19.67|38.92|20374
11006|19.67|39.09|20375
11007|19.55|43.60|30401
11007|19.55|45.81|30402
11007|19.55|45.02|30403
11007|19.55|45.11|30404
11010|19.35|40.55|40486
11010|19.35|46.78|40487
11005|24.88|44.79|10305
11005|24.88|44.72|10306
11005|24.88|44.87|10307
11005|24.88|45.00|10308
11005|24.88|45.34|10309
11004|25.40|46.89|20297
11004|25.40|46.91|20298
11004|25.40|47.61|20299
11004|25.40|47.68|20300
11004|25.40|47.36|20301
11004|25.40|46.51|20302
11007|25.34|49.39|30401
11007|25.34|51.60|30402
11007|25.34|50.81|30403
11007|25.34|50.90|30404
11005|24.83|44.85|40326
11005|24.83|43.64|40327
11005|24.83|45.87|40328
11005|24.83|45.69|40329
11005|24.83|47.90|40330
