117.32
11001|3.58|20.06|10061
11001|3.58|20.55|10062
11001|3.58|19.55|10063
11001|3.58|19.26|10064
11001|3.58|20.05|10065
11001|2.53|21.66|10066
11001|2.83|20.23|10067
11001|2.83|20.66|10068
11001|2.53|21.24|10069
11001|2.83|20.43|10070
11014|1.45|33.80|20532
11010|2.41|34.11|30480
11010|2.41|33.83|30481
11002|2.28|18.16|40141
11002|2.28|18.38|40142
11002|2.28|17.93|40143
11002|2.28|18.54|40144
11002|2.28|17.91|40145
11002|2.28|17.79|40146
11002|2.28|18.00|40147
11002|2.28|17.62|40148
11002|2.28|17.73|40149
11002|2.28|17.28|40150
11011|5.38|39.46|10499
11001|6.59|22.93|20031
11001|6.59|23.00|20032
11001|6.59|22.82|20033
11001|6.59|22.69|20034
11001|6.59|23.37|20035
11001|6.59|22.57|20036
11001|6.59|21.96|20037
11001|6.59|22.62|20038
11001|6.59|23.02|20039
11001|6.59|22.58|20040
11025|4.67|60.92|30638
11003|6.23|32.22|40215
11003|6.23|32.43|40216
11003|6.23|33.08|40217
11003|6.23|32.35|40218
11003|6.23|32.58|40219
11003|6.23|32.84|40220
11003|6.23|32.85|40221
11003|6.23|34.57|40222
11003|6.23|34.64|40223
11010|10.29|43.47|10492
11010|10.29|43.08|10493
11013|10.52|40.99|20515
11010|8.84|36.21|30484
11010|8.84|35.37|30485
11021|10.40|47.48|40602
11015|14.71|44.55|10535
11005|14.66|28.50|20319
11005|15.31|29.11|20320
11005|15.96|29.77|20321
11005|16.61|30.41|20322
11005|17.26|31.12|20323
11005|17.91|31.77|20324
11005|18.56|32.25|20325
11009|13.89|29.89|30474
11009|13.89|28.40|30475
11009|13.89|31.64|30476
11001|14.80|32.87|40011
11001|14.70|32.86|40012
11001|14.80|32.29|40013
11001|14.80|33.08|40014
11001|14.80|32.74|40015
11001|14.80|33.26|40016
11001|15.30|31.94|40017
11001|15.60|32.06|40018
11001|15.30|32.12|40019
11001|15.30|31.88|40020
11009|18.18|40.15|10471
11009|18.18|39.41|10472
11009|18.18|40.54|10473
11013|17.97|49.40|20517
11008|17.32|36.07|30447
11008|17.32|37.88|30448
11008|17.32|37.37|30449
11008|17.32|36.94|30450
11004|16.84|34.44|40257
11004|17.44|35.08|40258
11004|18.04|35.73|40259
11004|18.64|36.29|40260
11004|19.24|36.85|40261
11004|19.84|37.49|40262
11004|20.44|38.05|40263
11004|21.04|38.66|40264
11014|21.61|50.20|10526
11001|21.82|39.80|20011
11001|21.72|39.87|20012
11001|21.82|39.50|20013
11001|21.82|40.19|20014
11001|21.82|39.56|20015
11001|21.82|40.10|20016
11001|22.32|38.87|20017
11001|22.62|39.13|20018
11001|22.32|39.16|20019
11001|22.32|39.08|20020
11026|21.62|92.24|30652
11016|22.49|52.62|40545
11018|24.96|57.71|10568
11013|25.49|57.40|20523
11022|25.54|64.02|30610
11022|26.93|64.61|40608
11003|30.91|46.59|10188
11003|30.91|46.09|10189
11003|30.91|46.65|10190
11003|30.91|47.18|10191
11003|30.91|46.34|10192
11003|30.91|47.28|10193
11003|30.91|46.42|10194
11003|30.91|46.24|10195
11003|30.91|47.06|10196
11015|30.07|60.02|20543
11012|30.26|61.64|30504
11009|30.44|61.32|40468
11009|30.44|57.94|40469
11009|30.44|61.87|40470
11001|34.89|52.12|10001
11001|35.69|52.55|10002
11001|35.79|52.30|10003
11001|35.59|53.52|10004
11001|35.49|53.04|10005
11001|35.39|52.44|10006
11001|35.69|51.82|10007
11001|35.49|53.45|10008
11001|34.89|52.80|10009
11001|35.49|52.44|10010
14019|34.51|68.84|20730
11005|33.15|51.02|30312
11005|33.15|51.16|30313
11005|33.15|52.11|30314
11005|33.15|56.43|30315
11005|33.15|53.90|30316
11005|33.15|50.90|30317
11005|33.15|50.80|30318
11003|34.79|60.78|40215
11003|34.79|60.99|40216
11003|34.79|61.64|40217
11003|34.79|60.91|40218
11003|34.79|61.14|40219
11003|34.79|61.40|40220
11003|34.79|61.41|40221
11003|34.79|63.13|40222
11003|34.79|63.20|40223
11015|38.74|68.14|10538
11001|37.42|53.00|20051
11001|37.42|51.00|20052
11001|37.42|49.80|20053
11001|37.42|51.01|20054
11001|37.42|50.97|20055
11001|37.42|50.35|20056
11001|37.42|50.27|20057
11001|37.42|49.61|20058
11001|37.42|51.57|20059
11001|37.42|51.68|20060
11013|38.61|71.28|30518
11005|38.24|56.94|40333
11005|38.24|56.13|40334
11005|38.24|57.07|40335
11005|38.24|56.39|40336
11005|38.24|57.56|40337
11005|38.24|57.98|40338
11005|38.24|56.88|40339
11024|42.85|80.17|10624
11012|41.29|67.00|20511
11014|42.28|81.01|30527
11006|41.37|61.51|40360
11006|41.37|61.57|40361
11006|41.37|61.77|40362
11006|41.37|61.24|40363
11006|41.37|60.13|40364
11006|41.37|60.38|40365
11004|45.52|66.66|10241
11004|45.52|66.42|10242
11004|45.52|65.73|10243
11004|45.52|65.94|10244
11004|45.52|66.98|10245
11004|45.52|67.52|10246
11004|45.52|68.39|10247
11004|45.52|68.49|10248
11001|45.93|67.17|20041
11001|45.93|67.05|20042
11001|45.93|66.77|20043
11001|45.93|67.29|20044
11001|45.93|67.92|20045
11001|45.93|67.38|20046
11001|45.93|66.91|20047
11001|45.93|67.16|20048
11001|45.93|66.52|20049
11001|45.93|67.93|20050
11003|46.79|70.10|30170
11003|46.79|69.14|30171
11003|46.79|68.25|30172
11003|47.59|68.25|30173
11003|47.59|70.63|30174
11003|47.59|71.94|30175
11003|47.59|73.88|30176
11003|46.79|72.43|30177
11003|47.89|72.46|30178
11004|46.36|64.35|40265
11004|46.36|63.89|40266
11004|46.36|64.58|40267
11004|46.36|64.99|40268
11004|46.36|65.68|40269
11004|46.36|65.52|40270
11004|46.36|65.13|40271
11004|46.36|64.46|40272
11015|50.09|98.75|10541
11006|51.19|71.50|20360
11006|51.19|71.16|20361
11006|51.19|71.96|20362
11006|51.19|71.05|20363
11006|51.19|70.36|20364
11006|51.19|70.16|20365
11007|49.62|79.63|30396
11007|49.62|75.61|30397
11007|49.62|87.21|30398
11007|49.62|82.77|30399
11007|49.62|76.13|30400
11015|50.92|77.28|40537
11020|54.60|72.49|10585
11025|53.74|117.32|20643
11010|55.28|84.90|30482
11010|55.28|79.90|30483
11004|53.51|73.01|40289
11004|53.51|74.45|40290
11004|53.51|71.44|40291
11004|53.51|69.77|40292
11004|53.51|72.61|40293
11004|53.51|72.80|40294
11004|53.51|70.94|40295
11004|53.51|72.74|40296
11001|57.62|73.93|10031
11001|57.62|74.00|10032
11001|57.62|73.87|10033
11001|57.62|73.71|10034
11001|57.62|74.31|10035
11001|57.62|73.55|10036
11001|57.62|72.99|10037
11001|57.62|73.57|10038
11001|57.62|73.99|10039
11001|57.62|73.40|10040
11005|58.79|77.58|20333
11005|58.79|76.62|20334
11005|58.79|77.67|20335
11005|58.79|76.98|20336
11005|58.79|78.38|20337
11005|58.79|78.70|20338
11005|58.79|77.59|20339
11014|57.75|86.43|30533
11008|58.50|73.11|40443
11008|58.50|72.07|40444
11008|58.50|73.86|40445
11008|58.50|72.92|40446
