58.68
11001|5.59|21.39|10051
11001|5.59|19.15|10052
11001|5.59|17.93|10053
11001|5.59|19.35|10054
11001|5.59|19.29|10055
11001|5.59|18.53|10056
11001|5.59|18.42|10057
11010|5.24|43.55|20488
11010|5.24|37.81|20489
11001|5.25|26.56|40041
11001|5.25|26.40|40042
11001|5.25|26.15|40043
11001|5.25|26.52|40044
11001|5.25|27.21|40045
11001|5.25|26.76|40046
11001|5.25|26.28|40047
11007|6.11|30.16|30401
11007|6.11|32.37|30402
11007|6.11|31.58|30403
11007|6.11|31.67|30404
11007|6.11|30.74|30405
11001|13.26|30.05|20021
11001|13.68|30.61|20022
11001|14.10|30.97|20023
11001|14.52|31.39|20024
11001|14.94|31.86|20025
11001|15.36|32.29|20026
11001|15.78|32.67|20027
11010|13.64|45.34|30480
11010|13.64|45.06|30481
11001|13.82|37.03|40071
11001|13.82|36.72|40072
11001|13.82|36.55|40073
11001|13.82|36.02|40074
11001|13.82|36.48|40075
11001|13.82|36.21|40076
11001|14.22|35.82|40077
11001|18.73|35.04|10031
11001|18.73|35.11|10032
11001|18.73|34.98|10033
11001|18.73|34.82|10034
11001|18.73|35.42|10035
11001|18.73|34.66|10036
11001|18.73|34.10|10037
11007|19.02|48.48|20396
11007|19.02|45.01|20397
11007|19.02|55.54|20398
11007|19.02|52.59|20399
11007|19.02|45.56|20400
11007|18.67|38.80|30406
11007|18.67|38.92|30407
11007|18.67|38.33|30408
11007|18.67|38.10|30409
11007|18.67|38.16|30410
11001|18.49|41.70|40071
11001|18.49|41.39|40072
11001|18.49|41.22|40073
11001|18.49|40.69|40074
11001|18.49|41.15|40075
11001|18.49|40.88|40076
11001|18.89|40.49|40077
11010|26.71|58.68|10480
11010|26.71|58.48|10481
11007|26.11|50.16|30401
11007|26.11|52.37|30402
11007|26.11|51.58|30403
11007|26.11|51.67|30404
11007|26.11|50.74|30405
11001|26.58|44.65|40011
11001|26.48|44.64|40012
11001|26.58|44.07|40013
11001|26.58|44.86|40014
11001|26.58|44.52|40015
11001|26.58|45.04|40016
11001|27.08|43.72|40017
