57.03
33074|0.00|25.50|50420
33074|2.00|27.50|50420
33074|4.00|29.50|50420
33074|6.00|31.50|50420
33074|8.00|33.50|50420
33074|10.00|35.50|50420
33074|12.00|37.50|50420
33074|14.00|39.50|50420
33074|16.00|41.50|50420
33074|18.00|43.50|50420
33074|20.00|45.50|50420
33074|22.00|47.50|50420
33074|24.00|49.50|50420
33074|26.00|51.50|50420
33074|1.00|26.53|50421
33074|3.00|28.53|50421
33074|5.00|30.53|50421
33074|7.00|32.53|50421
33074|9.00|34.53|50421
33074|11.00|36.53|50421
33074|13.00|38.53|50421
33074|15.00|40.53|50421
33074|17.00|42.53|50421
33074|19.00|44.53|50421
33074|21.00|46.53|50421
33074|23.00|48.53|50421
33074|25.00|50.53|50421
33074|27.00|52.53|50421
33074|0.50|20.11|50422
33074|2.50|22.11|50422
33074|4.50|24.11|50422
33074|6.50|26.11|50422
33074|8.50|28.11|50422
33074|10.50|30.11|50422
33074|12.50|32.11|50422
33074|14.50|34.11|50422
33074|16.50|36.11|50422
33074|18.50|38.11|50422
33074|20.50|40.11|50422
33074|22.50|42.11|50422
33074|24.50|44.11|50422
33074|26.50|46.11|50422
33074|1.50|20.88|50423
33074|3.50|22.88|50423
33074|5.50|24.88|50423
33074|7.50|26.88|50423
33074|9.50|28.88|50423
33074|11.50|30.88|50423
33074|13.50|32.88|50423
33074|15.50|34.88|50423
33074|17.50|36.88|50423
33074|19.50|38.88|50423
33074|21.50|40.88|50423
33074|23.50|42.88|50423
33074|25.50|44.88|50423
33074|27.50|46.88|50423
34077|0.50|39.03|50424
33076|3.50|42.03|50424
33075|6.50|45.03|50424
33074|9.50|48.03|50424
33074|12.50|51.03|50424
33075|15.50|54.03|50424
33074|18.50|57.03|50424
