48.67
11001|5.20|26.38|10041
11001|5.20|26.29|10042
11001|5.20|26.04|10043
11001|5.20|26.52|10044
11001|5.20|26.97|10045
11001|5.20|26.71|10046
11001|5.20|26.14|10047
11001|5.95|23.93|20011
11001|5.85|24.00|20012
11001|5.95|23.63|20013
11001|5.95|24.32|20014
11001|5.95|23.69|20015
11001|5.95|24.23|20016
11001|6.45|23.00|20017
11010|5.05|25.96|30486
11010|5.05|32.85|30487
11001|5.21|22.51|40001
11001|6.01|22.82|40002
11001|6.11|22.74|40003
11001|5.91|23.88|40004
11001|5.81|23.30|40005
11001|5.71|22.80|40006
11001|6.01|22.16|40007
11007|6.42|26.55|30406
11007|6.42|26.67|30407
11007|6.42|26.08|30408
11007|6.42|25.85|30409
11007|6.42|25.91|30410
11001|14.29|30.77|10061
11001|14.29|31.26|10062
11001|14.29|30.26|10063
11001|14.29|29.97|10064
11001|14.29|30.76|10065
11001|13.24|32.37|10066
11001|13.54|30.94|10067
11001|13.31|31.38|40011
11001|13.21|31.37|40012
11001|13.31|30.80|40013
11001|13.31|31.59|40014
11001|13.31|31.25|40015
11001|13.31|31.77|40016
11001|13.81|30.45|40017
11010|19.05|48.67|10482
11010|19.05|43.32|10483
11001|19.23|40.47|20041
11001|19.23|40.35|20042
11001|19.23|40.07|20043
11001|19.23|40.59|20044
11001|19.23|41.22|20045
11001|19.23|40.68|20046
11001|19.23|40.21|20047
11001|18.86|36.93|40011
11001|18.76|36.92|40012
11001|18.86|36.35|40013
11001|18.86|37.14|40014
11001|18.86|36.80|40015
11001|18.86|37.32|40016
11001|26.38|47.62|20041
11001|26.38|47.50|20042
11001|26.38|47.22|20043
11001|26.38|47.74|20044
11001|26.38|48.37|20045
11001|26.38|47.83|20046
11001|26.38|47.36|20047
11007|26.42|46.55|30406
11007|26.42|46.67|30407
11007|26.42|46.08|30408
11007|26.42|45.85|30409
11007|26.42|45.91|30410
11001|26.78|43.11|40031
11001|26.78|43.20|40032
11001|26.78|43.00|40033
11001|26.78|42.99|40034
11001|26.78|43.67|40035
11001|26.78|42.70|40036
11001|26.78|42.15|40037
