66.08
33074|0.00|28.10|50439
33074|2.00|30.10|50439
33074|4.00|32.10|50439
33074|6.00|34.10|50439
33074|8.00|36.10|50439
33074|10.00|38.10|50439
33074|12.00|40.10|50439
33074|14.00|42.10|50439
33074|16.00|44.10|50439
33074|18.00|46.10|50439
33074|20.00|48.10|50439
33074|22.00|50.10|50439
33074|24.00|52.10|50439
33074|26.00|54.10|50439
33074|28.00|56.10|50439
33074|30.00|58.10|50439
33074|32.00|60.10|50439
33074|34.00|62.10|50439
33074|36.00|64.10|50439
33074|0.50|28.81|50440
33074|2.50|30.81|50440
33074|4.50|32.81|50440
33074|6.50|34.81|50440
33074|8.50|36.81|50440
33074|10.50|38.81|50440
33074|12.50|40.81|50440
33074|14.50|42.81|50440
33074|16.50|44.81|50440
33074|18.50|46.81|50440
33074|20.50|48.81|50440
33074|22.50|50.81|50440
33074|24.50|52.81|50440
33074|26.50|54.81|50440
33074|28.50|56.81|50440
33074|30.50|58.81|50440
33074|32.50|60.81|50440
33074|34.50|62.81|50440
33074|36.50|64.81|50440
33074|1.00|29.61|50441
33074|3.00|31.61|50441
33074|5.00|33.61|50441
33074|7.00|35.61|50441
33074|9.00|37.61|50441
33074|11.00|39.61|50441
33074|13.00|41.61|50441
33074|15.00|43.61|50441
33074|17.00|45.61|50441
33074|19.00|47.61|50441
33074|21.00|49.61|50441
33074|23.00|51.61|50441
33074|25.00|53.61|50441
33074|27.00|55.61|50441
33074|29.00|57.61|50441
33074|31.00|59.61|50441
33074|33.00|61.61|50441
33074|35.00|63.61|50441
33074|37.00|65.61|50441
33074|1.50|30.08|50442
33074|3.50|32.08|50442
33074|5.50|34.08|50442
33074|7.50|36.08|50442
33074|9.50|38.08|50442
33074|11.50|40.08|50442
33074|13.50|42.08|50442
33074|15.50|44.08|50442
33074|17.50|46.08|50442
33074|19.50|48.08|50442
33074|21.50|50.08|50442
33074|23.50|52.08|50442
33074|25.50|54.08|50442
33074|27.50|56.08|50442
33074|29.50|58.08|50442
33074|31.50|60.08|50442
33074|33.50|62.08|50442
33074|35.50|64.08|50442
33074|37.50|66.08|50442
33075|0.50|36.29|50443
33076|4.00|39.79|50443
34077|7.50|43.29|50443
33075|11.00|46.79|50443
33075|14.50|50.29|50443
33076|18.00|53.79|50443
33075|21.50|57.29|50443
34077|25.00|60.79|50443
33075|28.50|64.29|50443
