55.20
11008|5.06|20.64|10455
11008|5.06|20.61|10456
11008|5.06|17.93|10457
11008|5.06|16.45|10458
11004|5.04|22.71|20257
11004|5.64|23.25|20258
11004|6.24|23.89|20259
11004|6.84|24.45|20260
11004|7.44|25.05|20261
11004|8.04|25.70|20262
11002|5.48|33.44|30081
11002|5.73|33.75|30082
11002|5.78|33.73|30083
11002|5.98|33.73|30084
11002|5.48|35.33|30085
11002|6.48|34.82|30086
11002|7.08|35.49|30087
11003|5.53|27.35|40197
11003|5.53|27.73|40198
11003|5.53|27.15|40199
11003|5.53|27.73|40200
11003|5.53|27.57|40201
11003|5.53|26.60|40202
11005|11.99|32.44|10326
11005|11.99|30.91|10327
11005|11.99|33.06|10328
11005|11.99|32.75|10329
11005|11.99|35.63|10330
11005|11.97|32.13|20326
11005|11.97|30.88|20327
11005|11.97|32.67|20328
11005|11.97|32.99|20329
11007|12.01|31.88|30411
11007|12.01|31.85|30412
11007|12.01|31.11|30413
11007|12.01|32.42|30414
11002|12.75|31.66|40111
11002|12.75|31.13|40112
11002|12.75|31.02|40113
11002|12.75|31.92|40114
11002|12.75|31.79|40115
11002|12.75|31.15|40116
11002|12.15|33.16|40117
11008|18.90|33.51|10443
11008|18.90|32.46|10444
11008|18.90|34.33|10445
11008|18.90|33.30|10446
11002|18.94|34.60|20141
11002|18.94|35.21|20142
11002|18.94|34.55|20143
11002|18.94|35.20|20144
11002|18.94|34.58|20145
11002|18.94|35.04|20146
11002|18.94|34.65|20147
11002|18.95|37.84|30121
11002|19.30|38.09|30122
11002|19.65|38.86|30123
11002|20.00|39.17|30124
11002|20.35|39.47|30125
11002|20.70|39.89|30126
11002|21.05|40.17|30127
11008|18.73|34.47|40455
11008|18.73|34.15|40456
11008|18.73|31.47|40457
11008|18.73|30.23|40458
11003|24.31|48.63|10206
11003|24.31|48.95|10207
11003|24.31|48.59|10208
11003|24.31|48.59|10209
11003|24.31|48.50|10210
11003|25.81|48.54|10211
11005|23.83|37.67|20319
11005|24.48|38.28|20320
11005|25.13|38.94|20321
11005|25.78|39.58|20322
11005|26.43|40.29|20323
11008|24.25|38.90|30443
11008|24.25|37.83|30444
11008|24.25|39.65|30445
11008|24.25|38.71|30446
11010|24.47|49.35|40490
11010|24.47|55.20|40491
11007|29.65|46.00|10426
11007|29.65|46.00|10427
11007|29.65|46.15|10428
11007|29.65|46.51|10429
11001|29.40|50.64|20041
11001|29.40|50.52|20042
11001|29.40|50.24|20043
11001|29.40|50.76|20044
11001|29.40|51.39|20045
11001|29.40|50.85|20046
11001|29.40|50.38|20047
