104.06
11012|5.33|55.85|10507
11010|6.60|38.57|20480
11012|5.33|41.09|30510
11004|5.13|24.63|40289
11004|5.13|26.07|40290
11004|5.13|23.06|40291
11004|5.13|21.39|40292
11004|5.13|24.23|40293
11004|5.13|24.42|40294
11004|5.13|22.56|40295
11004|5.13|24.36|40296
11016|11.75|47.99|10550
11092|11.78|53.96|21090
11002|11.89|27.48|30131
11002|11.89|27.16|30132
11002|11.89|25.94|30133
11002|11.89|26.94|30134
11002|11.89|25.24|30135
11002|11.89|24.93|30136
11002|11.89|26.01|30137
11002|11.89|26.32|30138
11002|11.89|25.28|30139
11002|11.89|24.36|30140
11004|11.17|28.77|40257
11004|11.77|29.41|40258
11004|12.37|30.06|40259
11004|12.97|30.62|40260
11004|13.57|31.18|40261
11004|14.17|31.82|40262
11004|14.77|32.38|40263
11004|15.37|32.99|40264
11003|18.70|35.19|10224
11003|18.70|37.06|10225
11003|19.10|36.67|10226
11003|19.70|36.38|10227
11003|19.80|35.39|10228
11003|20.70|35.68|10229
11003|16.70|36.74|10230
11003|19.50|34.92|10231
11003|18.70|35.06|10232
11021|17.68|47.01|20594
11012|16.83|54.95|30513
11092|16.86|54.45|41001
11004|25.05|44.52|10289
11004|25.05|45.73|10290
11004|25.05|43.01|10291
11004|25.05|41.28|10292
11004|25.05|44.23|10293
11004|25.05|44.34|10294
11004|25.05|42.48|10295
11004|25.05|44.33|10296
11011|25.08|68.87|20500
11011|24.91|52.94|30495
11003|25.06|43.65|40161
11003|25.06|42.71|40162
11003|25.06|44.28|40163
11003|25.86|44.23|40164
11003|25.46|45.19|40165
11003|24.46|42.71|40166
11003|24.46|42.58|40167
11003|24.46|44.75|40168
11003|24.46|44.66|40169
11214|30.55|62.86|10601
11090|30.38|50.34|21084
11013|31.61|58.84|30514
11016|31.17|71.56|40547
11011|36.86|65.11|10495
11003|36.76|52.44|20188
11003|36.76|52.02|20189
11003|36.76|52.42|20190
11003|36.76|53.07|20191
11003|36.76|52.20|20192
11003|36.76|53.09|20193
11003|36.76|52.25|20194
11003|36.76|52.05|20195
11003|36.76|52.88|20196
11012|37.09|72.22|30508
11011|37.62|81.43|40500
11012|43.81|81.76|10513
11008|45.54|74.80|20435
11008|45.54|73.91|20436
11008|45.54|66.51|20437
11008|45.54|70.48|20438
11004|45.03|64.56|30289
11004|45.03|65.85|30290
11004|45.03|62.91|30291
11004|45.03|61.20|30292
11004|45.03|64.21|30293
11004|45.03|64.35|30294
11004|45.03|62.41|30295
11004|45.03|64.24|30296
11004|44.45|65.72|40233
11004|44.45|65.22|40234
11004|44.45|65.52|40235
11004|44.45|65.24|40236
11004|44.45|65.55|40237
11004|44.45|65.43|40238
11004|44.45|65.77|40239
11004|44.45|65.81|40240
11013|51.61|78.82|10514
11012|51.46|102.12|20507
11015|50.42|76.14|30536
11025|50.56|83.67|40634
11016|56.62|87.51|10549
11004|58.18|79.20|20241
11004|58.18|79.43|20242
11004|58.18|78.78|20243
11004|58.18|78.99|20244
11004|58.18|79.05|20245
11004|58.18|79.81|20246
11004|58.18|81.00|20247
11004|58.18|80.75|20248
11012|57.34|95.46|30513
11002|58.03|72.12|40091
11002|58.03|72.10|40092
11002|58.03|71.61|40093
11002|58.03|72.09|40094
11002|58.03|72.11|40095
11002|57.43|73.42|40096
11002|57.43|73.12|40097
11002|57.43|73.27|40098
11002|57.83|73.21|40099
11002|57.43|72.81|40100
