103.52
11013|4.72|44.21|10519
11009|4.71|28.60|20465
11009|4.71|34.63|20466
11009|4.71|26.77|20467
11007|5.97|25.84|30411
11007|5.97|25.81|30412
11007|5.97|25.07|30413
11007|5.97|26.38|30414
11007|5.97|22.74|30415
11015|5.84|34.93|40538
11214|13.10|50.03|10602
11010|12.30|45.46|20492
11024|13.14|70.59|30631
11011|13.38|43.84|40494
11025|20.14|83.72|10643
11020|19.57|40.42|20592
11009|20.59|44.64|30465
11009|20.59|49.08|30466
11009|20.59|42.35|30467
11013|19.73|51.74|40523
11026|25.98|65.75|10646
11025|26.01|72.18|20639
11017|27.40|63.64|30559
11026|27.38|81.70|40649
11008|32.90|52.14|10431
11008|32.90|52.23|10432
11008|32.90|53.88|10433
11008|32.90|52.26|10434
11009|32.92|56.81|20465
11009|32.92|62.84|20466
11009|32.92|54.98|20467
11015|33.31|63.36|30543
11016|34.19|74.58|40547
11002|39.27|59.28|10101
11002|39.27|58.24|10102
11002|39.27|58.57|10103
11002|39.27|58.94|10104
11002|39.27|58.16|10105
11002|39.27|59.19|10106
11002|39.27|55.92|10107
11002|39.27|58.93|10108
11002|39.27|57.46|10109
11002|39.27|58.10|10110
11024|39.03|75.42|20625
11008|39.57|58.28|30439
11008|39.57|58.34|30440
11008|39.57|58.12|30441
11008|39.57|59.16|30442
11007|39.72|63.58|40401
11007|39.72|65.97|40402
11007|39.72|65.19|40403
11007|39.72|65.16|40404
11007|39.72|64.45|40405
11007|47.99|68.08|10406
11007|47.99|68.24|10407
11007|47.99|67.73|10408
11007|47.99|67.37|10409
11007|47.99|67.41|10410
11010|48.11|80.08|20480
11015|47.01|76.39|30538
11024|47.37|103.52|40631
11012|52.93|78.57|10511
11017|54.40|98.03|20560
11010|53.54|92.00|30488
11020|53.64|76.92|40588
