61.25
11007|5.04|29.06|10401
11007|5.04|31.13|10402
11007|5.04|30.46|10403
11007|5.04|30.55|10404
11007|5.04|29.74|10405
11003|5.35|28.68|20170
11003|5.35|27.78|20171
11003|5.35|26.85|20172
11003|6.15|27.32|20173
11003|6.15|30.27|20174
11003|6.15|31.99|20175
11003|6.15|32.51|20176
11003|5.35|30.83|20177
11003|6.45|31.09|20178
11006|5.99|26.35|30360
11006|5.99|26.05|30361
11006|5.99|26.34|30362
11006|5.99|25.86|30363
11006|5.99|25.08|30364
11006|5.99|24.95|30365
11007|5.12|21.41|40426
11007|5.12|21.46|40427
11007|5.12|21.58|40428
11007|5.12|22.01|40429
11007|5.12|21.59|40430
11003|11.64|37.57|10215
11003|11.64|37.81|10216
11003|11.64|38.47|10217
11003|11.64|37.81|10218
11003|11.64|37.96|10219
11003|11.64|38.28|10220
11003|11.64|38.32|10221
11003|11.64|39.77|10222
11003|11.64|39.91|10223
11010|12.11|45.27|20492
11010|12.11|45.04|20493
11010|12.13|50.59|30488
11010|12.13|45.23|30489
11001|13.38|29.89|40061
11001|13.38|30.57|40062
11001|13.38|29.41|40063
11001|13.38|28.90|40064
11001|13.38|30.01|40065
11001|12.33|31.45|40066
11001|12.63|30.08|40067
11005|17.90|38.35|10326
11005|17.90|36.82|10327
11005|17.90|38.97|10328
11005|17.90|38.66|10329
11005|17.90|41.54|10330
11005|17.90|39.87|10331
11005|17.90|37.17|10332
11001|17.22|33.56|20031
11001|17.22|33.63|20032
11001|17.22|33.45|20033
11001|17.22|33.32|20034
11001|17.22|34.00|20035
11001|17.22|33.20|20036
11001|17.22|32.59|20037
11007|18.14|42.19|30401
11007|18.14|44.40|30402
11007|18.14|43.61|30403
11007|18.14|43.70|30404
11007|18.14|42.77|30405
11001|18.11|34.44|40031
11001|18.11|34.53|40032
11001|18.11|34.33|40033
11001|18.11|34.32|40034
11001|18.11|35.00|40035
11001|18.11|34.03|40036
11001|18.11|33.48|40037
11011|23.22|59.70|10496
11007|22.73|39.02|20426
11007|22.73|39.06|20427
11007|22.73|39.40|20428
11007|22.73|39.59|20429
11007|22.73|39.21|20430
11012|23.13|61.25|30513
11002|22.97|36.91|40151
11002|22.97|35.94|40152
11002|22.97|37.64|40153
11002|22.97|38.33|40154
11002|22.97|36.34|40155
11002|22.97|36.82|40156
11002|22.97|37.04|40157
