101.19
11015|6.17|46.37|10542
11021|4.85|34.07|20596
11011|4.77|39.18|30499
11004|6.02|21.16|40281
11004|6.02|21.46|40282
11004|6.02|21.76|40283
11004|6.02|22.65|40284
11004|6.02|22.78|40285
11004|6.02|21.65|40286
11004|6.02|21.96|40287
11004|6.02|21.85|40288
11012|11.23|36.87|10511
11003|12.58|31.42|20161
11003|12.58|30.46|20162
11003|12.58|31.94|20163
11003|13.38|31.65|20164
11003|12.98|32.69|20165
11003|11.98|30.23|20166
11003|11.98|30.11|20167
11003|11.98|32.07|20168
11003|11.98|32.07|20169
11007|11.54|31.71|30421
11007|11.54|31.22|30422
11007|11.54|30.62|30423
11007|11.54|30.16|30424
11007|11.54|30.04|30425
11010|10.69|31.89|40486
11001|18.92|35.40|10061
11001|18.92|35.89|10062
11001|18.92|34.89|10063
11001|18.92|34.60|10064
11001|18.92|35.39|10065
11001|17.87|37.00|10066
11001|18.17|35.57|10067
11001|18.17|36.00|10068
11001|17.87|36.58|10069
11001|18.17|35.77|10070
11007|18.67|42.77|20401
11007|18.67|44.75|20402
11007|18.67|44.15|20403
11007|18.67|44.13|20404
11007|18.67|43.38|20405
11002|18.24|32.44|30151
11002|18.24|31.05|30152
11002|18.24|33.10|30153
11002|18.24|33.53|30154
11002|18.24|31.47|30155
11002|18.24|32.24|30156
11002|18.24|32.29|30157
11002|18.24|31.79|30158
11002|18.24|33.48|30159
11002|18.24|30.92|30160
11013|18.16|58.91|40519
11011|23.62|66.45|10500
11018|24.85|57.76|20568
11003|24.08|39.73|30188
11003|24.08|39.29|30189
11003|24.08|39.77|30190
11003|24.08|40.21|30191
11003|24.08|39.49|30192
11003|24.08|40.57|30193
11003|24.08|39.66|30194
11003|24.08|39.38|30195
11003|24.08|40.24|30196
11010|24.74|56.36|40480
11017|30.12|78.19|10561
11017|30.42|58.51|20555
11012|30.68|64.18|30505
11009|30.72|52.56|40471
11009|30.72|51.89|40472
11009|30.72|52.74|40473
11008|36.46|55.92|10451
11008|36.46|55.06|10452
11008|36.46|54.51|10453
11008|36.46|55.25|10454
11025|36.36|82.53|20639
11214|36.76|74.05|30602
11020|37.57|58.02|40590
11012|43.23|75.91|10505
11015|43.83|69.98|20537
11001|43.25|59.95|30021
11001|43.67|60.57|30022
11001|44.09|61.01|30023
11001|44.51|61.48|30024
11001|44.93|61.78|30025
11001|45.35|62.31|30026
11001|45.77|62.69|30027
11001|46.19|63.06|30028
11001|46.61|63.53|30029
11001|47.03|63.92|30030
11004|44.61|59.75|40281
11004|44.61|60.05|40282
11004|44.61|60.35|40283
11004|44.61|61.24|40284
11004|44.61|61.37|40285
11004|44.61|60.24|40286
11004|44.61|60.55|40287
11004|44.61|60.44|40288
11010|50.19|88.43|10488
11009|51.58|74.32|20459
11009|51.58|76.40|20460
11009|51.58|77.60|20461
11001|51.86|70.06|30011
11001|51.76|70.02|30012
11001|51.86|69.66|30013
11001|51.86|70.08|30014
11001|51.86|69.85|30015
11001|51.86|70.28|30016
11001|52.36|69.07|30017
11001|52.66|69.09|30018
11001|52.36|69.15|30019
11001|52.36|69.03|30020
11016|51.57|90.65|40552
11016|58.19|91.08|10546
11015|58.95|88.79|20535
11092|59.06|101.19|31090
11010|57.69|89.31|40480
