117.47
11010|2.00|33.97|10480
11010|2.00|33.77|10481
11001|1.27|17.61|20031
11001|1.27|17.68|20032
11001|1.27|17.50|20033
11001|1.27|17.37|20034
11001|1.27|18.05|20035
11001|1.27|17.25|20036
11001|1.27|16.64|20037
11001|1.27|17.30|20038
11001|1.27|17.70|20039
11001|1.27|17.26|20040
11004|2.66|26.57|30249
11004|2.66|25.35|30250
11004|2.66|26.94|30251
11004|2.66|26.11|30252
11004|2.66|26.41|30253
11004|2.66|26.34|30254
11004|2.66|26.23|30255
11004|2.66|27.15|30256
11005|2.10|22.03|40305
11005|2.10|21.83|40306
11005|2.10|21.92|40307
11005|2.10|22.10|40308
11005|2.10|22.47|40309
11005|2.10|21.89|40310
11005|2.10|21.23|40311
11002|6.26|25.30|10121
11002|6.61|25.77|10122
11002|6.96|26.07|10123
11002|7.31|26.54|10124
11002|7.66|27.10|10125
11002|8.01|27.24|10126
11002|8.36|27.57|10127
11002|8.71|28.15|10128
11002|9.06|28.86|10129
11002|9.41|28.94|10130
11002|6.69|20.67|20151
11002|6.69|19.54|20152
11002|6.69|21.35|20153
11002|6.69|22.02|20154
11002|6.69|19.94|20155
11002|6.69|20.65|20156
11002|6.69|20.61|20157
11002|6.69|20.34|20158
11002|6.69|21.52|20159
11002|6.69|19.33|20160
11011|5.22|30.63|30497
11001|6.00|22.95|40021
11001|6.42|23.33|40022
11001|6.84|23.76|40023
11001|7.26|24.17|40024
11001|7.68|24.64|40025
11001|8.10|24.98|40026
11001|8.52|25.45|40027
11001|8.94|25.82|40028
11001|9.36|26.29|40029
11001|9.78|26.77|40030
11013|9.74|41.17|10517
11021|9.26|41.70|20601
11004|9.55|29.08|30289
11004|9.55|30.37|30290
11004|9.55|27.43|30291
11004|9.55|25.72|30292
11004|9.55|28.73|30293
11004|9.55|28.87|30294
11004|9.55|26.93|30295
11004|9.55|28.76|30296
11011|8.91|43.04|40499
11005|12.84|31.57|10333
11005|12.84|30.79|10334
11005|12.84|31.64|10335
11005|12.84|30.99|10336
11005|12.84|32.36|10337
11005|12.84|32.59|10338
11005|12.84|31.68|10339
11002|13.81|29.37|20131
11002|13.81|24.29|20132
11002|13.81|27.81|20133
11002|13.81|28.58|20134
11002|13.81|27.36|20135
11002|13.81|26.71|20136
11002|13.81|27.83|20137
11002|13.81|28.30|20138
11002|13.81|27.37|20139
11002|13.81|26.43|20140
11005|14.73|32.60|30312
11005|14.73|32.74|30313
11005|14.73|33.69|30314
11005|14.73|38.01|30315
11005|14.73|35.48|30316
11005|14.73|32.48|30317
11005|14.73|32.38|30318
11008|14.38|28.99|40443
11008|14.38|27.95|40444
11008|14.38|29.74|40445
11008|14.38|28.80|40446
11002|16.95|31.13|10151
11002|16.95|29.36|10152
11002|16.95|31.71|10153
11002|16.95|32.21|10154
11002|16.95|29.88|10155
11002|16.95|30.85|10156
11002|16.95|30.91|10157
11002|16.95|30.47|10158
11002|16.95|31.80|10159
11002|16.95|29.49|10160
11022|17.71|46.70|20604
11015|18.12|47.04|30535
11015|18.48|42.53|40534
11002|22.22|36.25|10091
11002|22.22|36.36|10092
11002|22.22|35.90|10093
11002|22.22|36.07|10094
11002|22.22|36.20|10095
11002|21.62|37.48|10096
11002|21.62|37.26|10097
11002|21.62|37.42|10098
11002|22.02|37.30|10099
11002|21.62|36.90|10100
11013|22.36|50.04|20516
11019|21.56|55.03|30574
11017|22.38|72.66|40562
11003|26.05|47.77|10197
11003|26.05|48.16|10198
11003|26.05|47.52|10199
11003|26.05|48.26|10200
11003|26.05|48.05|10201
11003|26.05|47.05|10202
11003|26.05|47.37|10203
11003|26.05|47.06|10204
11003|26.05|46.85|10205
11005|24.85|45.01|20326
11005|24.85|43.76|20327
11005|24.85|45.55|20328
11005|24.85|45.87|20329
11005|24.85|48.81|20330
11005|24.85|46.31|20331
11005|24.85|43.95|20332
11013|25.03|48.34|30521
11006|26.55|46.69|40360
11006|26.55|46.75|40361
11006|26.55|46.95|40362
11006|26.55|46.42|40363
11006|26.55|45.31|40364
11006|26.55|45.56|40365
11014|29.17|71.52|10529
11008|28.89|47.50|20447
11008|28.89|49.26|20448
11008|28.89|48.79|20449
11008|28.89|48.89|20450
11011|30.68|61.17|30494
11002|30.37|45.63|40131
11002|30.37|45.96|40132
11002|30.37|44.28|40133
11002|30.37|45.36|40134
11002|30.37|43.71|40135
11002|30.37|43.30|40136
11002|30.37|44.65|40137
11002|30.37|45.18|40138
11002|30.37|43.76|40139
11002|30.37|43.24|40140
11009|34.45|65.32|10468
11009|34.45|62.10|10469
11009|34.45|66.21|10470
11003|34.85|50.53|20188
11003|34.85|50.11|20189
11003|34.85|50.51|20190
11003|34.85|51.16|20191
11003|34.85|50.29|20192
11003|34.85|51.18|20193
11003|34.85|50.34|20194
11003|34.85|50.14|20195
11003|34.85|50.97|20196
11016|34.16|64.36|30549
11015|34.55|74.50|40540
11011|38.09|80.92|10500
11003|37.87|61.20|20170
11003|37.87|60.30|20171
11003|37.87|59.37|20172
11003|38.67|59.84|20173
11003|38.67|62.79|20174
11003|38.67|64.51|20175
11003|38.67|65.03|20176
11003|37.87|63.35|20177
11003|38.97|63.61|20178
11022|38.52|77.00|30610
11012|37.04|62.63|40511
11016|41.87|67.29|10545
11010|43.10|70.36|20484
11010|43.10|69.68|20485
11006|42.50|68.70|30354
11006|42.50|67.78|30355
11006|42.50|68.18|30356
11006|42.50|67.29|30357
11006|42.50|68.51|30358
11006|42.50|68.03|30359
11001|42.94|59.27|40031
11001|42.94|59.36|40032
11001|42.94|59.16|40033
11001|42.94|59.15|40034
11001|42.94|59.83|40035
11001|42.94|58.86|40036
11001|42.94|58.31|40037
11001|42.94|58.95|40038
11001|42.94|59.33|40039
11001|42.94|58.83|40040
11022|46.13|76.86|10605
11016|45.98|86.24|20552
11012|46.65|97.24|30507
11008|45.67|75.23|40435
11008|45.67|74.86|40436
11008|45.67|66.64|40437
11008|45.67|70.68|40438
11011|51.18|85.26|10499
14007|50.02|73.20|20657
11009|50.18|81.52|30477
11009|50.18|81.58|30478
11009|50.18|81.30|30479
11001|50.76|73.97|40071
11001|50.76|73.66|40072
11001|50.76|73.49|40073
11001|50.76|72.96|40074
11001|50.76|73.42|40075
11001|50.76|73.15|40076
11001|51.16|72.76|40077
11001|50.96|71.68|40078
11001|50.76|70.48|40079
11001|51.56|71.91|40080
11006|55.21|81.05|10354
11006|55.21|80.33|10355
11006|55.21|80.89|10356
11006|55.21|80.06|10357
11006|55.21|81.41|10358
11006|55.21|80.97|10359
11021|54.31|97.87|20600
11026|55.26|117.47|30647
11002|54.31|70.19|40141
11002|54.31|70.41|40142
11002|54.31|69.96|40143
11002|54.31|70.57|40144
11002|54.31|69.94|40145
11002|54.31|69.82|40146
11002|54.31|70.03|40147
11002|54.31|69.65|40148
11002|54.31|69.76|40149
11002|54.31|69.31|40150
11001|58.98|74.78|10051
11001|58.98|72.54|10052
11001|58.98|71.32|10053
11001|58.98|72.74|10054
11001|58.98|72.68|10055
11001|58.98|71.92|10056
11001|58.98|71.81|10057
11001|58.98|71.19|10058
11001|58.98|73.12|10059
11001|58.98|73.19|10060
11011|58.13|90.41|20503
11003|58.24|81.55|30170
11003|58.24|80.59|30171
11003|58.24|79.70|30172
11003|59.04|79.70|30173
11003|59.04|82.08|30174
11003|59.04|83.39|30175
11003|59.04|85.33|30176
11003|58.24|83.88|30177
11003|59.34|83.91|30178
