64.98
11001|5.71|23.69|20011
11001|5.61|23.76|20012
11001|5.71|23.39|20013
11001|5.71|24.08|20014
11001|5.71|23.45|20015
11001|5.71|23.99|20016
11001|6.21|22.76|20017
11001|6.51|23.02|20018
11001|6.21|23.05|20019
11001|6.21|22.97|20020
11001|5.44|22.75|30001
11001|6.24|23.06|30002
11001|6.34|22.87|30003
11001|6.14|24.13|30004
11001|10.65|28.75|10011
11001|10.55|28.68|10012
11001|10.65|28.67|10013
11001|10.65|29.03|10014
11001|10.65|28.37|10015
11001|10.65|29.10|10016
11001|12.01|28.51|20061
11001|12.01|29.21|20062
11001|12.01|27.98|20063
11001|12.01|27.90|20064
11001|12.01|28.53|20065
11007|10.95|35.00|30401
11007|10.95|37.21|30402
11007|10.95|36.42|30403
11007|10.95|36.51|30404
11007|10.95|35.58|30405
11007|17.51|43.21|10416
11007|17.51|41.18|10417
11007|17.51|46.70|10418
11007|17.51|45.98|10419
11007|17.51|44.90|10420
11010|17.44|55.75|20488
11010|17.44|50.01|20489
11007|17.97|47.98|30396
11007|17.97|43.96|30397
11007|17.97|55.56|30398
11007|17.97|51.12|30399
11007|17.97|44.48|30400
11001|17.83|41.04|40071
11001|17.83|40.73|40072
11001|17.83|40.56|40073
11001|17.83|40.03|40074
11001|17.83|40.49|40075
11001|17.83|40.22|40076
11001|18.23|39.83|40077
11007|22.81|42.90|10406
11007|22.81|43.06|10407
11007|22.81|42.55|10408
11007|22.81|42.19|10409
11007|22.81|42.23|10410
11010|22.72|43.76|20486
11010|22.72|50.25|20487
11007|22.46|49.27|30416
11007|22.46|46.17|30417
11007|22.46|52.94|30418
11007|22.46|50.86|30419
11007|22.46|49.91|30420
11010|22.40|43.60|40486
11010|22.40|49.83|40487
11001|28.37|49.55|10041
11001|28.37|49.46|10042
11001|28.37|49.21|10043
11001|28.37|49.69|10044
11001|28.37|50.14|10045
11001|28.37|49.88|10046
11001|28.37|49.31|10047
11007|28.46|57.92|20396
11007|28.46|54.45|20397
11007|28.46|64.98|20398
11007|28.46|62.03|20399
11007|28.46|55.00|20400
11001|28.80|47.00|30011
11001|28.70|46.96|30012
11001|28.80|46.60|30013
11001|28.80|47.02|30014
11001|28.80|46.79|30015
11001|28.80|47.22|30016
11001|29.30|46.01|30017
11010|29.03|50.23|40486
11010|29.03|56.46|40487
