98.05
11012|6.03|41.22|10506
11010|5.63|38.79|20492
11017|6.68|40.22|30556
11015|7.34|36.89|40543
11018|13.73|50.90|10565
11010|14.28|41.54|20484
11214|13.39|42.38|30595
11002|14.44|28.53|40091
11002|14.44|28.51|40092
11002|14.44|28.02|40093
11002|14.44|28.50|40094
11002|14.44|28.52|40095
11002|13.84|29.83|40096
11002|13.84|29.53|40097
11002|13.84|29.68|40098
11002|14.24|29.62|40099
11002|13.84|29.22|40100
11015|21.67|46.01|10534
11011|21.45|49.73|20495
11012|21.17|46.87|30511
11025|20.26|53.37|40634
11011|29.45|63.53|10499
11004|28.63|43.71|20281
11004|28.63|43.85|20282
11004|28.63|44.62|20283
11004|28.63|45.17|20284
11004|28.63|45.21|20285
11004|28.63|44.25|20286
11004|28.63|44.54|20287
11004|28.63|44.75|20288
11214|27.68|62.90|30598
11021|27.67|64.75|40602
11004|36.52|54.97|10265
11004|36.52|54.07|10266
11004|36.52|54.92|10267
11004|36.52|55.41|10268
11004|36.52|56.09|10269
11004|36.52|55.90|10270
11004|36.52|55.25|10271
11004|36.52|54.30|10272
11009|36.86|58.72|20471
11009|36.86|58.01|20472
11009|36.86|59.23|20473
11008|36.35|51.00|30443
11008|36.35|49.93|30444
11008|36.35|51.75|30445
11008|36.35|50.81|30446
11001|36.70|54.77|40011
11001|36.60|54.76|40012
11001|36.70|54.19|40013
11001|36.70|54.98|40014
11001|36.70|54.64|40015
11001|36.70|55.16|40016
11001|37.20|53.84|40017
11001|37.50|53.96|40018
11001|37.20|54.02|40019
11001|37.20|53.78|40020
11003|43.38|66.73|10179
11003|43.38|67.18|10180
11003|43.38|65.74|10181
11003|43.38|67.69|10182
11003|43.38|66.57|10183
11003|43.38|65.79|10184
11003|43.38|69.91|10185
11003|43.38|66.44|10186
11003|43.38|67.13|10187
11090|43.40|59.74|21087
11018|43.97|78.85|30571
11015|44.68|73.77|40538
11214|51.54|80.61|10594
11001|52.06|68.40|20031
11001|52.06|68.47|20032
11001|52.06|68.29|20033
11001|52.06|68.16|20034
11001|52.06|68.84|20035
11001|52.06|68.04|20036
11001|52.06|67.43|20037
11001|52.06|68.09|20038
11001|52.06|68.49|20039
11001|52.06|68.05|20040
11009|52.76|71.53|30462
11009|53.96|72.96|30463
11009|55.16|74.03|30464
11090|52.42|71.70|41085
11017|59.07|87.05|10555
11003|59.30|74.98|20188
11003|59.30|74.56|20189
11003|59.30|74.96|20190
11003|59.30|75.61|20191
11003|59.30|74.74|20192
11003|59.30|75.63|20193
11003|59.30|74.79|20194
11003|59.30|74.59|20195
11003|59.30|75.42|20196
11012|58.52|84.22|30511
11003|58.94|74.63|40188
11003|58.94|74.17|40189
11003|58.94|74.62|40190
11003|58.94|75.51|40191
11003|58.94|74.30|40192
11003|58.94|75.46|40193
11003|58.94|74.42|40194
11003|58.94|74.27|40195
11003|58.94|75.20|40196
