89.63
11007|0.53|24.55|10401
11007|0.53|26.62|10402
11007|0.53|25.95|10403
11007|0.53|26.04|10404
11007|0.53|25.23|10405
11021|2.54|31.76|20596
11003|1.20|25.48|30206
11003|1.20|25.63|30207
11003|1.20|25.33|30208
11003|1.20|25.60|30209
11003|1.20|25.14|30210
11003|2.70|25.19|30211
11003|2.70|25.39|30212
11003|2.70|25.62|30213
11003|2.70|25.40|30214
11002|2.75|21.66|40111
11002|2.75|21.13|40112
11002|2.75|21.02|40113
11002|2.75|21.92|40114
11002|2.75|21.79|40115
11002|2.75|21.15|40116
11002|2.15|23.16|40117
11002|2.15|21.63|40118
11002|2.15|22.97|40119
11002|2.15|21.63|40120
11010|4.81|36.78|10480
11010|4.81|36.58|10481
11014|4.91|43.85|20527
11006|5.11|23.80|30372
11006|5.11|23.97|30373
11006|5.11|24.31|30374
11006|5.11|24.50|30375
11006|5.11|23.45|30376
11006|5.11|23.70|30377
11006|6.64|25.42|40372
11006|6.64|25.55|40373
11006|6.64|25.88|40374
11006|6.64|26.12|40375
11006|6.64|25.05|40376
11006|6.64|25.20|40377
11002|9.68|28.48|10111
11002|9.68|28.11|10112
11002|9.68|27.94|10113
11002|9.68|28.87|10114
11002|9.68|29.10|10115
11002|9.68|28.07|10116
11002|9.08|29.64|10117
11002|9.08|28.61|10118
11002|9.08|29.72|10119
11002|9.08|29.15|10120
11016|9.64|44.78|20553
11003|8.58|32.86|30206
11003|8.58|33.01|30207
11003|8.58|32.71|30208
11003|8.58|32.98|30209
11003|8.58|32.52|30210
11003|10.08|32.57|30211
11003|10.08|32.77|30212
11003|10.08|33.00|30213
11003|10.08|32.78|30214
11015|8.70|57.73|40541
11006|13.04|31.74|10366
11006|13.04|31.28|10367
11006|13.04|31.43|10368
11006|13.04|31.80|10369
11006|13.04|31.32|10370
11006|13.04|31.11|10371
11007|14.37|34.65|20421
11007|14.37|34.06|20422
11007|14.37|33.48|20423
11007|14.37|32.87|20424
11007|14.37|33.02|20425
11003|14.58|30.23|30188
11003|14.58|29.79|30189
11003|14.58|30.27|30190
11003|14.58|30.71|30191
11003|14.58|29.99|30192
11003|14.58|31.07|30193
11003|14.58|30.16|30194
11003|14.58|29.88|30195
11003|14.58|30.74|30196
11005|12.77|26.53|40319
11005|13.42|27.21|40320
11005|14.07|27.84|40321
11005|14.72|28.40|40322
11005|15.37|29.08|40323
11005|16.02|29.73|40324
11005|16.67|30.40|40325
11001|19.18|35.66|10061
11001|19.18|36.15|10062
11001|19.18|35.15|10063
11001|19.18|34.86|10064
11001|19.18|35.65|10065
11001|18.13|37.26|10066
11001|18.43|35.83|10067
11001|18.43|36.26|10068
11001|18.13|36.84|10069
11001|18.43|36.03|10070
11004|18.37|39.64|20233
11004|18.37|39.14|20234
11004|18.37|39.44|20235
11004|18.37|39.12|20236
11004|18.37|39.46|20237
11004|18.37|39.29|20238
11004|18.37|39.65|20239
11004|18.37|39.73|20240
11014|18.45|42.88|30525
11002|18.64|33.90|40131
11002|18.64|34.23|40132
11002|18.64|32.55|40133
11002|18.64|33.63|40134
11002|18.64|31.98|40135
11002|18.64|31.57|40136
11002|18.64|32.92|40137
11002|18.64|33.45|40138
11002|18.64|32.03|40139
11002|18.64|31.51|40140
11012|21.90|59.85|10513
11010|22.91|43.95|20486
11010|22.91|50.44|20487
11009|20.83|51.75|30468
11009|20.83|48.50|30469
11009|20.83|52.51|30470
11016|22.73|63.12|40547
11016|26.38|62.62|10550
11010|24.91|56.88|20480
11010|24.91|56.68|20481
11006|25.53|51.73|30354
11006|25.53|50.81|30355
11006|25.53|51.21|30356
11006|25.53|50.32|30357
11006|25.53|51.54|30358
11006|25.53|51.06|30359
11016|25.53|64.61|40552
11004|30.99|52.26|10233
11004|30.99|51.76|10234
11004|30.99|52.06|10235
11004|30.99|51.85|10236
11004|30.99|52.11|10237
11004|30.99|51.99|10238
11004|30.99|52.27|10239
11004|30.99|52.38|10240
11005|31.05|51.21|20326
11005|31.05|49.96|20327
11005|31.05|51.75|20328
11005|31.05|52.07|20329
11005|31.05|55.01|20330
11005|31.05|52.51|20331
11005|31.05|50.15|20332
11001|29.26|45.37|30051
11001|29.26|42.61|30052
11001|29.26|41.59|30053
11001|29.26|42.84|30054
11001|29.26|42.77|30055
11001|29.26|42.37|30056
11001|29.26|42.06|30057
11001|29.26|41.38|30058
11001|29.26|43.44|30059
11001|29.26|43.42|30060
11004|29.06|46.66|40257
11004|29.66|47.30|40258
11004|30.26|47.95|40259
11004|30.86|48.51|40260
11004|31.46|49.07|40261
11004|32.06|49.71|40262
11004|32.66|50.27|40263
11004|33.26|50.88|40264
11016|34.69|74.44|10552
11011|33.45|70.00|20496
11020|33.42|56.81|30588
11005|34.49|53.19|40333
11005|34.49|52.38|40334
11005|34.49|53.32|40335
11005|34.49|52.64|40336
11005|34.49|53.81|40337
11005|34.49|54.23|40338
11005|34.49|53.13|40339
11005|37.55|58.82|10347
11005|37.55|60.20|10348
11005|37.55|58.81|10349
11005|37.55|58.24|10350
11005|37.55|59.84|10351
11005|37.55|60.94|10352
11005|37.55|59.93|10353
11017|38.20|74.18|20559
11009|38.71|60.58|30471
11009|38.71|59.83|30472
11009|38.71|60.84|30473
11006|38.89|58.23|40378
11006|38.89|59.12|40379
11006|38.89|58.54|40380
11006|38.89|58.57|40381
11006|38.89|55.71|40382
11006|38.89|58.98|40383
11015|42.62|68.88|10537
11006|42.05|62.36|20360
11006|42.05|62.02|20361
11006|42.05|62.82|20362
11006|42.05|61.91|20363
11006|42.05|61.22|20364
11006|42.05|61.02|20365
11007|42.31|58.58|30426
11007|42.31|58.61|30427
11007|42.31|58.81|30428
11007|42.31|59.17|30429
11007|42.31|58.81|30430
11020|42.39|65.67|40588
11007|46.03|66.12|10406
11007|46.03|66.28|10407
11007|46.03|65.77|10408
11007|46.03|65.41|10409
11007|46.03|65.45|10410
11006|47.08|66.36|20378
11006|47.08|66.90|20379
11006|47.08|66.81|20380
11006|47.08|65.70|20381
11006|47.08|64.00|20382
11006|47.08|67.10|20383
11004|46.18|61.36|30281
11004|46.18|61.67|30282
11004|46.18|62.05|30283
11004|46.18|62.88|30284
11004|46.18|63.02|30285
11004|46.18|61.78|30286
11004|46.18|62.24|30287
11004|46.18|61.97|30288
11013|45.67|68.95|40521
11004|49.45|70.91|10297
11004|49.45|70.87|10298
11004|49.45|71.61|10299
11004|49.45|71.63|10300
11004|49.45|71.19|10301
11004|49.45|70.41|10302
11004|49.45|69.96|10303
11004|49.45|72.23|10304
11016|51.11|85.46|20551
11016|50.10|85.28|30553
14016|51.17|89.63|40707
11010|54.15|87.33|10492
11010|54.15|86.94|10493
11023|54.66|78.32|20623
11001|54.51|71.82|30001
11001|55.31|72.13|30002
11001|55.41|71.94|30003
11001|55.21|73.20|30004
11001|55.11|72.65|30005
11001|55.01|72.11|30006
11001|55.31|71.42|30007
11001|55.11|73.06|30008
11001|54.51|72.58|30009
11001|55.11|72.08|30010
11016|55.02|87.81|40546
11023|58.05|81.69|10616
14016|57.72|87.33|20708
11008|58.86|88.12|30435
11008|58.86|88.10|30436
11008|58.86|79.85|30437
11008|58.86|83.38|30438
11006|58.91|78.25|40378
11006|58.91|79.14|40379
11006|58.91|78.56|40380
11006|58.91|78.59|40381
11006|58.91|75.73|40382
11006|58.91|79.00|40383
