52.60
11003|5.08|31.01|10215
11003|5.08|31.25|10216
11003|5.08|31.91|10217
11003|5.08|31.25|10218
11003|5.08|31.40|10219
11003|5.08|31.72|10220
11001|5.70|22.49|20021
11001|6.12|23.05|20022
11001|6.54|23.41|20023
11001|6.96|23.83|20024
11001|7.38|24.30|20025
11001|7.80|24.73|20026
11001|8.22|25.11|20027
11003|6.27|24.96|30161
11003|6.27|24.17|30162
11003|6.27|25.45|30163
11003|7.07|25.42|30164
11003|6.67|26.52|30165
11003|5.67|23.93|30166
11009|5.01|26.85|40471
11009|5.01|26.18|40472
11009|5.01|27.03|40473
11001|12.51|30.61|10011
11001|12.41|30.54|10012
11001|12.51|30.53|10013
11001|12.51|30.89|10014
11001|12.51|30.23|10015
11001|12.51|30.96|10016
11001|13.01|29.58|10017
11002|11.87|25.85|20151
11002|11.87|24.72|20152
11002|11.87|26.53|20153
11002|11.87|27.20|20154
11002|11.87|25.12|20155
11002|11.87|25.83|20156
11002|11.87|25.79|20157
11001|12.11|28.22|30051
11001|12.11|25.46|30052
11001|12.11|24.44|30053
11001|12.11|25.69|30054
11001|12.11|25.62|30055
11001|12.11|25.22|30056
11001|12.11|24.91|30057
11017|12.10|48.04|40559
11008|19.67|35.25|10455
11008|19.67|35.22|10456
11008|19.67|32.54|10457
11008|19.67|31.06|10458
11010|18.76|46.02|20484
11010|18.76|45.34|20485
11002|19.54|33.74|30151
11002|19.54|32.35|30152
11002|19.54|34.40|30153
11002|19.54|34.83|30154
11002|19.54|32.77|30155
11002|19.54|33.54|30156
11002|19.54|33.59|30157
11002|19.48|47.43|40081
11002|19.73|48.04|40082
11002|19.78|47.71|40083
11002|19.98|47.74|40084
11002|19.48|49.27|40085
11002|20.48|48.82|40086
11002|21.08|49.48|40087
11001|25.16|40.96|10051
11001|25.16|38.72|10052
11001|25.16|37.50|10053
11001|25.16|38.92|10054
11001|25.16|38.86|10055
11001|25.16|38.10|10056
11001|25.16|37.99|10057
11005|25.13|38.97|20319
11005|25.78|39.58|20320
11005|26.43|40.24|20321
11005|27.08|40.88|20322
11005|27.73|41.59|20323
11005|28.38|42.24|20324
11005|29.03|42.72|20325
11001|24.73|41.43|30021
11001|25.15|42.05|30022
11001|25.57|42.49|30023
11001|25.99|42.96|30024
11001|26.41|43.26|30025
11001|26.83|43.79|30026
11001|27.25|44.17|30027
11010|25.17|46.37|40486
11010|25.17|52.60|40487
