114.42
11018|6.04|41.05|10571
11002|4.86|24.91|20101
11002|4.86|23.81|20102
11002|4.86|24.18|20103
11002|4.86|24.47|20104
11002|4.86|23.77|20105
11002|4.86|24.78|20106
11002|4.86|21.51|20107
11002|4.86|24.47|20108
11002|4.86|23.01|20109
11002|4.86|23.69|20110
11011|6.04|32.79|30501
11013|6.25|37.49|40517
11009|11.90|43.31|10477
11009|11.90|43.08|10478
11009|11.90|42.55|10479
11012|10.82|45.90|20508
11013|12.41|43.99|30515
11017|11.47|47.41|40559
11002|19.46|35.34|10141
11002|19.46|35.70|10142
11002|19.46|35.12|10143
11002|19.46|35.73|10144
11002|19.46|35.06|10145
11002|19.46|35.48|10146
11002|19.46|35.13|10147
11002|19.46|34.79|10148
11002|19.46|34.95|10149
11002|19.46|34.64|10150
11010|19.75|47.01|20484
11015|18.40|66.97|30541
11017|18.68|66.79|40561
11015|24.88|54.28|10538
11015|24.28|54.12|20535
11015|23.93|63.30|30540
11026|24.97|74.46|40653
11004|31.16|49.61|10265
11004|31.16|48.71|10266
11004|31.16|49.56|10267
11004|31.16|50.05|10268
11004|31.16|50.73|10269
11004|31.16|50.54|10270
11004|31.16|49.89|10271
11004|31.16|48.94|10272
11009|31.54|55.43|20465
11009|31.54|61.46|20466
11009|31.54|53.60|20467
11015|31.65|61.03|30538
11090|30.97|50.37|41031
11010|37.28|61.82|10490
11024|37.99|75.34|20624
11007|38.18|54.45|30426
11007|38.18|54.48|30427
11007|38.18|54.68|30428
11007|38.18|55.04|30429
11007|38.18|54.68|30430
11015|38.02|77.14|40542
11025|45.48|81.39|10636
11011|44.39|76.67|20503
11004|43.88|58.99|30273
11004|43.88|59.28|30274
11004|43.88|59.71|30275
11004|43.88|59.46|30276
11004|43.88|59.58|30277
11004|43.88|60.13|30278
11004|43.88|59.83|30279
11004|43.88|60.14|30280
11020|44.17|57.68|40592
11002|51.96|65.99|10091
11002|51.96|66.10|10092
11002|51.96|65.64|10093
11002|51.96|65.81|10094
11002|51.96|65.94|10095
11002|51.36|67.22|10096
11002|51.36|67.00|10097
11002|51.36|67.16|10098
11002|51.76|67.04|10099
11002|51.36|66.64|10100
11007|51.37|67.66|20426
11007|51.37|67.70|20427
11007|51.37|68.04|20428
11007|51.37|68.23|20429
11007|51.37|67.85|20430
11016|51.09|86.27|30553
11026|52.21|114.42|40647
11003|58.53|77.11|10161
11003|58.53|76.35|10162
11003|58.53|77.68|10163
11003|59.33|77.56|10164
11003|58.93|78.71|10165
11003|57.93|76.16|10166
11003|57.93|76.04|10167
11003|57.93|78.32|10168
11003|57.93|78.10|10169
11020|58.90|82.41|20588
11009|57.00|88.34|30477
11009|57.00|88.40|30478
11009|57.00|88.12|30479
11004|58.85|79.93|40241
11004|58.85|79.74|40242
11004|58.85|79.08|40243
11004|58.85|79.31|40244
11004|58.85|79.49|40245
11004|58.85|80.47|40246
11004|58.85|80.40|40247
11004|58.85|81.43|40248
