106.08
11018|6.38|50.55|10564
11008|6.27|25.51|20431
11008|6.27|25.62|20432
11008|6.27|27.05|20433
11008|6.27|25.60|20434
11003|6.21|28.08|30197
11003|6.21|28.42|30198
11003|6.21|27.84|30199
11003|6.21|28.43|30200
11003|6.21|28.22|30201
11003|6.21|27.14|30202
11003|6.21|27.65|30203
11003|6.21|27.50|30204
11003|6.21|27.23|30205
11214|6.56|44.95|40603
11001|13.67|29.47|10051
11001|13.67|27.23|10052
11001|13.67|26.01|10053
11001|13.67|27.43|10054
11001|13.67|27.37|10055
11001|13.67|26.61|10056
11001|13.67|26.50|10057
11001|13.67|25.88|10058
11001|13.67|27.81|10059
11001|13.67|27.88|10060
11013|13.95|41.63|20516
11001|15.56|36.86|30041
11001|15.56|36.76|30042
11001|15.56|36.47|30043
11001|15.56|36.85|30044
11001|15.56|37.42|30045
11001|15.56|37.08|30046
11001|15.56|36.51|30047
11001|15.56|36.87|30048
11001|15.56|36.22|30049
11001|15.56|37.57|30050
11009|13.95|29.98|40474
11009|13.95|28.43|40475
11009|13.95|31.64|40476
11009|20.83|36.82|10474
11009|20.83|35.24|10475
11009|20.83|38.77|10476
11025|21.69|57.56|20636
11021|20.61|60.43|30599
11092|21.46|44.10|41089
11018|28.24|63.25|10571
11092|29.53|67.15|21001
11002|28.91|42.93|30091
11002|28.91|42.97|30092
11002|28.91|42.51|30093
11002|28.91|43.02|30094
11002|28.91|42.98|30095
11002|28.31|44.20|30096
11002|28.31|43.94|30097
11002|28.31|43.96|30098
11002|28.71|43.99|30099
11002|28.31|43.58|30100
11214|28.71|61.39|40601
11021|35.67|64.66|10595
11017|35.83|69.17|20556
11013|36.16|63.50|30516
11004|35.49|53.09|40257
11004|36.09|53.73|40258
11004|36.69|54.38|40259
11004|37.29|54.94|40260
11004|37.89|55.50|40261
11004|38.49|56.14|40262
11004|39.09|56.70|40263
11004|39.69|57.31|40264
11008|42.38|57.96|10455
11008|42.38|57.93|10456
11008|42.38|55.25|10457
11008|42.38|53.77|10458
11010|43.30|81.61|20488
11092|42.56|65.88|31091
11092|42.08|65.42|41091
11008|49.66|64.27|10443
11008|49.66|63.22|10444
11008|49.66|65.09|10445
11008|49.66|64.06|10446
11025|49.57|106.08|20642
11003|49.25|71.12|30197
11003|49.25|71.46|30198
11003|49.25|70.88|30199
11003|49.25|71.47|30200
11003|49.25|71.26|30201
11003|49.25|70.18|30202
11003|49.25|70.69|30203
11003|49.25|70.54|30204
11003|49.25|70.27|30205
11003|50.84|66.96|40224
11003|50.84|69.30|40225
11003|51.24|68.73|40226
11003|51.84|68.58|40227
11003|51.94|67.57|40228
11003|52.84|67.81|40229
11003|48.84|69.01|40230
11003|51.64|67.05|40231
11003|50.84|67.09|40232
11012|57.26|92.45|10506
11003|57.82|73.50|20188
11003|57.82|73.08|20189
11003|57.82|73.48|20190
11003|57.82|74.13|20191
11003|57.82|73.26|20192
11003|57.82|74.15|20193
11003|57.82|73.31|20194
11003|57.82|73.11|20195
11003|57.82|73.94|20196
11011|58.41|83.82|30497
11008|56.90|75.56|40447
11008|56.90|77.36|40448
11008|56.90|76.91|40449
11008|56.90|76.79|40450
