100.01
11009|6.50|37.37|10468
11009|6.50|34.15|10469
11009|6.50|38.26|10470
11020|5.68|28.05|20589
11012|5.77|37.15|30504
11020|5.62|25.49|40593
11015|13.65|39.91|10537
11090|11.90|34.36|21025
11004|12.49|32.86|30241
11004|12.49|33.05|30242
11004|12.49|32.37|30243
11004|12.49|32.54|30244
11004|12.49|33.11|30245
11004|12.49|33.52|30246
11004|12.49|34.06|30247
11004|12.49|35.02|30248
11016|11.90|52.29|40547
11008|19.30|38.76|10451
11008|19.30|37.90|10452
11008|19.30|37.35|10453
11008|19.30|38.09|10454
11009|19.10|38.06|20462
11009|20.30|39.20|20463
11009|21.50|40.45|20464
11009|19.31|43.36|30465
11009|19.31|47.80|30466
11009|19.31|41.07|30467
11017|20.57|73.50|40563
11018|28.02|62.22|10570
11012|27.89|78.55|20507
11001|27.72|49.02|30041
11001|27.72|48.92|30042
11001|27.72|48.63|30043
11001|27.72|49.01|30044
11001|27.72|49.58|30045
11001|27.72|49.24|30046
11001|27.72|48.67|30047
11001|27.72|49.03|30048
11001|27.72|48.38|30049
11001|27.72|49.73|30050
11003|28.01|51.66|40179
11003|28.01|52.12|40180
11003|28.01|50.28|40181
11003|28.01|52.52|40182
11003|28.01|51.16|40183
11003|28.01|50.10|40184
11003|28.01|54.09|40185
11003|28.01|51.03|40186
11003|28.01|51.75|40187
11003|33.47|55.19|10197
11003|33.47|55.58|10198
11003|33.47|54.94|10199
11003|33.47|55.68|10200
11003|33.47|55.47|10201
11003|33.47|54.47|10202
11003|33.47|54.79|10203
11003|33.47|54.48|10204
11003|33.47|54.27|10205
11009|32.67|51.63|20462
11009|33.87|52.77|20463
11009|35.07|54.02|20464
11090|33.85|56.39|31025
11012|33.34|68.48|40508
11016|38.17|74.41|10550
11003|38.44|62.73|20206
11003|38.44|62.85|20207
11003|38.44|62.56|20208
11003|38.44|62.70|20209
11003|38.44|62.61|20210
11003|39.94|62.30|20211
11003|39.94|62.23|20212
11003|39.94|62.92|20213
11003|39.94|62.28|20214
11008|37.81|52.46|30443
11008|37.81|51.39|30444
11008|37.81|53.21|30445
11008|37.81|52.27|30446
11018|37.71|72.59|40571
11013|43.94|89.81|10522
11020|45.59|64.52|20593
11001|45.05|61.64|30061
11001|45.05|62.34|30062
11001|45.05|61.09|30063
11001|45.05|60.75|30064
11001|45.05|61.69|30065
11001|44.00|63.30|30066
11001|44.30|61.67|30067
11001|44.30|62.18|30068
11001|44.00|62.71|30069
11001|44.30|62.10|30070
11013|45.71|72.82|40514
11008|52.57|81.26|10435
11008|52.57|80.94|10436
11008|52.57|73.49|10437
11008|52.57|76.60|10438
11004|52.08|67.16|20281
11004|52.08|67.30|20282
11004|52.08|68.07|20283
11004|52.08|68.62|20284
11004|52.08|68.66|20285
11004|52.08|67.70|20286
11004|52.08|67.99|20287
11004|52.08|68.20|20288
11009|51.22|82.56|30477
11009|51.22|82.62|30478
11009|51.22|82.34|30479
11015|50.98|100.01|40541
11012|57.71|95.66|10513
