51.92
33074|0.00|23.56|50417
33074|2.00|25.56|50417
33074|4.00|27.56|50417
33074|6.00|29.56|50417
33074|8.00|31.56|50417
33074|10.00|33.56|50417
33074|12.00|35.56|50417
33074|14.00|37.56|50417
33074|16.00|39.56|50417
33074|18.00|41.56|50417
33074|20.00|43.56|50417
33074|22.00|45.56|50417
33074|24.00|47.56|50417
33074|26.00|49.56|50417
33074|1.00|24.65|50418
33074|3.00|26.65|50418
33074|5.00|28.65|50418
33074|7.00|30.65|50418
33074|9.00|32.65|50418
33074|11.00|34.65|50418
33074|13.00|36.65|50418
33074|15.00|38.65|50418
33074|17.00|40.65|50418
33074|19.00|42.65|50418
33074|21.00|44.65|50418
33074|23.00|46.65|50418
33074|25.00|48.65|50418
33074|27.00|50.65|50418
33075|0.00|33.92|50419
33076|3.00|36.92|50419
34077|6.00|39.92|50419
33075|9.00|42.92|50419
33076|12.00|45.92|50419
34077|15.00|48.92|50419
33075|18.00|51.92|50419
