127.04
11002|4.66|23.70|10121
11002|5.01|24.17|10122
11002|5.36|24.47|10123
11002|5.71|24.94|10124
11002|6.06|25.50|10125
11002|6.41|25.64|10126
11002|6.76|25.97|10127
11002|7.11|26.55|10128
11002|7.46|27.26|10129
11002|7.81|27.34|10130
11009|6.08|22.12|20474
11009|6.08|20.56|20475
11009|6.08|23.71|20476
11021|6.01|48.01|30597
11018|5.86|50.32|40564
11013|11.35|44.40|10518
11007|11.89|28.18|20426
11007|11.89|28.22|20427
11007|11.89|28.56|20428
11007|11.89|28.75|20429
11007|11.89|28.37|20430
11026|11.99|91.23|30645
11013|11.15|51.90|40519
11010|19.21|43.75|10490
11012|17.90|55.97|20513
11214|17.49|60.75|30600
11025|18.14|81.72|40643
11026|24.36|64.13|10646
11214|24.80|59.79|20598
11002|24.08|39.67|30131
11002|24.08|39.35|30132
11002|24.08|38.13|30133
11002|24.08|39.13|30134
11002|24.08|37.43|30135
11002|24.08|37.12|30136
11002|24.08|38.20|30137
11002|24.08|38.51|30138
11002|24.08|37.47|30139
11002|24.08|36.55|30140
11015|24.83|73.86|40541
11025|31.21|77.59|10639
11090|31.97|51.37|21031
11090|30.88|50.16|31085
11018|31.78|64.31|40568
11011|38.34|72.42|10499
11092|38.27|75.89|21001
11003|38.42|62.02|30179
11003|38.42|62.44|30180
11003|38.42|60.75|30181
11003|38.42|62.86|30182
11003|38.42|61.57|30183
11003|38.42|60.50|30184
11003|38.42|64.56|30185
11003|38.42|61.40|30186
11003|38.42|62.13|30187
11015|38.27|67.24|40535
11024|46.85|89.15|10632
11015|45.26|85.04|20540
11012|46.02|77.40|30504
11008|46.17|65.66|40451
11008|46.17|64.80|40452
11008|46.17|64.26|40453
11008|46.17|64.88|40454
11002|50.97|79.49|10081
11002|51.22|79.32|10082
11002|51.27|79.57|10083
11002|51.47|79.28|10084
11002|50.97|80.88|10085
11002|51.97|80.35|10086
11002|52.57|80.63|10087
11002|52.57|81.14|10088
11002|52.57|80.66|10089
11002|52.57|79.64|10090
11007|52.60|72.69|20406
11007|52.60|72.81|20407
11007|52.60|72.21|20408
11007|52.60|72.00|20409
11007|52.60|72.04|20410
11001|51.11|72.41|30041
11001|51.11|72.31|30042
11001|51.11|72.02|30043
11001|51.11|72.40|30044
11001|51.11|72.97|30045
11001|51.11|72.63|30046
11001|51.11|72.06|30047
11001|51.11|72.42|30048
11001|51.11|71.77|30049
11001|51.11|73.12|30050
11025|52.31|103.47|40640
11020|58.86|80.44|10589
11011|57.88|84.71|20501
11013|58.68|90.56|30523
11007|57.92|84.36|40416
11007|57.92|81.67|40417
11007|57.92|88.36|40418
11007|57.92|86.33|40419
11007|57.92|85.17|40420
