66.59
11003|5.31|31.24|10215
11003|5.31|31.48|10216
11003|5.31|32.14|10217
11003|5.31|31.48|10218
11003|5.31|31.63|10219
11003|5.31|31.95|10220
11003|5.31|31.99|10221
11003|5.31|33.44|10222
11003|5.31|33.58|10223
11010|5.25|43.56|20488
11010|5.25|37.82|20489
11009|5.33|24.10|30462
11009|6.53|25.53|30463
11009|7.73|26.60|30464
11010|5.79|37.41|40480
11010|5.79|37.35|40481
11011|12.58|44.87|10503
11006|12.53|38.38|20354
11006|12.53|37.76|20355
11006|12.53|38.17|20356
11006|12.53|37.28|20357
11006|12.53|38.40|20358
11006|12.53|38.32|20359
11004|13.03|28.14|30273
11004|13.03|28.43|30274
11004|13.03|28.86|30275
11004|13.03|28.61|30276
11004|13.03|28.73|30277
11004|13.03|29.28|30278
11004|13.03|28.98|30279
11004|13.03|29.29|30280
11006|12.34|31.01|40366
11006|12.34|30.45|40367
11006|12.34|30.65|40368
11006|12.34|30.86|40369
11006|12.34|30.62|40370
11006|12.34|30.40|40371
11017|18.52|66.59|10561
11009|18.10|49.09|20468
11009|18.10|45.79|20469
11009|18.10|49.85|20470
11011|17.92|54.64|30496
11012|17.93|51.16|40505
11013|26.09|55.82|10515
11017|26.14|50.40|20557
11001|25.87|43.18|30001
11001|26.67|43.49|30002
11001|26.77|43.30|30003
11001|26.57|44.56|30004
11001|26.47|44.01|30005
11001|26.37|43.47|30006
11001|26.67|42.78|30007
11001|26.47|44.42|30008
11001|25.87|43.94|30009
11001|26.47|43.44|30010
11001|26.08|43.38|40001
11001|26.88|43.69|40002
11001|26.98|43.61|40003
11001|26.78|44.75|40004
11001|26.68|44.17|40005
11001|26.58|43.67|40006
11001|26.88|43.03|40007
11001|26.68|44.57|40008
11001|26.08|44.01|40009
11001|26.68|43.62|40010
