103.98
11008|6.55|25.52|10439
11008|6.55|25.36|10440
11008|6.55|25.17|10441
11008|6.55|25.75|10442
11013|6.36|36.83|20515
11010|4.96|29.65|30490
11092|5.38|28.02|41089
11015|12.60|61.26|10541
11011|12.03|40.31|20495
11009|12.24|43.58|30477
11009|12.24|43.64|30478
11009|12.24|43.36|30479
11015|11.52|40.49|40535
11004|18.33|36.11|10257
11004|18.93|36.56|10258
11004|19.53|37.13|10259
11004|20.13|37.72|10260
11004|20.73|38.38|10261
11004|21.33|38.98|10262
11004|21.93|39.57|10263
11004|22.53|40.17|10264
11004|18.94|40.43|20297
11004|18.94|40.45|20298
11004|18.94|41.15|20299
11004|18.94|41.22|20300
11004|18.94|40.90|20301
11004|18.94|40.05|20302
11004|18.94|39.36|20303
11004|18.94|41.81|20304
11004|19.12|34.30|30281
11004|19.12|34.61|30282
11004|19.12|34.99|30283
11004|19.12|35.82|30284
11004|19.12|35.96|30285
11004|19.12|34.72|30286
11004|19.12|35.18|30287
11004|19.12|34.91|30288
11001|17.92|34.87|40021
11001|18.34|35.25|40022
11001|18.76|35.68|40023
11001|19.18|36.09|40024
11001|19.60|36.56|40025
11001|20.02|36.90|40026
11001|20.44|37.37|40027
11001|20.86|37.74|40028
11001|21.28|38.21|40029
11001|21.70|38.69|40030
11001|24.96|43.06|10011
11001|24.86|42.99|10012
11001|24.96|42.98|10013
11001|24.96|43.34|10014
11001|24.96|42.68|10015
11001|24.96|43.41|10016
11001|25.46|42.03|10017
11001|25.76|42.16|10018
11001|25.46|42.21|10019
11001|25.46|42.07|10020
11004|25.06|44.63|20289
11004|25.06|46.19|20290
11004|25.06|43.02|20291
11004|25.06|41.22|20292
11004|25.06|44.19|20293
11004|25.06|44.38|20294
11004|25.06|42.47|20295
11004|25.06|44.33|20296
11010|25.77|57.47|30480
11016|24.43|59.51|40553
11002|30.16|44.34|10151
11002|30.16|42.57|10152
11002|30.16|44.92|10153
11002|30.16|45.42|10154
11002|30.16|43.09|10155
11002|30.16|44.06|10156
11002|30.16|44.12|10157
11002|30.16|43.68|10158
11002|30.16|45.01|10159
11002|30.16|42.70|10160
11090|30.15|49.55|21031
11008|31.57|46.22|30443
11008|31.57|45.15|30444
11008|31.57|46.97|30445
11008|31.57|46.03|30446
11017|31.18|59.22|40555
11004|36.99|56.46|10289
11004|36.99|57.67|10290
11004|36.99|54.95|10291
11004|36.99|53.22|10292
11004|36.99|56.17|10293
11004|36.99|56.28|10294
11004|36.99|54.42|10295
11004|36.99|56.27|10296
11013|37.48|64.55|20514
11008|37.93|56.68|30447
11008|37.93|58.49|30448
11008|37.93|57.98|30449
11008|37.93|57.55|30450
11003|39.30|57.89|40161
11003|39.30|56.95|40162
11003|39.30|58.52|40163
11003|40.10|58.47|40164
11003|39.70|59.43|40165
11003|38.70|56.95|40166
11003|38.70|56.82|40167
11003|38.70|58.99|40168
11003|38.70|58.90|40169
11003|43.94|65.66|10197
11003|43.94|66.05|10198
11003|43.94|65.41|10199
11003|43.94|66.15|10200
11003|43.94|65.94|10201
11003|43.94|64.94|10202
11003|43.94|65.26|10203
11003|43.94|64.95|10204
11003|43.94|64.74|10205
11015|44.37|70.52|20537
11009|43.64|67.69|30465
11009|43.64|72.13|30466
11009|43.64|65.40|30467
11021|44.40|82.79|40603
11020|50.91|72.14|10592
11021|49.87|79.09|20596
11013|50.51|77.74|30514
11017|51.05|103.98|40563
11092|56.55|79.84|11091
