93.16
11017|6.24|30.39|10557
11015|6.87|32.36|20536
11003|5.81|27.68|30197
11003|5.81|28.02|30198
11003|5.81|27.44|30199
11003|5.81|28.03|30200
11003|5.81|27.82|30201
11003|5.81|26.74|30202
11003|5.81|27.25|30203
11003|5.81|27.10|30204
11003|5.81|26.83|30205
11021|5.65|47.69|40597
11010|13.26|51.50|10488
11021|12.99|41.98|20595
11214|12.66|47.88|30598
11002|12.22|27.48|40131
11002|12.22|27.81|40132
11002|12.22|26.13|40133
11002|12.22|27.21|40134
11002|12.22|25.56|40135
11002|12.22|25.15|40136
11002|12.22|26.50|40137
11002|12.22|27.03|40138
11002|12.22|25.61|40139
11002|12.22|25.09|40140
11011|21.72|49.97|10495
11002|21.78|37.34|20131
11002|21.78|32.26|20132
11002|21.78|35.78|20133
11002|21.78|36.55|20134
11002|21.78|35.33|20135
11002|21.78|34.68|20136
11002|21.78|35.80|20137
11002|21.78|36.27|20138
11002|21.78|35.34|20139
11002|21.78|34.40|20140
11011|20.68|53.18|30503
11010|20.73|41.93|40486
11012|29.84|61.73|10504
11003|29.61|52.97|20179
11003|29.61|53.32|20180
11003|29.61|51.95|20181
11003|29.61|53.83|20182
11003|29.61|52.70|20183
11003|29.61|51.65|20184
11003|29.61|55.74|20185
11003|29.61|52.66|20186
11003|29.61|53.24|20187
11012|29.66|66.23|30512
11009|30.00|46.03|40474
11009|30.00|44.48|40475
11009|30.00|47.69|40476
11002|37.35|56.15|10111
11002|37.35|55.78|10112
11002|37.35|55.61|10113
11002|37.35|56.54|10114
11002|37.35|56.77|10115
11002|37.35|55.74|10116
11002|36.75|57.31|10117
11002|36.75|56.28|10118
11002|36.75|57.39|10119
11002|36.75|56.82|10120
11011|37.67|64.50|20501
11002|36.58|50.60|30091
11002|36.58|50.64|30092
11002|36.58|50.18|30093
11002|36.58|50.69|30094
11002|36.58|50.65|30095
11002|35.98|51.87|30096
11002|35.98|51.61|30097
11002|35.98|51.63|30098
11002|36.38|51.66|30099
11002|35.98|51.25|30100
11003|35.85|61.84|40215
11003|35.85|62.05|40216
11003|35.85|62.70|40217
11003|35.85|61.97|40218
11003|35.85|62.20|40219
11003|35.85|62.46|40220
11003|35.85|62.47|40221
11003|35.85|64.19|40222
11003|35.85|64.26|40223
11001|46.07|62.55|10061
11001|46.07|63.04|10062
11001|46.07|62.04|10063
11001|46.07|61.75|10064
11001|46.07|62.54|10065
11001|45.02|64.15|10066
11001|45.32|62.72|10067
11001|45.32|63.15|10068
11001|45.02|63.73|10069
11001|45.32|62.92|10070
11001|47.15|63.65|20061
11001|47.15|64.35|20062
11001|47.15|63.12|20063
11001|47.15|63.04|20064
11001|47.15|63.67|20065
11001|46.10|65.21|20066
11001|46.40|64.05|20067
11001|46.40|64.23|20068
11001|46.10|64.94|20069
11001|46.40|64.41|20070
11012|45.84|82.41|30512
11214|44.52|77.20|40601
11011|53.73|90.21|10496
11018|52.86|87.15|20570
11015|53.30|92.67|30540
11013|52.13|79.76|40516
