133.81
11016|6.21|35.67|10548
11010|6.04|44.35|20488
11092|4.84|49.63|31003
11025|5.65|72.01|40637
11016|11.03|50.78|10552
11011|11.04|44.12|20498
11002|11.71|30.60|30121
11002|12.06|30.85|30122
11002|12.41|31.62|30123
11002|12.76|31.93|30124
11002|13.11|32.23|30125
11002|13.46|32.65|30126
11002|13.81|32.93|30127
11002|14.16|33.32|30128
11002|14.51|33.98|30129
11002|14.86|34.31|30130
11090|11.15|27.36|41087
11012|19.25|55.13|10510
11090|17.68|40.14|21025
11002|18.22|32.24|30091
11002|18.22|32.28|30092
11002|18.22|31.82|30093
11002|18.22|32.33|30094
11002|18.22|32.29|30095
11002|17.62|33.51|30096
11002|17.62|33.25|30097
11002|17.62|33.27|30098
11002|18.02|33.30|30099
11002|17.62|32.89|30100
11010|18.06|45.48|40484
11013|24.16|51.70|10516
11013|24.28|56.19|20523
11004|24.32|45.59|30233
11004|24.32|45.09|30234
11004|24.32|45.39|30235
11004|24.32|45.07|30236
11004|24.32|45.40|30237
11004|24.32|45.28|30238
11004|24.32|45.61|30239
11004|24.32|45.67|30240
11003|25.72|41.41|40188
11003|25.72|40.95|40189
11003|25.72|41.40|40190
11003|25.72|42.29|40191
11003|25.72|41.08|40192
11003|25.72|42.24|40193
11003|25.72|41.20|40194
11003|25.72|41.05|40195
11003|25.72|41.98|40196
11020|30.99|52.22|10592
11010|29.91|59.57|20482
11017|29.87|75.16|30560
11003|31.08|49.67|40161
11003|31.08|48.73|40162
11003|31.08|50.30|40163
11003|31.88|50.25|40164
11003|31.48|51.21|40165
11003|30.48|48.73|40166
11003|30.48|48.60|40167
11003|30.48|50.77|40168
11003|30.48|50.68|40169
11004|36.72|51.86|10281
11004|36.72|51.94|10282
11004|36.72|52.70|10283
11004|36.72|53.37|10284
11004|36.72|53.47|10285
11004|36.72|52.29|10286
11004|36.72|53.03|10287
11004|36.72|52.53|10288
11003|38.34|54.46|20224
11003|38.34|56.88|20225
11003|38.74|56.28|20226
11003|39.34|55.93|20227
11003|39.44|55.16|20228
11003|40.34|55.37|20229
11003|36.34|56.15|20230
11003|39.14|54.58|20231
11003|38.34|54.51|20232
11010|37.20|70.50|30492
11092|35.82|58.46|41089
11003|41.48|63.20|10197
11003|41.48|63.59|10198
11003|41.48|62.95|10199
11003|41.48|63.69|10200
11003|41.48|63.48|10201
11003|41.48|62.48|10202
11003|41.48|62.80|10203
11003|41.48|62.49|10204
11003|41.48|62.28|10205
11009|41.65|63.51|20471
11009|41.65|62.80|20472
11009|41.65|64.02|20473
11010|42.07|62.98|30486
11003|41.89|63.71|40197
11003|41.89|64.09|40198
11003|41.89|63.51|40199
11003|41.89|64.09|40200
11003|41.89|63.93|40201
11003|41.89|62.96|40202
11003|41.89|63.24|40203
11003|41.89|63.00|40204
11003|41.89|62.92|40205
11015|49.59|82.03|10539
11002|50.12|64.42|20091
11002|50.12|64.27|20092
11002|50.12|63.70|20093
11002|50.12|64.23|20094
11002|50.12|64.26|20095
11002|49.52|65.41|20096
11002|49.52|65.29|20097
11002|49.52|65.21|20098
11002|49.92|65.21|20099
11002|49.52|64.84|20100
11010|49.56|81.26|30480
11004|48.18|63.32|40281
11004|48.18|63.62|40282
11004|48.18|63.92|40283
11004|48.18|64.81|40284
11004|48.18|64.94|40285
11004|48.18|63.81|40286
11004|48.18|64.12|40287
11004|48.18|64.01|40288
11002|56.03|75.07|10121
11002|56.38|75.54|10122
11002|56.73|75.84|10123
11002|57.08|76.31|10124
11002|57.43|76.87|10125
11002|57.78|77.01|10126
11002|58.13|77.34|10127
11002|58.48|77.92|10128
11002|58.83|78.63|10129
11002|59.18|78.71|10130
11092|56.14|133.81|21088
11092|55.60|93.24|31001
11009|55.77|74.71|40462
11009|56.97|75.83|40463
11009|58.17|77.12|40464
