134.26
11008|5.08|19.69|10443
11008|5.08|18.64|10444
11008|5.08|20.51|10445
11008|5.08|19.48|10446
11011|5.56|49.23|20502
11016|5.69|38.66|30546
11016|5.13|39.42|40551
11018|12.50|45.25|10568
11016|13.08|48.22|20553
11021|12.85|41.75|30596
11016|12.99|53.38|40547
11017|18.24|53.94|10559
11013|17.80|44.87|20514
11020|18.58|39.05|30590
11003|18.39|40.21|40197
11003|18.39|40.59|40198
11003|18.39|40.01|40199
11003|18.39|40.59|40200
11003|18.39|40.43|40201
11003|18.39|39.46|40202
11003|18.39|39.74|40203
11003|18.39|39.50|40204
11003|18.39|39.42|40205
11021|25.49|62.42|10602
11015|26.32|58.91|20539
11013|25.34|52.68|30516
11017|25.42|71.14|40558
11012|33.34|68.53|10506
11013|33.11|65.71|20518
11015|32.44|56.80|30534
11013|33.28|79.01|40522
11012|38.25|70.93|10505
11010|39.03|63.80|20490
11007|38.61|58.78|30421
11007|38.61|58.29|30422
11007|38.61|57.69|30423
11007|38.61|57.23|30424
11007|38.61|57.11|30425
11012|39.24|72.47|40505
11011|45.22|79.30|10499
11011|44.44|76.72|20503
11008|44.71|63.99|30431
11008|44.71|63.94|30432
11008|44.71|65.38|30433
11008|44.71|63.88|30434
11004|45.10|66.51|40297
11004|45.10|66.52|40298
11004|45.10|67.28|40299
11004|45.10|67.39|40300
11004|45.10|67.00|40301
11004|45.10|66.19|40302
11004|45.10|65.51|40303
11004|45.10|68.26|40304
11214|51.27|86.42|10598
11009|51.47|75.36|20465
11009|51.47|81.39|20466
11009|51.47|73.53|20467
11092|52.44|97.23|31003
11003|52.32|70.91|40161
11003|52.32|69.97|40162
11003|52.32|71.54|40163
11003|53.12|71.49|40164
11003|52.72|72.45|40165
11003|51.72|69.97|40166
11003|51.72|69.84|40167
11003|51.72|72.01|40168
11003|51.72|71.92|40169
11092|57.01|134.26|11088
11090|57.93|74.27|21087
11092|57.76|99.89|31090
11020|57.53|77.18|40584
