117.04
11013|2.47|33.90|10517
11018|0.65|37.80|20565
11006|0.82|21.18|30360
11006|0.82|20.88|30361
11006|0.82|21.17|30362
11006|0.82|20.69|30363
11006|0.82|19.91|30364
11006|0.82|19.78|30365
11009|0.70|24.90|40465
11009|0.70|29.37|40466
11009|0.70|16.28|40467
11018|5.03|37.78|10568
11004|5.49|20.59|20273
11004|5.49|20.88|20274
11004|5.49|21.33|20275
11004|5.49|21.05|20276
11004|5.49|21.20|20277
11004|5.49|21.72|20278
11004|5.49|21.43|20279
11004|5.49|21.68|20280
11017|6.35|39.89|30556
11006|5.29|24.07|40372
11006|5.29|24.20|40373
11006|5.29|24.53|40374
11006|5.29|24.77|40375
11006|5.29|23.70|40376
11006|5.29|23.85|40377
11014|10.34|42.57|10530
11006|9.54|30.30|20384
11006|10.24|31.02|20385
11006|10.94|31.65|20386
11006|11.64|32.37|20387
11006|12.34|33.05|20388
11006|13.04|33.83|20389
11002|10.05|38.01|30081
11002|10.30|38.32|30082
11002|10.35|38.30|30083
11002|10.55|38.30|30084
11002|10.05|39.90|30085
11002|11.05|39.39|30086
11002|11.65|40.06|30087
11002|11.65|39.90|30088
11002|11.65|39.63|30089
11002|11.65|38.79|30090
11002|10.27|30.22|40101
11002|10.27|29.24|40102
11002|10.27|29.62|40103
11002|10.27|29.96|40104
11002|10.27|29.08|40105
11002|10.27|30.23|40106
11002|10.27|26.92|40107
11002|10.27|29.83|40108
11002|10.27|28.46|40109
11002|10.27|28.93|40110
11007|14.17|30.52|10426
11007|14.17|30.52|10427
11007|14.17|30.67|10428
11007|14.17|31.03|10429
11007|14.17|30.65|10430
11001|13.66|29.24|20051
11001|13.66|27.24|20052
11001|13.66|26.04|20053
11001|13.66|27.25|20054
11001|13.66|27.21|20055
11001|13.66|26.59|20056
11001|13.66|26.51|20057
11001|13.66|25.85|20058
11001|13.66|27.81|20059
11001|13.66|27.92|20060
11013|14.60|37.91|30521
11001|13.14|29.47|40031
11001|13.14|29.56|40032
11001|13.14|29.36|40033
11001|13.14|29.35|40034
11001|13.14|30.03|40035
11001|13.14|29.06|40036
11001|13.14|28.51|40037
11001|13.14|29.15|40038
11001|13.14|29.53|40039
11001|13.14|29.03|40040
11001|17.56|38.74|10041
11001|17.56|38.65|10042
11001|17.56|38.40|10043
11001|17.56|38.88|10044
11001|17.56|39.33|10045
11001|17.56|39.07|10046
11001|17.56|38.50|10047
11001|17.56|38.85|10048
11001|17.56|38.09|10049
11001|17.56|39.53|10050
11007|18.66|45.13|20416
11007|18.66|42.50|20417
11007|18.66|48.03|20418
11007|18.66|47.24|20419
11007|18.66|46.41|20420
11005|18.58|39.91|30347
11005|18.58|41.16|30348
11005|18.58|39.99|30349
11005|18.58|39.30|30350
11005|18.58|40.89|30351
11005|18.58|41.55|30352
11005|18.58|40.97|30353
11003|18.07|42.33|40206
11003|18.07|42.50|40207
11003|18.07|42.22|40208
11003|18.07|42.35|40209
11003|18.07|42.21|40210
11003|19.57|42.06|40211
11003|19.57|42.23|40212
11003|19.57|42.37|40213
11003|19.57|42.09|40214
11006|21.05|39.83|10372
11006|21.05|39.99|10373
11006|21.05|40.36|10374
11006|21.05|40.44|10375
11006|21.05|39.38|10376
11006|21.05|39.70|10377
11002|22.92|38.48|20131
11002|22.92|33.40|20132
11002|22.92|36.92|20133
11002|22.92|37.69|20134
11002|22.92|36.47|20135
11002|22.92|35.82|20136
11002|22.92|36.94|20137
11002|22.92|37.41|20138
11002|22.92|36.48|20139
11002|22.92|35.54|20140
11010|21.16|48.53|30484
11010|21.16|47.69|30485
11007|21.39|51.53|40396
11007|21.39|47.65|40397
11007|21.39|59.10|40398
11007|21.39|54.45|40399
11007|21.39|47.96|40400
11006|26.06|46.31|10360
11006|26.06|46.04|10361
11006|26.06|46.74|10362
11006|26.06|45.85|10363
11006|26.06|45.21|10364
11006|26.06|45.13|10365
11008|25.80|44.41|20447
11008|25.80|46.17|20448
11008|25.80|45.70|20449
11008|25.80|45.80|20450
11005|26.86|42.10|30340
11005|26.86|42.25|30341
11005|26.86|42.53|30342
11005|26.86|42.31|30343
11005|26.86|42.19|30344
11005|26.86|42.25|30345
11005|26.86|42.63|30346
11001|26.95|43.90|40021
11001|27.37|44.28|40022
11001|27.79|44.71|40023
11001|28.21|45.12|40024
11001|28.63|45.59|40025
11001|29.05|45.93|40026
11001|29.47|46.40|40027
11001|29.89|46.77|40028
11001|30.31|47.24|40029
11001|30.73|47.72|40030
11013|29.32|60.75|10517
11013|30.03|60.50|20515
11002|31.40|45.42|30091
11002|31.40|45.46|30092
11002|31.40|45.00|30093
11002|31.40|45.51|30094
11002|31.40|45.47|30095
11002|30.80|46.69|30096
11002|30.80|46.43|30097
11002|30.80|46.45|30098
11002|31.20|46.48|30099
11002|30.80|46.07|30100
11018|30.77|67.81|40565
11015|33.84|60.10|10537
11026|33.31|81.11|20650
11003|34.66|58.26|30179
11003|34.66|58.68|30180
11003|34.66|56.99|30181
11003|34.66|59.10|30182
11003|34.66|57.81|30183
11003|34.66|56.74|30184
11003|34.66|60.80|30185
11003|34.66|57.64|30186
11003|34.66|58.37|30187
11002|34.38|53.31|40121
11002|34.73|53.62|40122
11002|35.08|54.29|40123
11002|35.43|54.61|40124
11002|35.78|54.96|40125
11002|36.13|55.35|40126
11002|36.48|55.67|40127
11002|36.83|56.05|40128
11002|37.18|56.70|40129
11002|37.53|56.97|40130
11002|37.67|66.19|10081
11002|37.92|66.02|10082
11002|37.97|66.27|10083
11002|38.17|65.98|10084
11002|37.67|67.58|10085
11002|38.67|67.05|10086
11002|39.27|67.33|10087
11002|39.27|67.84|10088
11002|39.27|67.36|10089
11002|39.27|66.34|10090
11014|38.71|67.33|20526
11013|38.92|76.42|30520
11004|38.81|56.41|40257
11004|39.41|57.05|40258
11004|40.01|57.70|40259
11004|40.61|58.26|40260
11004|41.21|58.82|40261
11004|41.81|59.46|40262
11004|42.41|60.02|40263
11004|43.01|60.63|40264
11004|41.45|62.72|10233
11004|41.45|62.22|10234
11004|41.45|62.52|10235
11004|41.45|62.31|10236
11004|41.45|62.57|10237
11004|41.45|62.45|10238
11004|41.45|62.73|10239
11004|41.45|62.84|10240
11004|42.07|57.17|20273
11004|42.07|57.46|20274
11004|42.07|57.91|20275
11004|42.07|57.63|20276
11004|42.07|57.78|20277
11004|42.07|58.30|20278
11004|42.07|58.01|20279
11004|42.07|58.26|20280
11008|42.88|72.14|30435
11008|42.88|72.12|30436
11008|42.88|63.87|30437
11008|42.88|67.40|30438
11003|41.41|64.73|40170
11003|41.41|63.88|40171
11003|41.41|62.90|40172
11003|42.21|62.99|40173
11003|42.21|65.54|40174
11003|42.21|66.59|40175
11003|42.21|68.63|40176
11003|41.41|66.95|40177
11003|42.51|67.08|40178
11005|46.45|67.72|10347
11005|46.45|69.10|10348
11005|46.45|67.71|10349
11005|46.45|67.14|10350
11005|46.45|68.74|10351
11005|46.45|69.84|10352
11005|46.45|68.83|10353
11011|45.50|76.07|20494
11014|46.34|91.83|30528
11004|46.89|62.03|40281
11004|46.89|62.33|40282
11004|46.89|62.63|40283
11004|46.89|63.52|40284
11004|46.89|63.65|40285
11004|46.89|62.52|40286
11004|46.89|62.83|40287
11004|46.89|62.72|40288
11026|50.33|98.13|10650
11009|49.46|65.50|20474
11009|49.46|63.94|20475
11009|49.46|67.09|20476
11008|49.98|79.24|30435
11008|49.98|79.22|30436
11008|49.98|70.97|30437
11008|49.98|74.50|30438
11007|50.84|70.86|40406
11007|50.84|71.07|40407
11007|50.84|70.47|40408
11007|50.84|70.28|40409
11007|50.84|70.33|40410
14013|55.23|83.08|10686
11011|54.22|98.01|20500
11026|54.35|117.04|30648
11008|53.75|73.05|40431
11008|53.75|73.13|40432
11008|53.75|74.51|40433
11008|53.75|72.96|40434
11007|59.52|79.61|10406
11007|59.52|79.77|10407
11007|59.52|79.26|10408
11007|59.52|78.90|10409
11007|59.52|78.94|10410
11021|58.39|97.01|20603
11012|59.03|84.73|30511
11007|59.27|75.56|40426
11007|59.27|75.61|40427
11007|59.27|75.73|40428
11007|59.27|76.16|40429
11007|59.27|75.74|40430
