99.25
11007|5.43|34.92|10396
11007|5.43|31.56|10397
11007|5.43|42.45|10398
11007|5.43|39.58|10399
11007|5.43|31.57|10400
11007|4.61|24.55|20411
11007|4.61|24.44|20412
11007|4.61|23.76|20413
11007|4.61|25.09|20414
11007|4.61|21.35|20415
11016|6.01|35.84|30548
11090|5.20|21.41|41087
11007|12.48|36.50|10401
11007|12.48|38.57|10402
11007|12.48|37.90|10403
11007|12.48|37.99|10404
11007|12.48|37.18|10405
11015|12.29|51.93|20542
11092|12.52|50.16|31001
11008|13.86|43.42|40435
11008|13.86|43.05|40436
11008|13.86|34.83|40437
11008|13.86|38.87|40438
11004|21.27|40.74|10289
11004|21.27|41.95|10290
11004|21.27|39.23|10291
11004|21.27|37.50|10292
11004|21.27|40.45|10293
11004|21.27|40.56|10294
11004|21.27|38.70|10295
11004|21.27|40.55|10296
11002|21.25|49.27|20081
11002|21.50|49.60|20082
11002|21.55|49.62|20083
11002|21.75|49.60|20084
11002|21.25|51.30|20085
11002|22.25|50.89|20086
11002|22.85|51.61|20087
11002|22.85|51.10|20088
11002|22.85|50.96|20089
11002|22.85|50.12|20090
11214|20.03|49.81|30594
11024|20.62|51.94|40626
11016|27.15|66.90|10552
11007|26.31|46.40|20406
11007|26.31|46.52|20407
11007|26.31|45.92|20408
11007|26.31|45.71|20409
11007|26.31|45.75|20410
11018|27.41|62.29|30571
11017|26.85|79.78|40563
11009|34.39|56.36|10471
11009|34.39|55.62|10472
11009|34.39|56.75|10473
11013|34.29|57.44|20521
11004|33.90|51.57|30257
11004|34.50|52.05|30258
11004|35.10|52.72|30259
11004|35.70|53.39|30260
11004|36.30|53.91|30261
11004|36.90|54.52|30262
11004|37.50|55.11|30263
11004|38.10|55.67|30264
11002|35.24|54.17|40121
11002|35.59|54.48|40122
11002|35.94|55.15|40123
11002|36.29|55.47|40124
11002|36.64|55.82|40125
11002|36.99|56.21|40126
11002|37.34|56.53|40127
11002|37.69|56.91|40128
11002|38.04|57.56|40129
11002|38.39|57.83|40130
11007|40.14|60.57|10421
11007|40.14|59.98|10422
11007|40.14|59.21|10423
11007|40.14|58.74|10424
11007|40.14|58.75|10425
11016|41.86|72.42|20545
11090|41.09|61.20|31084
11004|41.39|58.99|40257
11004|41.99|59.63|40258
11004|42.59|60.28|40259
11004|43.19|60.84|40260
11004|43.79|61.40|40261
11004|44.39|62.04|40262
11004|44.99|62.60|40263
11004|45.59|63.21|40264
11010|47.10|74.26|10484
11025|48.13|81.38|20634
11016|48.41|78.69|30545
11020|47.56|61.07|40592
11092|53.11|95.29|11090
11016|52.96|92.41|20547
11020|53.80|68.09|30592
11003|55.87|71.99|40224
11003|55.87|74.33|40225
11003|56.27|73.76|40226
11003|56.87|73.61|40227
11003|56.97|72.60|40228
11003|57.87|72.84|40229
11003|53.87|74.04|40230
11003|56.67|72.08|40231
11003|55.87|72.12|40232
11017|59.29|90.93|10554
11012|58.84|91.23|20505
11021|59.43|99.25|30599
