98.83
11025|4.62|77.76|10635
11021|6.02|38.46|20601
11090|5.39|24.82|31031
11006|5.45|25.66|40390
11006|5.45|25.08|40391
11006|5.45|26.14|40392
11006|5.45|25.89|40393
11006|5.45|24.84|40394
11006|5.45|25.23|40395
11017|12.25|60.32|10561
11214|11.94|51.70|20599
11085|13.73|30.80|31051
11085|13.23|30.82|31047
11085|13.73|30.36|31050
11085|13.23|30.18|31048
11085|13.53|30.64|31049
11085|14.23|31.18|31048
11085|14.03|31.62|31047
11010|13.17|38.05|40490
11092|19.51|57.25|11001
11012|20.98|52.49|20504
11026|19.59|98.83|30645
11090|20.26|36.44|41086
11024|25.39|79.42|10633
11021|25.83|65.17|20597
11003|26.19|49.79|30179
11003|26.19|50.21|30180
11003|26.19|48.52|30181
11003|26.19|50.63|30182
11003|26.19|49.34|30183
11003|26.19|48.27|30184
11003|26.19|52.33|30185
11003|26.19|49.17|30186
11003|26.19|49.90|30187
11017|26.72|54.76|40555
11007|32.41|58.11|10416
11007|32.41|56.08|10417
11007|32.41|61.60|10418
11007|32.41|60.88|10419
11007|32.41|59.80|10420
11015|33.07|62.74|20538
11017|32.30|65.84|30556
11005|32.99|53.01|40326
11005|32.99|51.80|40327
11005|32.99|54.03|40328
11005|32.99|53.85|40329
11005|32.99|56.06|40330
11005|32.99|54.67|40331
11005|32.99|52.11|40332
11013|41.00|80.49|10519
11085|39.58|58.46|21052
11085|39.28|57.99|21053
11085|39.78|57.17|21054
11085|39.28|60.14|21055
11085|39.78|58.20|21056
11085|40.08|58.96|21052
11085|40.28|58.70|21056
11085|40.28|57.67|21054
11017|39.17|63.56|30557
11025|40.45|73.56|40634
11015|46.50|76.92|10543
11026|46.14|93.94|20650
11021|46.98|82.20|30598
11017|46.18|80.39|40556
11010|51.60|84.78|10492
11008|52.49|68.05|20455
11008|52.49|67.67|20456
11008|52.49|65.32|20457
11008|52.49|63.97|20458
11006|51.65|72.01|30360
11006|51.65|71.71|30361
11006|51.65|72.00|30362
11006|51.65|71.52|30363
11006|51.65|70.74|30364
11006|51.65|70.61|30365
11024|52.56|89.91|40624
