89.01
14022|1.85|49.64|10760
11008|1.46|20.70|20431
11008|1.46|20.81|20432
11008|1.46|22.24|20433
11008|1.46|20.79|20434
11004|1.97|22.34|30241
11004|1.97|22.53|30242
11004|1.97|21.85|30243
11004|1.97|22.02|30244
11004|1.97|22.59|30245
11004|1.97|23.00|30246
11004|1.97|23.54|30247
11004|1.97|24.50|30248
11009|2.22|18.25|40474
11009|2.22|16.70|40475
11009|2.22|19.91|40476
11008|4.75|23.99|10431
11008|4.75|24.08|10432
11008|4.75|25.73|10433
11008|4.75|24.11|10434
11012|4.87|42.94|20513
11007|4.70|24.87|30421
11007|4.70|24.38|30422
11007|4.70|23.78|30423
11007|4.70|23.32|30424
11007|4.70|23.20|30425
11012|6.73|39.23|40504
11001|9.07|32.31|10071
11001|9.07|32.03|10072
11001|9.07|31.59|10073
11001|9.07|31.44|10074
11001|9.07|31.55|10075
11001|9.07|31.26|10076
11001|9.47|31.24|10077
11001|9.27|30.74|10078
11001|9.07|29.15|10079
11001|9.87|30.52|10080
11012|9.85|60.51|20507
14007|9.46|39.05|30663
11006|8.70|29.35|40384
11006|9.40|30.17|40385
11006|10.10|30.83|40386
11006|10.80|31.52|40387
11006|11.50|32.17|40388
11006|12.20|32.91|40389
11013|14.16|45.59|10517
11009|12.65|35.39|20459
11009|12.65|37.47|20460
11009|12.65|38.67|20461
11001|14.08|32.28|30011
11001|13.98|32.24|30012
11001|14.08|31.88|30013
11001|14.08|32.30|30014
11001|14.08|32.07|30015
11001|14.08|32.50|30016
11001|14.58|31.29|30017
11001|14.88|31.31|30018
11001|14.58|31.37|30019
11001|14.58|31.25|30020
11005|14.53|34.55|40326
11005|14.53|33.34|40327
11005|14.53|35.57|40328
11005|14.53|35.39|40329
11005|14.53|37.60|40330
11005|14.53|36.21|40331
11005|14.53|33.65|40332
11020|17.85|35.74|10585
11002|16.90|32.46|20131
11002|16.90|27.38|20132
11002|16.90|30.90|20133
11002|16.90|31.67|20134
11002|16.90|30.45|20135
11002|16.90|29.80|20136
11002|16.90|30.92|20137
11002|16.90|31.39|20138
11002|16.90|30.46|20139
11002|16.90|29.52|20140
11002|17.28|32.87|30131
11002|17.28|32.55|30132
11002|17.28|31.33|30133
11002|17.28|32.33|30134
11002|17.28|30.63|30135
11002|17.28|30.32|30136
11002|17.28|31.40|30137
11002|17.28|31.71|30138
11002|17.28|30.67|30139
11002|17.28|29.75|30140
11007|17.44|33.73|40426
11007|17.44|33.78|40427
11007|17.44|33.90|40428
11007|17.44|34.33|40429
11007|17.44|33.91|40430
11010|22.11|60.35|10488
11010|22.11|54.44|10489
11006|21.44|41.75|20360
11006|21.44|41.41|20361
11006|21.44|42.21|20362
11006|21.44|41.30|20363
11006|21.44|40.61|20364
11006|21.44|40.41|20365
11008|21.60|50.86|30435
11008|21.60|50.84|30436
11008|21.60|42.59|30437
11008|21.60|46.12|30438
11011|21.13|55.26|40499
11003|26.33|42.01|10188
11003|26.33|41.51|10189
11003|26.33|42.07|10190
11003|26.33|42.60|10191
11003|26.33|41.76|10192
11003|26.33|42.70|10193
11003|26.33|41.84|10194
11003|26.33|41.66|10195
11003|26.33|42.48|10196
11016|26.46|66.72|20552
11002|26.06|41.65|30131
11002|26.06|41.33|30132
11002|26.06|40.11|30133
11002|26.06|41.11|30134
11002|26.06|39.41|30135
11002|26.06|39.10|30136
11002|26.06|40.18|30137
11002|26.06|40.49|30138
11002|26.06|39.45|30139
11002|26.06|38.53|30140
11010|26.14|57.76|40480
11010|26.14|57.70|40481
11008|30.53|49.99|10451
11008|30.53|49.13|10452
11008|30.53|48.58|10453
11008|30.53|49.32|10454
11006|28.76|47.52|20372
11006|28.76|47.67|20373
11006|28.76|48.01|20374
11006|28.76|48.18|20375
11006|28.76|47.11|20376
11006|28.76|47.39|20377
11004|28.82|49.19|30241
11004|28.82|49.38|30242
11004|28.82|48.70|30243
11004|28.82|48.87|30244
11004|28.82|49.44|30245
11004|28.82|49.85|30246
11004|28.82|50.39|30247
11004|28.82|51.35|30248
11006|30.26|49.04|40372
11006|30.26|49.17|40373
11006|30.26|49.50|40374
11006|30.26|49.74|40375
11006|30.26|48.67|40376
11006|30.26|48.82|40377
11006|34.44|54.69|10360
11006|34.44|54.42|10361
11006|34.44|55.12|10362
11006|34.44|54.23|10363
11006|34.44|53.59|10364
11006|34.44|53.51|10365
14009|34.78|77.03|20667
11017|32.83|57.22|30557
11001|34.39|50.90|40061
11001|34.39|51.58|40062
11001|34.39|50.42|40063
11001|34.39|49.91|40064
11001|34.39|51.02|40065
11001|33.34|52.46|40066
11001|33.64|51.09|40067
11001|33.64|51.63|40068
11001|33.34|52.10|40069
11001|33.64|51.22|40070
11016|38.54|66.17|10544
11001|36.81|52.39|20051
11001|36.81|50.39|20052
11001|36.81|49.19|20053
11001|36.81|50.40|20054
11001|36.81|50.36|20055
11001|36.81|49.74|20056
11001|36.81|49.66|20057
11001|36.81|49.00|20058
11001|36.81|50.96|20059
11001|36.81|51.07|20060
11008|37.59|56.30|30439
11008|37.59|56.36|30440
11008|37.59|56.14|30441
11008|37.59|57.18|30442
11005|38.01|56.00|40312
11005|38.01|56.34|40313
11005|38.01|56.52|40314
11005|38.01|60.42|40315
11005|38.01|58.35|40316
11005|38.01|55.78|40317
11005|38.01|55.25|40318
11011|42.98|68.09|10497
11003|41.41|67.40|20215
11003|41.41|67.57|20216
11003|41.41|68.21|20217
11003|41.41|67.61|20218
11003|41.41|67.86|20219
11003|41.41|67.98|20220
11003|41.41|68.06|20221
11003|41.41|69.70|20222
11003|41.41|69.79|20223
11003|41.83|65.14|30170
11003|41.83|64.18|30171
11003|41.83|63.29|30172
11003|42.63|63.29|30173
11003|42.63|65.67|30174
11003|42.63|66.98|30175
11003|42.63|68.92|30176
11003|41.83|67.47|30177
11003|42.93|67.50|30178
11003|41.25|64.57|40170
11003|41.25|63.72|40171
11003|41.25|62.74|40172
11003|42.05|62.83|40173
11003|42.05|65.38|40174
11003|42.05|66.43|40175
11003|42.05|68.47|40176
11003|41.25|66.79|40177
11003|42.35|66.92|40178
11023|46.32|68.74|10614
11001|45.23|68.65|20071
11001|45.23|68.12|20072
11001|45.23|67.75|20073
11001|45.23|67.38|20074
11001|45.23|67.63|20075
11001|45.23|67.40|20076
11001|45.63|67.23|20077
11001|45.43|66.63|20078
11001|45.23|65.27|20079
11001|46.03|66.65|20080
11001|46.16|63.47|30001
11001|46.96|63.78|30002
11001|47.06|63.59|30003
11001|46.86|64.85|30004
11001|46.76|64.30|30005
11001|46.66|63.76|30006
11001|46.96|63.07|30007
11001|46.76|64.71|30008
11001|46.16|64.23|30009
11001|46.76|63.73|30010
11019|46.80|89.01|40582
11014|50.15|78.74|10526
11006|49.09|69.40|20360
11006|49.09|69.06|20361
11006|49.09|69.86|20362
11006|49.09|68.95|20363
11006|49.09|68.26|20364
11006|49.09|68.06|20365
11002|49.18|77.14|30081
11002|49.43|77.45|30082
11002|49.48|77.43|30083
11002|49.68|77.43|30084
11002|49.18|79.03|30085
11002|50.18|78.52|30086
11002|50.78|79.19|30087
11002|50.78|79.03|30088
11002|50.78|78.76|30089
11002|50.78|77.92|30090
11006|50.21|68.88|40366
11006|50.21|68.32|40367
11006|50.21|68.52|40368
11006|50.21|68.73|40369
11006|50.21|68.49|40370
11006|50.21|68.27|40371
11001|54.71|71.02|10031
11001|54.71|71.09|10032
11001|54.71|70.96|10033
11001|54.71|70.80|10034
11001|54.71|71.40|10035
11001|54.71|70.64|10036
11001|54.71|70.08|10037
11001|54.71|70.66|10038
11001|54.71|71.08|10039
11001|54.71|70.49|10040
11006|53.61|72.37|20372
11006|53.61|72.52|20373
11006|53.61|72.86|20374
11006|53.61|73.03|20375
11006|53.61|71.96|20376
11006|53.61|72.24|20377
11007|54.65|70.92|30426
11007|54.65|70.95|30427
11007|54.65|71.15|30428
11007|54.65|71.51|30429
11007|54.65|71.15|30430
11005|54.49|75.86|40347
11005|54.49|77.16|40348
11005|54.49|75.82|40349
11005|54.49|75.23|40350
11005|54.49|76.80|40351
11005|54.49|77.86|40352
11005|54.49|76.48|40353
11004|57.11|75.56|10265
11004|57.11|74.66|10266
11004|57.11|75.51|10267
11004|57.11|76.00|10268
11004|57.11|76.68|10269
11004|57.11|76.49|10270
11004|57.11|75.84|10271
11004|57.11|74.89|10272
11008|57.20|72.76|20455
11008|57.20|72.38|20456
11008|57.20|70.03|20457
11008|57.20|68.68|20458
11009|58.36|82.41|30465
11009|58.36|86.85|30466
11009|58.36|80.12|30467
11003|57.84|83.83|40215
11003|57.84|84.04|40216
11003|57.84|84.69|40217
11003|57.84|83.96|40218
11003|57.84|84.19|40219
11003|57.84|84.45|40220
11003|57.84|84.46|40221
11003|57.84|86.18|40222
11003|57.84|86.25|40223
