99.62
33074|0.00|33.62|50464
33074|2.00|35.62|50464
33074|4.00|37.62|50464
33074|6.00|39.62|50464
33074|8.00|41.62|50464
33075|11.00|44.62|50464
33074|14.00|47.62|50464
33074|16.00|49.62|50464
33074|18.00|51.62|50464
33074|20.00|53.62|50464
33074|22.00|55.62|50464
33074|24.00|57.62|50464
33074|26.00|59.62|50464
33075|29.00|62.62|50464
33074|32.00|65.62|50464
33074|34.00|67.62|50464
33074|36.00|69.62|50464
33074|38.00|71.62|50464
33074|40.00|73.62|50464
33074|42.00|75.62|50464
33074|44.00|77.62|50464
33074|46.00|79.62|50464
33074|48.00|81.62|50464
33074|50.00|83.62|50464
33074|52.00|85.62|50464
33074|54.00|87.62|50464
33074|56.00|89.62|50464
33075|59.00|92.62|50464
33074|62.00|95.62|50464
33074|64.00|97.62|50464
33074|66.00|99.62|50464
33074|0.00|33.61|50465
33074|2.00|35.61|50465
33074|4.00|37.61|50465
33074|6.00|39.61|50465
33074|8.00|41.61|50465
33075|11.00|44.61|50465
33074|14.00|47.61|50465
33074|16.00|49.61|50465
33074|18.00|51.61|50465
33074|20.00|53.61|50465
33074|22.00|55.61|50465
33074|24.00|57.61|50465
33074|26.00|59.61|50465
33075|29.00|62.61|50465
33074|32.00|65.61|50465
33074|34.00|67.61|50465
33074|36.00|69.61|50465
33074|38.00|71.61|50465
33074|40.00|73.61|50465
33074|42.00|75.61|50465
33074|44.00|77.61|50465
33074|46.00|79.61|50465
33074|48.00|81.61|50465
33074|50.00|83.61|50465
33074|52.00|85.61|50465
33074|54.00|87.61|50465
33074|56.00|89.61|50465
33075|59.00|92.61|50465
33074|62.00|95.61|50465
33074|64.00|97.61|50465
33074|66.00|99.61|50465
33076|0.00|30.88|50466
34077|5.00|35.88|50466
33076|10.00|40.88|50466
34077|15.00|45.88|50466
33076|20.00|50.88|50466
33075|25.00|55.88|50466
33075|30.00|60.88|50466
33076|35.00|65.88|50466
34077|40.00|70.88|50466
33075|45.00|75.88|50466
33075|50.00|80.88|50466
33076|55.00|85.88|50466
34077|60.00|90.88|50466
