112.89
11008|5.40|24.07|10447
11008|5.40|25.85|10448
11008|5.40|25.18|10449
11008|5.40|25.54|10450
11011|5.68|38.76|20498
11016|5.29|38.26|30546
11008|6.60|36.16|40435
11008|6.60|35.79|40436
11008|6.60|27.57|40437
11008|6.60|31.61|40438
11017|11.69|59.76|10561
11090|12.69|29.03|21087
11214|11.02|43.26|30601
11017|11.87|47.81|40559
11011|19.21|53.29|10499
11010|19.65|40.69|20486
11011|19.94|53.09|30498
11090|18.05|34.23|41086
11020|25.62|46.85|10592
11024|27.33|63.72|20625
11013|27.26|50.57|30521
11018|26.43|64.89|40573
11012|32.09|70.04|10513
11011|32.02|60.30|20495
11012|32.20|67.32|30506
11012|31.86|57.45|40511
11009|37.12|61.25|10465
11009|37.12|67.25|10466
11009|37.12|59.12|10467
11016|38.24|72.59|20551
11020|38.75|56.29|30585
11016|37.22|71.51|40551
11008|44.16|63.62|10451
11008|44.16|62.76|10452
11008|44.16|62.21|10453
11008|44.16|62.95|10454
11018|43.09|77.38|20570
11016|43.62|82.79|30547
11008|43.56|58.17|40443
11008|43.56|57.13|40444
11008|43.56|58.92|40445
11008|43.56|57.98|40446
11008|50.91|65.52|10443
11008|50.91|64.47|10444
11008|50.91|66.34|10445
11008|50.91|65.31|10446
11013|50.64|90.82|20519
11016|50.98|81.26|30545
11092|50.88|73.52|41089
11025|56.64|112.89|10638
11009|56.53|78.39|20471
11009|56.53|77.68|20472
11009|56.53|78.90|20473
11013|57.12|80.43|30521
11020|57.58|72.15|40591
