97.55
11018|6.62|43.79|10565
11002|5.89|21.45|20131
11002|5.89|16.37|20132
11002|5.89|19.89|20133
11002|5.89|20.66|20134
11002|5.89|19.44|20135
11002|5.89|18.79|20136
11002|5.89|19.91|20137
11002|5.89|20.38|20138
11002|5.89|19.45|20139
11002|5.89|18.51|20140
11018|7.25|42.13|30571
11017|7.19|52.58|40560
11011|13.66|38.77|10497
11001|14.85|36.09|20041
11001|14.85|35.97|20042
11001|14.85|35.69|20043
11001|14.85|36.21|20044
11001|14.85|36.84|20045
11001|14.85|36.30|20046
11001|14.85|35.83|20047
11001|14.85|36.08|20048
11001|14.85|35.44|20049
11001|14.85|36.85|20050
11004|14.44|34.81|30241
11004|14.44|35.00|30242
11004|14.44|34.32|30243
11004|14.44|34.49|30244
11004|14.44|35.06|30245
11004|14.44|35.47|30246
11004|14.44|36.01|30247
11004|14.44|36.97|30248
11015|14.34|40.70|40537
11012|21.88|53.77|10504
11001|22.44|38.94|20061
11001|22.44|39.64|20062
11001|22.44|38.41|20063
11001|22.44|38.33|20064
11001|22.44|38.96|20065
11001|21.39|40.50|20066
11001|21.69|39.34|20067
11001|21.69|39.52|20068
11001|21.39|40.23|20069
11001|21.69|39.70|20070
11011|23.07|67.82|30500
11092|21.43|66.23|41003
11001|30.54|47.66|10021
11001|30.96|47.88|10022
11001|31.38|48.36|10023
11001|31.80|48.72|10024
11001|32.22|49.11|10025
11001|32.64|49.56|10026
11001|33.06|50.00|10027
11001|33.48|50.44|10028
11001|33.90|50.80|10029
11001|34.32|51.43|10030
11010|30.83|60.49|20482
11010|30.57|63.87|30492
11002|30.22|50.17|40101
11002|30.22|49.19|40102
11002|30.22|49.57|40103
11002|30.22|49.91|40104
11002|30.22|49.03|40105
11002|30.22|50.18|40106
11002|30.22|46.87|40107
11002|30.22|49.78|40108
11002|30.22|48.41|40109
11002|30.22|48.88|40110
11002|39.54|68.06|10081
11002|39.79|67.89|10082
11002|39.84|68.14|10083
11002|40.04|67.85|10084
11002|39.54|69.45|10085
11002|40.54|68.92|10086
11002|41.14|69.20|10087
11002|41.14|69.71|10088
11002|41.14|69.23|10089
11002|41.14|68.21|10090
11015|39.35|63.51|20534
11015|39.06|64.78|30536
11011|39.54|73.67|40499
11013|46.21|79.26|10518
11017|46.96|97.55|20562
11214|47.44|76.43|30595
11013|47.48|79.49|40523
11002|53.83|69.24|10131
11002|53.83|69.48|10132
11002|53.83|67.84|10133
11002|53.83|69.12|10134
11002|53.83|67.34|10135
11002|53.83|67.05|10136
11002|53.83|67.80|10137
11002|53.83|68.78|10138
11002|53.83|67.62|10139
11002|53.83|66.74|10140
11010|53.88|74.92|20486
11009|53.58|69.58|30474
11009|53.58|68.09|30475
11009|53.58|71.33|30476
11011|53.26|96.81|40502
