48.89
11001|5.12|28.54|20071
11001|5.12|28.01|20072
11001|5.12|27.64|20073
11001|5.12|27.27|20074
11001|5.12|27.52|20075
11001|5.12|27.29|20076
11001|5.52|27.12|20077
11007|5.97|26.10|30406
11007|5.97|26.22|30407
11007|5.97|25.63|30408
11007|5.97|25.40|30409
11007|5.97|25.46|30410
11007|5.13|25.15|40406
11007|5.13|25.36|40407
11007|5.13|24.76|40408
11007|5.13|24.57|40409
11007|5.13|24.62|40410
11001|12.92|29.26|20031
11001|12.92|29.33|20032
11001|12.92|29.15|20033
11001|12.92|29.02|20034
11001|12.92|29.70|20035
11001|12.92|28.90|20036
11001|12.92|28.29|20037
11007|12.81|32.94|30406
11007|12.81|33.06|30407
11007|12.81|32.47|30408
11007|12.81|32.24|30409
11007|12.81|32.30|30410
11001|13.37|36.58|40071
11001|13.37|36.27|40072
11001|13.37|36.10|40073
11001|13.37|35.57|40074
11001|13.37|36.03|40075
11001|13.37|35.76|40076
11001|13.77|35.37|40077
11001|19.05|37.15|10011
11001|18.95|37.08|10012
11001|19.05|37.07|10013
11001|19.05|37.43|10014
11001|19.05|36.77|10015
11001|19.05|37.50|10016
11001|19.55|36.12|10017
11001|19.85|36.25|10018
11001|19.55|36.30|10019
11001|20.02|36.89|20023
11001|20.44|37.31|20024
11001|20.86|37.78|20025
11001|21.28|38.21|20026
11001|21.70|38.59|20027
11001|22.12|39.00|20028
11001|22.54|39.53|20029
11001|22.96|39.78|20030
11001|19.21|35.54|40031
11001|19.21|35.63|40032
11001|19.21|35.43|40033
11001|19.21|35.42|40034
11001|19.21|36.10|40035
11001|19.21|35.13|40036
11001|19.21|34.58|40037
11001|26.19|43.31|10021
11001|26.61|43.53|10022
11001|27.03|44.01|10023
11001|27.45|44.37|10024
11001|27.87|44.76|10025
11001|28.29|45.21|10026
11001|28.71|45.65|10027
11001|25.52|48.89|30071
11001|25.52|48.26|30072
11001|25.52|48.33|30073
11001|25.52|47.64|30074
11001|25.52|48.24|30075
11001|25.52|47.87|30076
11001|25.92|47.61|30077
11007|22.81|42.94|30406
11007|22.81|43.06|30407
11007|22.81|42.47|30408
11007|22.81|42.24|30409
11007|22.81|42.30|30410
