97.64
11004|7.23|22.35|10273
11004|7.23|22.61|10274
11004|7.23|23.11|10275
11004|7.23|22.81|10276
11004|7.23|22.95|10277
11004|7.23|23.48|10278
11004|7.23|23.15|10279
11004|7.23|23.45|10280
11013|5.74|28.89|20521
11013|5.79|29.10|30521
11025|6.95|58.11|40640
11009|12.95|37.08|10465
11009|12.95|43.08|10466
11009|12.95|34.95|10467
11009|14.25|36.99|20459
11009|14.25|39.07|20460
11009|14.25|40.27|20461
11018|13.05|46.70|30570
11002|14.02|29.28|40131
11002|14.02|29.61|40132
11002|14.02|27.93|40133
11002|14.02|29.01|40134
11002|14.02|27.36|40135
11002|14.02|26.95|40136
11002|14.02|28.30|40137
11002|14.02|28.83|40138
11002|14.02|27.41|40139
11002|14.02|26.89|40140
11018|21.61|60.49|10569
11010|22.67|60.98|20488
11092|21.85|63.98|31090
11010|21.35|54.58|40492
11015|28.42|52.76|10534
11090|28.35|44.69|21087
11003|29.52|53.80|30206
11003|29.52|53.95|30207
11003|29.52|53.65|30208
11003|29.52|53.92|30209
11003|29.52|53.46|30210
11003|31.02|53.51|30211
11003|31.02|53.71|30212
11003|31.02|53.94|30213
11003|31.02|53.72|30214
11010|29.82|68.19|40488
11001|36.98|55.08|10011
11001|36.88|55.01|10012
11001|36.98|55.00|10013
11001|36.98|55.36|10014
11001|36.98|54.70|10015
11001|36.98|55.43|10016
11001|37.48|54.05|10017
11001|37.78|54.18|10018
11001|37.48|54.23|10019
11001|37.48|54.09|10020
11002|37.24|56.40|20121
11002|37.59|56.45|20122
11002|37.94|57.06|20123
11002|38.29|57.72|20124
11002|38.64|58.06|20125
11002|38.99|58.13|20126
11002|39.34|58.49|20127
11002|39.69|59.11|20128
11002|40.04|59.81|20129
11002|40.39|59.82|20130
11025|37.39|88.90|30640
11001|36.20|57.51|40041
11001|36.20|57.35|40042
11001|36.20|57.10|40043
11001|36.20|57.47|40044
11001|36.20|58.16|40045
11001|36.20|57.71|40046
11001|36.20|57.23|40047
11001|36.20|57.53|40048
11001|36.20|56.77|40049
11001|36.20|58.16|40050
11021|44.35|73.42|10594
11003|45.17|68.50|20170
11003|45.17|67.60|20171
11003|45.17|66.67|20172
11003|45.97|67.14|20173
11003|45.97|70.09|20174
11003|45.97|71.81|20175
11003|45.97|72.33|20176
11003|45.17|70.65|20177
11003|46.27|70.91|20178
11010|44.04|71.41|30484
11015|45.03|74.58|40543
11090|53.23|73.07|11084
11015|53.53|86.12|20539
11017|53.49|89.73|30559
11003|52.96|68.65|40188
11003|52.96|68.19|40189
11003|52.96|68.64|40190
11003|52.96|69.53|40191
11003|52.96|68.32|40192
11003|52.96|69.48|40193
11003|52.96|68.44|40194
11003|52.96|68.29|40195
11003|52.96|69.22|40196
11010|59.40|97.64|10488
11002|59.56|75.22|20141
11002|59.56|75.83|20142
11002|59.56|75.17|20143
11002|59.56|75.82|20144
11002|59.56|75.20|20145
11002|59.56|75.66|20146
11002|59.56|75.27|20147
11002|59.56|74.89|20148
11002|59.56|75.22|20149
11002|59.56|74.71|20150
