109.65
11001|4.78|28.02|10071
11001|4.78|27.74|10072
11001|4.78|27.30|10073
11001|4.78|27.15|10074
11001|4.78|27.26|10075
11001|4.78|26.97|10076
11001|5.18|26.95|10077
11001|4.98|26.45|10078
11001|4.78|24.86|10079
11001|5.58|26.23|10080
11025|4.77|61.02|20638
11090|6.50|22.70|31086
11008|5.12|23.78|40447
11008|5.12|25.58|40448
11008|5.12|25.13|40449
11008|5.12|25.01|40450
11010|12.94|40.10|10484
11004|11.98|27.08|20273
11004|11.98|27.37|20274
11004|11.98|27.82|20275
11004|11.98|27.54|20276
11004|11.98|27.69|20277
11004|11.98|28.21|20278
11004|11.98|27.92|20279
11004|11.98|28.17|20280
11011|13.11|41.14|30495
11090|12.45|28.66|41087
11090|17.89|37.17|11085
11001|19.20|40.44|20041
11001|19.20|40.32|20042
11001|19.20|40.04|20043
11001|19.20|40.56|20044
11001|19.20|41.19|20045
11001|19.20|40.65|20046
11001|19.20|40.18|20047
11001|19.20|40.43|20048
11001|19.20|39.79|20049
11001|19.20|41.20|20050
11015|19.20|49.25|30543
11013|18.53|50.54|40523
11008|23.40|42.86|10451
11008|23.40|42.00|10452
11008|23.40|41.45|10453
11008|23.40|42.19|10454
11010|23.38|55.35|20480
11002|24.37|38.57|30151
11002|24.37|37.18|30152
11002|24.37|39.23|30153
11002|24.37|39.66|30154
11002|24.37|37.60|30155
11002|24.37|38.37|30156
11002|24.37|38.42|30157
11002|24.37|37.92|30158
11002|24.37|39.61|30159
11002|24.37|37.05|30160
11021|24.79|66.83|40597
11011|30.18|63.86|10498
11001|31.98|48.48|20061
11001|31.98|49.18|20062
11001|31.98|47.95|20063
11001|31.98|47.87|20064
11001|31.98|48.50|20065
11001|30.93|50.04|20066
11001|31.23|48.88|20067
11001|31.23|49.06|20068
11001|30.93|49.77|20069
11001|31.23|49.24|20070
11004|30.21|51.53|30297
11004|30.21|51.70|30298
11004|30.21|52.33|30299
11004|30.21|52.45|30300
11004|30.21|51.84|30301
11004|30.21|51.27|30302
11004|30.21|50.60|30303
11004|30.21|53.31|30304
11016|31.82|66.11|40551
11013|38.15|84.02|10522
11013|37.68|60.83|20521
11016|36.85|72.03|30553
11008|37.92|56.58|40447
11008|37.92|58.38|40448
11008|37.92|57.93|40449
11008|37.92|57.81|40450
11008|42.74|58.32|10455
11008|42.74|58.29|10456
11008|42.74|55.61|10457
11008|42.74|54.13|10458
11010|43.07|75.04|20480
11025|43.29|109.65|30637
11001|43.74|61.81|40011
11001|43.64|61.80|40012
11001|43.74|61.23|40013
11001|43.74|62.02|40014
11001|43.74|61.68|40015
11001|43.74|62.20|40016
11001|44.24|60.88|40017
11001|44.54|61.00|40018
11001|44.24|61.06|40019
11001|44.24|60.82|40020
11092|50.25|92.43|11090
11001|50.30|65.88|20051
11001|50.30|63.88|20052
11001|50.30|62.68|20053
11001|50.30|63.89|20054
11001|50.30|63.85|20055
11001|50.30|63.23|20056
11001|50.30|63.15|20057
11001|50.30|62.49|20058
11001|50.30|64.45|20059
11001|50.30|64.56|20060
11003|49.78|65.43|30188
11003|49.78|64.99|30189
11003|49.78|65.47|30190
11003|49.78|65.91|30191
11003|49.78|65.19|30192
11003|49.78|66.27|30193
11003|49.78|65.36|30194
11003|49.78|65.08|30195
11003|49.78|65.94|30196
11001|50.22|66.73|40061
11001|50.22|67.41|40062
11001|50.22|66.25|40063
11001|50.22|65.74|40064
11001|50.22|66.85|40065
11001|49.17|68.29|40066
11001|49.47|66.92|40067
11001|49.47|67.46|40068
11001|49.17|67.93|40069
11001|49.47|67.05|40070
11012|56.66|92.53|10512
11003|55.86|79.22|20179
11003|55.86|79.57|20180
11003|55.86|78.20|20181
11003|55.86|80.08|20182
11003|55.86|78.95|20183
11003|55.86|77.90|20184
11003|55.86|81.99|20185
11003|55.86|78.91|20186
11003|55.86|79.49|20187
11011|55.70|90.11|30499
11009|56.82|75.76|40462
11009|58.02|76.88|40463
11009|59.22|78.17|40464
