64.18
11004|5.89|23.67|10257
11004|6.49|24.12|10258
11004|7.09|24.69|10259
11004|7.69|25.28|10260
11004|8.29|25.94|10261
11004|8.89|26.54|10262
11004|9.49|27.13|10263
11004|10.09|27.73|10264
11001|6.06|24.04|20011
11001|5.96|24.11|20012
11001|6.06|23.74|20013
11001|6.06|24.43|20014
11001|6.06|23.80|20015
11001|6.06|24.34|20016
11001|6.56|23.11|20017
11001|6.86|23.37|20018
11001|6.56|23.40|20019
11001|6.56|23.32|20020
11003|5.55|29.15|30179
11003|5.55|29.57|30180
11003|5.55|27.88|30181
11003|5.55|29.99|30182
11003|5.55|28.70|30183
11003|5.55|27.63|30184
11003|5.55|31.69|30185
11003|5.55|28.53|30186
11003|5.55|29.26|30187
11017|5.64|39.85|40556
11010|11.43|38.59|10484
11010|11.43|37.69|10485
11009|11.52|42.54|20477
11009|11.52|42.69|20478
11009|11.52|42.22|20479
11006|11.54|31.79|30390
11006|11.54|31.14|30391
11006|11.54|32.15|30392
11006|11.54|31.92|30393
11006|11.54|31.04|30394
11006|11.54|31.24|30395
11002|11.49|27.37|40141
11002|11.49|27.59|40142
11002|11.49|27.14|40143
11002|11.49|27.75|40144
11002|11.49|27.12|40145
11002|11.49|27.00|40146
11002|11.49|27.21|40147
11002|11.49|26.83|40148
11002|11.49|26.94|40149
11002|11.49|26.49|40150
11001|18.54|34.34|10051
11001|18.54|32.10|10052
11001|18.54|30.88|10053
11001|18.54|32.30|10054
11001|18.54|32.24|10055
11001|18.54|31.48|10056
11001|18.54|31.37|10057
11001|18.54|30.75|10058
11001|18.54|32.68|10059
11001|18.54|32.75|10060
11007|18.00|34.29|20426
11007|18.00|34.33|20427
11007|18.00|34.67|20428
11007|18.00|34.86|20429
11007|18.00|34.48|20430
11017|18.89|64.18|30560
11011|18.81|51.85|40498
11009|25.03|56.44|10477
11009|25.03|56.21|10478
11009|25.03|55.68|10479
11010|24.29|56.26|20480
11010|24.29|56.06|20481
11009|25.07|56.41|30477
11009|25.07|56.47|30478
11009|25.07|56.19|30479
11013|25.07|58.13|40518
