110.74
11007|6.44|32.14|10416
11007|6.44|30.11|10417
11007|6.44|35.63|10418
11007|6.44|34.91|10419
11007|6.44|33.83|10420
11092|5.69|47.87|21090
11090|5.10|24.38|31085
11214|5.33|43.72|40603
11013|13.20|51.57|10520
11085|12.91|29.96|21051
11085|12.41|30.05|21047
11085|12.91|29.53|21050
11085|12.41|29.35|21048
11085|12.71|29.83|21049
11085|13.41|30.35|21048
11085|13.21|30.85|21047
11015|12.47|51.84|30540
11025|12.25|68.50|40638
11027|20.84|60.55|10599
11016|20.32|53.27|20546
11015|20.19|49.57|30538
11024|19.77|52.30|40627
11006|26.18|44.88|10366
11006|26.18|44.42|10367
11006|26.18|44.57|10368
11006|26.18|44.94|10369
11006|26.18|44.46|10370
11006|26.18|44.25|10371
11021|26.31|63.31|20602
11010|27.94|61.24|30492
11016|27.78|57.62|40548
11008|33.00|52.46|10451
11008|33.00|51.60|10452
11008|33.00|51.05|10453
11008|33.00|51.79|10454
11214|32.24|72.00|20599
11007|32.86|56.91|30401
11007|32.86|59.12|30402
11007|32.86|58.33|30403
11007|32.86|58.42|30404
11007|32.86|57.49|30405
11007|33.54|53.76|40421
11007|33.54|53.11|40422
11007|33.54|52.63|40423
11007|33.54|52.16|40424
11007|33.54|52.14|40425
11004|38.30|56.08|10257
11004|38.90|56.53|10258
11004|39.50|57.10|10259
11004|40.10|57.69|10260
11004|40.70|58.35|10261
11004|41.30|58.95|10262
11004|41.90|59.54|10263
11004|42.50|60.14|10264
11013|38.68|69.15|20515
11026|38.99|92.26|30651
11214|38.87|68.66|40594
11001|46.05|62.53|10061
11001|46.05|63.02|10062
11001|46.05|62.02|10063
11001|46.05|61.73|10064
11001|46.05|62.52|10065
11001|45.00|64.13|10066
11001|45.30|62.70|10067
11001|45.30|63.13|10068
11001|45.00|63.71|10069
11001|45.30|62.90|10070
11024|45.57|99.74|20633
11090|45.50|64.78|31085
11024|45.19|76.51|40626
11010|51.81|84.99|10492
11015|51.61|84.20|20539
11027|51.30|94.56|30600
11015|50.22|79.77|40543
11007|57.74|77.75|10411
11007|57.74|77.52|10412
11007|57.74|76.80|10413
11007|57.74|78.09|10414
11007|57.74|74.43|10415
11027|58.30|87.29|20595
11015|57.37|105.94|30541
11017|58.53|90.53|40554
