61.55
11012|5.93|41.81|10510
11003|5.12|28.48|20179
11003|5.12|28.83|20180
11003|5.12|27.46|20181
11003|5.12|29.34|20182
11003|5.12|28.21|20183
11003|5.12|27.16|20184
11013|5.99|33.22|30514
11006|5.55|24.22|40366
11006|5.55|23.66|40367
11006|5.55|23.86|40368
11006|5.55|24.07|40369
11006|5.55|23.83|40370
11006|5.55|23.61|40371
11006|11.44|30.77|10378
11006|11.44|31.33|10379
11006|11.44|31.07|10380
11006|11.44|30.90|10381
11006|11.44|28.37|10382
11006|11.44|31.13|10383
11013|11.36|38.43|20514
11003|10.79|26.44|30188
11003|10.79|26.00|30189
11003|10.79|26.48|30190
11003|10.79|26.92|30191
11003|10.79|26.20|30192
11003|10.79|27.28|30193
11001|11.04|27.37|40031
11001|11.04|27.46|40032
11001|11.04|27.26|40033
11001|11.04|27.25|40034
11001|11.04|27.93|40035
11001|11.04|26.96|40036
11001|11.04|26.41|40037
11011|18.43|61.55|10502
11002|18.87|32.85|20151
11002|18.87|31.72|20152
11002|18.87|33.53|20153
11002|18.87|34.20|20154
11002|18.87|32.12|20155
11002|18.87|32.83|20156
11002|18.87|32.79|20157
11009|18.21|34.21|30474
11009|18.21|32.72|30475
11009|18.21|35.96|30476
11001|18.44|33.77|40051
11001|18.44|31.85|40052
11001|18.44|30.82|40053
11001|18.44|31.99|40054
11001|18.44|31.94|40055
11001|18.44|31.36|40056
11001|18.44|31.17|40057
11013|26.01|59.06|10518
11002|25.79|40.09|20091
11002|25.79|39.94|20092
11002|25.79|39.37|20093
11002|25.79|39.90|20094
11002|25.79|39.93|20095
11002|25.19|41.08|20096
11002|25.19|40.96|20097
11003|27.11|43.35|30224
11003|27.11|45.75|30225
11003|27.51|45.02|30226
11003|28.11|44.74|30227
11003|28.21|43.98|30228
11003|29.11|44.07|30229
11001|25.17|46.48|40041
11001|25.17|46.32|40042
11001|25.17|46.07|40043
11001|25.17|46.44|40044
11001|25.17|47.13|40045
11001|25.17|46.68|40046
11001|25.17|46.20|40047
