56.22
11011|5.36|48.19|10500
11002|5.50|24.66|20121
11002|5.85|24.71|20122
11002|6.20|25.32|20123
11002|6.55|25.98|20124
11002|6.90|26.32|20125
11002|7.25|26.39|20126
11002|7.60|26.75|20127
11008|5.08|24.36|30431
11008|5.08|24.31|30432
11008|5.08|25.75|30433
11008|5.08|24.25|30434
11009|5.14|36.02|40468
11009|5.14|32.64|40469
11009|5.14|36.57|40470
11009|11.05|41.92|10468
11009|11.05|38.70|10469
11009|11.05|42.81|10470
11002|10.86|30.91|20101
11002|10.86|29.81|20102
11002|10.86|30.18|20103
11002|10.86|30.47|20104
11002|10.86|29.77|20105
11002|10.86|30.78|20106
11002|10.86|27.51|20107
11010|10.85|35.54|30490
11010|10.85|41.29|30491
11005|10.95|32.32|40347
11005|10.95|33.62|40348
11005|10.95|32.28|40349
11005|10.95|31.69|40350
11005|10.95|33.26|40351
11005|10.95|34.32|40352
11005|10.95|32.94|40353
11008|16.70|35.67|10439
11008|16.70|35.51|10440
11008|16.70|35.32|10441
11008|16.70|35.90|10442
11005|17.47|35.74|20312
11005|17.47|36.11|20313
11005|17.47|36.04|20314
11005|17.47|41.04|20315
11005|17.47|38.37|20316
11005|17.47|36.11|20317
11005|17.47|35.67|20318
11010|17.05|50.35|30492
11010|17.05|49.62|30493
11003|18.93|35.05|40224
11003|18.93|37.39|40225
11003|19.33|36.82|40226
11003|19.93|36.67|40227
11003|20.03|35.66|40228
11003|20.93|35.90|40229
11007|23.08|43.09|10411
11007|23.08|42.86|10412
11007|23.08|42.14|10413
11007|23.08|43.43|10414
11007|23.08|39.77|10415
11005|23.10|44.41|20347
11005|23.10|45.69|20348
11005|23.10|44.38|20349
11005|23.10|43.79|20350
11005|23.10|45.35|20351
11005|23.10|46.30|20352
11005|23.10|45.47|20353
11003|22.25|46.53|30206
11003|22.25|46.68|30207
11003|22.25|46.38|30208
11003|22.25|46.65|30209
11003|22.25|46.19|30210
11003|23.75|46.24|30211
11013|23.16|56.22|40518
11009|28.76|51.57|10459
11009|28.76|53.53|10460
11009|28.76|54.50|10461
11007|29.13|49.41|20421
11007|29.13|48.82|20422
11007|29.13|48.24|20423
11007|29.13|47.63|20424
11007|29.13|47.78|20425
11001|29.43|45.54|30051
11001|29.43|42.78|30052
11001|29.43|41.76|30053
11001|29.43|43.01|30054
11001|29.43|42.94|30055
11001|29.43|42.54|30056
11001|29.43|42.23|30057
11009|28.97|45.00|40474
11009|28.97|43.45|40475
11009|28.97|46.66|40476
