129.73
11008|5.80|25.04|10431
11008|5.80|25.13|10432
11008|5.80|26.78|10433
11008|5.80|25.16|10434
11012|6.60|44.67|20513
11092|5.18|42.82|31001
11001|6.42|29.63|40071
11001|6.42|29.32|40072
11001|6.42|29.15|40073
11001|6.42|28.62|40074
11001|6.42|29.08|40075
11001|6.42|28.81|40076
11001|6.82|28.42|40077
11001|6.62|27.34|40078
11001|6.42|26.14|40079
11001|7.22|27.57|40080
11003|11.63|30.21|10161
11003|11.63|29.45|10162
11003|11.63|30.78|10163
11003|12.43|30.66|10164
11003|12.03|31.81|10165
11003|11.03|29.26|10166
11003|11.03|29.14|10167
11003|11.03|31.42|10168
11003|11.03|31.20|10169
11001|10.77|28.75|20011
11001|10.67|28.82|20012
11001|10.77|28.45|20013
11001|10.77|29.14|20014
11001|10.77|28.51|20015
11001|10.77|29.05|20016
11001|11.27|27.82|20017
11001|11.57|28.08|20018
11001|11.27|28.11|20019
11001|11.27|28.03|20020
11002|12.14|27.73|30131
11002|12.14|27.41|30132
11002|12.14|26.19|30133
11002|12.14|27.19|30134
11002|12.14|25.49|30135
11002|12.14|25.18|30136
11002|12.14|26.26|30137
11002|12.14|26.57|30138
11002|12.14|25.53|30139
11002|12.14|24.61|30140
11002|12.31|27.57|40131
11002|12.31|27.90|40132
11002|12.31|26.22|40133
11002|12.31|27.30|40134
11002|12.31|25.65|40135
11002|12.31|25.24|40136
11002|12.31|26.59|40137
11002|12.31|27.12|40138
11002|12.31|25.70|40139
11002|12.31|25.18|40140
11004|17.23|41.14|10249
11004|17.23|39.92|10250
11004|17.23|41.51|10251
11004|17.23|40.68|10252
11004|17.23|40.98|10253
11004|17.23|40.91|10254
11004|17.23|40.80|10255
11004|17.23|41.72|10256
11027|18.56|53.55|20598
11008|18.20|36.91|30439
11008|18.20|36.97|30440
11008|18.20|36.75|30441
11008|18.20|37.79|30442
11214|18.55|58.32|40599
11021|23.53|58.68|10598
11085|23.39|39.83|21042
11085|23.39|39.96|21043
11085|23.89|40.37|21044
11085|23.39|40.04|21045
11085|23.89|40.32|21046
11012|24.89|63.01|30513
11026|24.46|72.26|40650
11016|31.69|67.93|10550
11015|32.06|64.65|20539
11026|31.75|73.17|30644
11006|30.95|49.62|40366
11006|30.95|49.06|40367
11006|30.95|49.26|40368
11006|30.95|49.47|40369
11006|30.95|49.23|40370
11006|30.95|49.01|40371
11004|38.38|53.50|10273
11004|38.38|53.76|10274
11004|38.38|54.26|10275
11004|38.38|53.96|10276
11004|38.38|54.10|10277
11004|38.38|54.63|10278
11004|38.38|54.30|10279
11004|38.38|54.60|10280
11027|38.10|77.44|20597
11024|37.20|74.52|30624
11010|38.85|66.27|40484
11085|45.58|64.43|11052
11085|45.28|63.91|11053
11085|45.78|63.42|11054
11085|45.28|66.45|11055
11085|45.78|64.24|11056
11085|46.08|64.93|11052
11085|46.28|64.74|11056
11085|46.28|63.92|11054
11013|45.12|75.59|20515
11016|45.74|84.91|30547
11021|44.20|81.28|40602
11024|51.30|105.33|10633
11090|52.98|86.21|21024
11092|51.47|129.73|31088
11017|51.96|97.35|40560
11025|58.04|108.56|10641
11092|58.79|82.18|21091
11214|58.76|87.66|30596
11012|57.68|92.67|40506
