100.70
11003|5.69|29.07|10170
11003|5.69|28.10|10171
11003|5.69|27.20|10172
11003|6.49|27.78|10173
11003|6.49|30.43|10174
11003|6.49|31.55|10175
11003|6.49|32.92|10176
11003|5.69|31.70|10177
11003|6.79|31.44|10178
11008|6.83|26.07|20431
11008|6.83|26.18|20432
11008|6.83|27.61|20433
11008|6.83|26.16|20434
11015|7.50|36.88|30538
11021|6.51|49.69|40600
11021|13.88|49.03|10598
11001|15.48|33.46|20011
11001|15.38|33.53|20012
11001|15.48|33.16|20013
11001|15.48|33.85|20014
11001|15.48|33.22|20015
11001|15.48|33.76|20016
11001|15.98|32.53|20017
11001|16.28|32.79|20018
11001|15.98|32.82|20019
11001|15.98|32.74|20020
11004|14.62|32.60|30265
11004|14.62|32.27|30266
11004|14.62|32.85|30267
11004|14.62|33.27|30268
11004|14.62|34.19|30269
11004|14.62|33.84|30270
11004|14.62|33.36|30271
11004|14.62|32.45|30272
11010|14.85|39.73|40490
11009|20.99|43.80|10459
11009|20.99|45.76|10460
11009|20.99|46.73|10461
11004|20.28|41.30|20241
11004|20.28|41.53|20242
11004|20.28|40.88|20243
11004|20.28|41.09|20244
11004|20.28|41.15|20245
11004|20.28|41.91|20246
11004|20.28|43.10|20247
11004|20.28|42.85|20248
11011|20.57|45.98|30497
11013|20.63|43.91|40521
11008|26.94|45.91|10439
11008|26.94|45.75|10440
11008|26.94|45.56|10441
11008|26.94|46.14|10442
11012|27.27|77.93|20507
11018|27.96|61.61|30570
11090|28.10|44.28|41086
11003|35.42|59.74|10206
11003|35.42|60.06|10207
11003|35.42|59.70|10208
11003|35.42|59.70|10209
11003|35.42|59.61|10210
11003|36.92|59.65|10211
11003|36.92|59.85|10212
11003|36.92|60.16|10213
11003|36.92|59.42|10214
11021|34.50|63.49|20595
11018|34.58|68.23|30570
11004|33.96|49.10|40281
11004|33.96|49.40|40282
11004|33.96|49.70|40283
11004|33.96|50.59|40284
11004|33.96|50.72|40285
11004|33.96|49.59|40286
11004|33.96|49.90|40287
11004|33.96|49.79|40288
11090|42.48|65.15|11025
11003|41.58|65.87|20206
11003|41.58|65.99|20207
11003|41.58|65.70|20208
11003|41.58|65.84|20209
11003|41.58|65.75|20210
11003|43.08|65.44|20211
11003|43.08|65.37|20212
11003|43.08|66.06|20213
11003|43.08|65.42|20214
11008|42.34|61.05|30439
11008|42.34|61.11|30440
11008|42.34|60.89|30441
11008|42.34|61.93|30442
11008|41.81|56.42|40443
11008|41.81|55.38|40444
11008|41.81|57.17|40445
11008|41.81|56.23|40446
11001|48.98|66.21|10001
11001|49.78|66.64|10002
11001|49.88|66.39|10003
11001|49.68|67.61|10004
11001|49.58|67.13|10005
11001|49.48|66.53|10006
11001|49.78|65.91|10007
11001|49.58|67.54|10008
11001|48.98|66.89|10009
11001|49.58|66.53|10010
11003|48.25|70.14|20197
11003|48.25|70.41|20198
11003|48.25|69.76|20199
11003|48.25|70.47|20200
11003|48.25|70.27|20201
11003|48.25|69.17|20202
11003|48.25|69.58|20203
11003|48.25|69.25|20204
11003|48.25|69.07|20205
11003|48.24|71.84|30179
11003|48.24|72.26|30180
11003|48.24|70.57|30181
11003|48.24|72.68|30182
11003|48.24|71.39|30183
11003|48.24|70.32|30184
11003|48.24|74.38|30185
11003|48.24|71.22|30186
11003|48.24|71.95|30187
11012|48.23|73.82|40511
11010|57.06|89.03|10480
11008|56.61|75.22|20447
11008|56.61|76.98|20448
11008|56.61|76.51|20449
11008|56.61|76.61|20450
11015|55.89|85.27|30538
11004|57.04|76.54|40289
11004|57.04|77.98|40290
11004|57.04|74.97|40291
11004|57.04|73.30|40292
11004|57.04|76.14|40293
11004|57.04|76.33|40294
11004|57.04|74.47|40295
11004|57.04|76.27|40296
