109.23
11016|4.67|40.91|10550
11003|6.03|32.02|20215
11003|6.03|32.19|20216
11003|6.03|32.83|20217
11003|6.03|32.23|20218
11003|6.03|32.48|20219
11003|6.03|32.60|20220
11003|6.03|32.68|20221
11003|6.03|34.32|20222
11003|6.03|34.41|20223
11090|6.46|39.67|31024
11002|5.51|24.44|40121
11002|5.86|24.75|40122
11002|6.21|25.42|40123
11002|6.56|25.74|40124
11002|6.91|26.09|40125
11002|7.26|26.48|40126
11002|7.61|26.80|40127
11002|7.96|27.18|40128
11002|8.31|27.83|40129
11002|8.66|28.10|40130
11026|12.35|53.77|10644
11011|11.33|55.00|20502
11024|11.86|49.18|30624
11021|12.46|41.79|40596
11020|20.08|40.30|10586
11025|19.68|93.59|20635
11026|18.92|68.47|30653
11214|18.77|48.10|40596
11012|24.59|59.62|10508
11007|25.01|45.10|20406
11007|25.01|45.22|20407
11007|25.01|44.62|20408
11007|25.01|44.41|20409
11007|25.01|44.45|20410
11024|25.40|67.67|30632
11024|25.54|63.81|40629
11018|32.94|67.14|10570
11016|32.29|71.74|20547
11004|32.67|53.94|30233
11004|32.67|53.44|30234
11004|32.67|53.74|30235
11004|32.67|53.42|30236
11004|32.67|53.75|30237
11004|32.67|53.63|30238
11004|32.67|53.96|30239
11004|32.67|54.02|30240
11018|33.30|77.76|40564
11015|39.18|69.02|10535
11009|38.78|57.74|20462
11009|39.98|58.88|20463
11009|41.18|60.13|20464
11007|39.21|69.22|30396
11007|39.21|65.20|30397
11007|39.21|76.80|30398
11007|39.21|72.36|30399
11007|39.21|65.72|30400
11012|38.98|89.59|40507
11021|45.35|74.65|10596
11018|45.20|82.35|20565
11024|47.17|85.52|30629
11018|45.76|78.29|40568
11024|52.85|109.23|10631
11090|52.68|72.64|21084
11016|52.78|83.06|30545
11024|52.77|90.12|40624
11018|59.00|85.66|10567
11020|59.65|80.50|20592
11214|59.71|94.93|30598
11001|58.18|74.51|40031
11001|58.18|74.60|40032
11001|58.18|74.40|40033
11001|58.18|74.39|40034
11001|58.18|75.07|40035
11001|58.18|74.10|40036
11001|58.18|73.55|40037
11001|58.18|74.19|40038
11001|58.18|74.57|40039
11001|58.18|74.07|40040
