79.93
33074|0.00|31.69|50471
33074|2.00|33.69|50471
33074|4.00|35.69|50471
33074|6.00|37.69|50471
33074|8.00|39.69|50471
34077|11.00|42.69|50471
33074|14.00|45.69|50471
33074|16.00|47.69|50471
33074|18.00|49.69|50471
33074|20.00|51.69|50471
33074|22.00|53.69|50471
33076|25.00|56.69|50471
33074|28.00|59.69|50471
33074|30.00|61.69|50471
33074|32.00|63.69|50471
33074|34.00|65.69|50471
33074|36.00|67.69|50471
33075|39.00|70.69|50471
33074|42.00|73.69|50471
33074|44.00|75.69|50471
33074|46.00|77.69|50471
33074|0.00|31.69|50472
33074|2.00|33.69|50472
33074|4.00|35.69|50472
33074|6.00|37.69|50472
33074|8.00|39.69|50472
34077|11.00|42.69|50472
33074|14.00|45.69|50472
33074|16.00|47.69|50472
33074|18.00|49.69|50472
33074|20.00|51.69|50472
33074|22.00|53.69|50472
33076|25.00|56.69|50472
33074|28.00|59.69|50472
33074|30.00|61.69|50472
33074|32.00|63.69|50472
33074|34.00|65.69|50472
33074|36.00|67.69|50472
33075|39.00|70.69|50472
33074|42.00|73.69|50472
33074|44.00|75.69|50472
33074|46.00|77.69|50472
33074|1.00|32.68|50473
33074|3.00|34.68|50473
33074|5.00|36.68|50473
33074|7.00|38.68|50473
33074|9.00|40.68|50473
34077|12.00|43.68|50473
33074|15.00|46.68|50473
33074|17.00|48.68|50473
33074|19.00|50.68|50473
33074|21.00|52.68|50473
33074|23.00|54.68|50473
33076|26.00|57.68|50473
33074|29.00|60.68|50473
33074|31.00|62.68|50473
33074|33.00|64.68|50473
33074|35.00|66.68|50473
33074|37.00|68.68|50473
33075|40.00|71.68|50473
33074|43.00|74.68|50473
33074|45.00|76.68|50473
33074|47.00|78.68|50473
33074|1.00|32.83|50474
33074|3.00|34.83|50474
33074|5.00|36.83|50474
33074|7.00|38.83|50474
33074|9.00|40.83|50474
34077|12.00|43.83|50474
33074|15.00|46.83|50474
33074|17.00|48.83|50474
33074|19.00|50.83|50474
33074|21.00|52.83|50474
33074|23.00|54.83|50474
33076|26.00|57.83|50474
33074|29.00|60.83|50474
33074|31.00|62.83|50474
33074|33.00|64.83|50474
33074|35.00|66.83|50474
33074|37.00|68.83|50474
33075|40.00|71.83|50474
33074|43.00|74.83|50474
33074|45.00|76.83|50474
33074|47.00|78.83|50474
33074|2.00|33.93|50475
33074|4.00|35.93|50475
33074|6.00|37.93|50475
33074|8.00|39.93|50475
33074|10.00|41.93|50475
34077|13.00|44.93|50475
33074|16.00|47.93|50475
33074|18.00|49.93|50475
33074|20.00|51.93|50475
33074|22.00|53.93|50475
33074|24.00|55.93|50475
33076|27.00|58.93|50475
33074|30.00|61.93|50475
33074|32.00|63.93|50475
33074|34.00|65.93|50475
33074|36.00|67.93|50475
33074|38.00|69.93|50475
33075|41.00|72.93|50475
33074|44.00|75.93|50475
33074|46.00|77.93|50475
33074|48.00|79.93|50475
33074|2.00|33.79|50476
33074|4.00|35.79|50476
33074|6.00|37.79|50476
33074|8.00|39.79|50476
33074|10.00|41.79|50476
34077|13.00|44.79|50476
33074|16.00|47.79|50476
33074|18.00|49.79|50476
33074|20.00|51.79|50476
33074|22.00|53.79|50476
33074|24.00|55.79|50476
33076|27.00|58.79|50476
33074|30.00|61.79|50476
33074|32.00|63.79|50476
33074|34.00|65.79|50476
33074|36.00|67.79|50476
33074|38.00|69.79|50476
33075|41.00|72.79|50476
33074|44.00|75.79|50476
33074|46.00|77.79|50476
33074|48.00|79.79|50476
