122.14
11012|6.37|32.01|10511
11008|6.44|26.06|20451
11008|6.44|25.08|20452
11008|6.44|24.55|20453
11008|6.44|25.22|20454
11027|5.54|47.54|30597
11025|5.65|61.90|40638
11013|12.52|58.39|10522
11007|12.74|33.02|20421
11007|12.74|32.43|20422
11007|12.74|31.85|20423
11007|12.74|31.24|20424
11007|12.74|31.39|20425
11001|11.93|28.04|30051
11001|11.93|25.28|30052
11001|11.93|24.26|30053
11001|11.93|25.51|30054
11001|11.93|25.44|30055
11001|11.93|25.04|30056
11001|11.93|24.73|30057
11001|11.93|24.05|30058
11001|11.93|26.11|30059
11001|11.93|26.09|30060
11027|13.48|55.52|40597
11092|18.67|41.96|11091
11017|19.11|67.21|20561
11017|19.77|56.01|30559
11012|18.35|68.96|40507
11026|25.67|75.42|10653
11007|25.37|45.31|20411
11007|25.37|45.20|20412
11007|25.37|44.52|20413
11007|25.37|45.85|20414
11007|25.37|42.11|20415
11015|25.67|51.96|30537
11001|25.83|42.16|40031
11001|25.83|42.25|40032
11001|25.83|42.05|40033
11001|25.83|42.04|40034
11001|25.83|42.72|40035
11001|25.83|41.75|40036
11001|25.83|41.20|40037
11001|25.83|41.84|40038
11001|25.83|42.22|40039
11001|25.83|41.72|40040
11024|32.15|86.18|10633
11017|32.54|78.20|20558
11017|31.85|79.95|30561
11090|31.29|47.50|41087
11092|38.88|116.13|11088
11085|39.37|61.51|21011
11085|38.87|60.68|21012
11085|38.87|62.18|21013
11085|39.87|60.56|21014
11085|38.87|61.11|21015
11085|38.87|61.91|21016
11085|38.87|62.44|21017
11015|38.62|77.42|30542
11026|37.92|79.34|40644
11092|44.89|122.14|11088
11024|44.27|80.66|20625
11002|44.68|63.61|30111
11002|44.68|63.21|30112
11002|44.68|62.93|30113
11002|44.68|63.48|30114
11002|44.68|63.75|30115
11002|44.68|63.10|30116
11002|44.08|65.07|30117
11002|44.08|63.55|30118
11002|44.08|65.57|30119
11002|44.08|64.09|30120
11025|44.10|77.21|40634
11024|50.89|89.43|10629
11016|50.91|85.26|20551
11003|49.83|75.80|30215
11003|49.83|76.04|30216
11003|49.83|76.67|30217
11003|49.83|75.94|30218
11003|49.83|76.12|30219
11003|49.83|76.41|30220
11003|49.83|76.40|30221
11003|49.83|78.13|30222
11003|49.83|78.24|30223
11024|50.59|87.00|40625
11024|56.18|112.56|10631
11001|57.05|73.55|20061
11001|57.05|74.25|20062
11001|57.05|73.02|20063
11001|57.05|72.94|20064
11001|57.05|73.57|20065
11001|56.00|75.11|20066
11001|56.30|73.95|20067
11001|56.30|74.13|20068
11001|56.00|74.84|20069
11001|56.30|74.31|20070
11025|56.10|119.68|30643
11024|56.71|93.12|40625
