94.66
11003|1.79|27.72|10215
11003|1.79|27.96|10216
11003|1.79|28.62|10217
11003|1.79|27.96|10218
11003|1.79|28.11|10219
11003|1.79|28.43|10220
11003|1.79|28.47|10221
11003|1.79|29.92|10222
11003|1.79|30.06|10223
11023|1.21|23.41|20614
11004|1.11|16.22|30273
11004|1.11|16.51|30274
11004|1.11|16.94|30275
11004|1.11|16.69|30276
11004|1.11|16.81|30277
11004|1.11|17.36|30278
11004|1.11|17.06|30279
11004|1.11|17.37|30280
11005|1.91|23.28|40347
11005|1.91|24.58|40348
11005|1.91|23.24|40349
11005|1.91|22.65|40350
11005|1.91|24.22|40351
11005|1.91|25.28|40352
11005|1.91|23.90|40353
11018|6.49|44.90|10573
11001|5.87|22.66|20021
11001|6.29|23.22|20022
11001|6.71|23.58|20023
11001|7.13|24.00|20024
11001|7.55|24.47|20025
11001|7.97|24.90|20026
11001|8.39|25.28|20027
11001|8.81|25.69|20028
11001|9.23|26.22|20029
11001|9.65|26.47|20030
11004|5.60|26.92|30297
11004|5.60|27.09|30298
11004|5.60|27.72|30299
11004|5.60|27.84|30300
11004|5.60|27.23|30301
11004|5.60|26.66|30302
11004|5.60|25.99|30303
11004|5.60|28.70|30304
11006|5.12|23.90|40372
11006|5.12|24.03|40373
11006|5.12|24.36|40374
11006|5.12|24.60|40375
11006|5.12|23.53|40376
11006|5.12|23.68|40377
11004|9.76|24.90|10281
11004|9.76|24.98|10282
11004|9.76|25.74|10283
11004|9.76|26.41|10284
11004|9.76|26.51|10285
11004|9.76|25.33|10286
11004|9.76|26.07|10287
11004|9.76|25.57|10288
11007|9.67|36.14|20416
11007|9.67|33.51|20417
11007|9.67|39.04|20418
11007|9.67|38.25|20419
11007|9.67|37.42|20420
11009|9.44|25.44|30474
11009|9.44|23.95|30475
11009|9.44|27.19|30476
11007|8.88|39.02|40396
11007|8.88|35.14|40397
11007|8.88|46.59|40398
11007|8.88|41.94|40399
11007|8.88|35.45|40400
11003|14.57|37.95|10170
11003|14.57|36.98|10171
11003|14.57|36.08|10172
11003|15.37|36.66|10173
11003|15.37|39.31|10174
11003|15.37|40.43|10175
11003|15.37|41.80|10176
11003|14.57|40.58|10177
11003|15.67|40.32|10178
11005|13.68|33.61|20305
11005|13.68|33.42|20306
11005|13.68|33.61|20307
11005|13.68|33.73|20308
11005|13.68|34.08|20309
11005|13.68|33.43|20310
11005|13.68|32.75|20311
11004|14.02|33.55|30289
11004|14.02|34.84|30290
11004|14.02|31.90|30291
11004|14.02|30.19|30292
11004|14.02|33.20|30293
11004|14.02|33.34|30294
11004|14.02|31.40|30295
11004|14.02|33.23|30296
14009|12.82|35.86|40669
11009|18.67|49.54|10468
11009|18.67|46.32|10469
11009|18.67|50.43|10470
11009|18.58|42.47|20465
11009|18.58|48.50|20466
11009|18.58|40.64|20467
11010|18.19|56.65|30488
11010|18.19|51.29|30489
11014|18.67|64.24|40528
11012|21.28|53.17|10504
11001|23.01|46.43|20071
11001|23.01|45.90|20072
11001|23.01|45.53|20073
11001|23.01|45.16|20074
11001|23.01|45.41|20075
11001|23.01|45.18|20076
11001|23.41|45.01|20077
11001|23.21|44.41|20078
11001|23.01|43.05|20079
11001|23.81|44.43|20080
11004|21.60|39.27|30257
11004|22.20|39.75|30258
11004|22.80|40.42|30259
11004|23.40|41.09|30260
11004|24.00|41.61|30261
11004|24.60|42.22|30262
11004|25.20|42.81|30263
11004|25.80|43.37|30264
11011|23.02|48.41|40497
11012|27.11|62.14|10508
11002|25.12|53.14|20081
11002|25.37|53.47|20082
11002|25.42|53.49|20083
11002|25.62|53.47|20084
11002|25.12|55.17|20085
11002|26.12|54.76|20086
11002|26.72|55.48|20087
11002|26.72|54.97|20088
11002|26.72|54.83|20089
11002|26.72|53.99|20090
11007|25.90|49.95|30401
11007|25.90|52.16|30402
11007|25.90|51.37|30403
11007|25.90|51.46|30404
11007|25.90|50.53|30405
11010|26.46|64.83|40488
11010|26.46|59.55|40489
11005|29.68|44.95|10340
11005|29.68|45.05|10341
11005|29.68|45.29|10342
11005|29.68|45.14|10343
11005|29.68|44.90|10344
11005|29.68|45.14|10345
11005|29.68|45.43|10346
11010|30.64|62.61|20480
11010|30.64|62.41|20481
11017|30.28|83.65|30563
11009|29.64|48.58|40462
11009|30.84|49.70|40463
11009|32.04|50.99|40464
11001|34.36|50.67|10031
11001|34.36|50.74|10032
11001|34.36|50.61|10033
11001|34.36|50.45|10034
11001|34.36|51.05|10035
11001|34.36|50.29|10036
11001|34.36|49.73|10037
11001|34.36|50.31|10038
11001|34.36|50.73|10039
11001|34.36|50.14|10040
11016|34.53|68.88|20551
11005|34.85|50.09|30340
11005|34.85|50.24|30341
11005|34.85|50.52|30342
11005|34.85|50.30|30343
11005|34.85|50.18|30344
11005|34.85|50.24|30345
11005|34.85|50.62|30346
11009|34.89|56.73|40471
11009|34.89|56.06|40472
11009|34.89|56.91|40473
11005|38.65|56.56|10312
11005|38.65|57.32|10313
11005|38.65|57.11|10314
11005|38.65|62.64|10315
11005|38.65|59.50|10316
11005|38.65|56.80|10317
11005|38.65|56.62|10318
11007|38.30|58.39|20406
11007|38.30|58.51|20407
11007|38.30|57.91|20408
11007|38.30|57.70|20409
11007|38.30|57.74|20410
11025|38.41|94.66|30638
11009|38.90|69.78|40468
11009|38.90|66.40|40469
11009|38.90|70.33|40470
11006|41.76|62.01|10360
11006|41.76|61.74|10361
11006|41.76|62.44|10362
11006|41.76|61.55|10363
11006|41.76|60.91|10364
11006|41.76|60.83|10365
11022|42.91|75.16|20612
11006|41.96|68.16|30354
11006|41.96|67.24|30355
11006|41.96|67.64|30356
11006|41.96|66.75|30357
11006|41.96|67.97|30358
11006|41.96|67.49|30359
11006|42.71|61.49|40372
11006|42.71|61.62|40373
11006|42.71|61.95|40374
11006|42.71|62.19|40375
11006|42.71|61.12|40376
11006|42.71|61.27|40377
11021|46.36|75.66|10596
11022|46.44|77.09|20607
11001|47.58|64.17|30061
11001|47.58|64.87|30062
11001|47.58|63.62|30063
11001|47.58|63.28|30064
11001|47.58|64.22|30065
11001|46.53|65.83|30066
11001|46.83|64.20|30067
11001|46.83|64.71|30068
11001|46.53|65.24|30069
11001|46.83|64.63|30070
11011|45.46|79.59|40499
11007|51.31|80.80|10396
11007|51.31|77.44|10397
11007|51.31|88.33|10398
11007|51.31|85.46|10399
11007|51.31|77.45|10400
11010|50.35|75.12|20490
11010|50.35|80.94|20491
11007|51.13|71.26|30406
11007|51.13|71.38|30407
11007|51.13|70.79|30408
11007|51.13|70.56|30409
11007|51.13|70.62|30410
11011|49.29|86.06|40496
11003|54.79|79.11|10206
11003|54.79|79.43|10207
11003|54.79|79.07|10208
11003|54.79|79.07|10209
11003|54.79|78.98|10210
11003|56.29|79.02|10211
11003|56.29|79.22|10212
11003|56.29|79.53|10213
11003|56.29|78.79|10214
11005|53.85|72.64|20333
11005|53.85|71.68|20334
11005|53.85|72.73|20335
11005|53.85|72.04|20336
11005|53.85|73.44|20337
11005|53.85|73.76|20338
11005|53.85|72.65|20339
11013|54.83|92.33|30520
11008|54.19|73.68|40451
11008|54.19|72.82|40452
11008|54.19|72.28|40453
11008|54.19|72.90|40454
11012|58.94|86.56|10509
11006|58.48|78.86|20390
11006|58.48|78.27|20391
11006|58.48|79.33|20392
11006|58.48|78.88|20393
11006|58.48|78.01|20394
11006|58.48|78.30|20395
11021|58.45|90.69|30601
11010|59.18|88.88|40482
11010|59.18|83.87|40483
