100.85
11003|2.24|25.62|10170
11003|2.24|24.65|10171
11003|2.24|23.75|10172
11003|3.04|24.33|10173
11003|3.04|26.98|10174
11003|3.04|28.10|10175
11003|3.04|29.47|10176
11003|2.24|28.25|10177
11003|3.34|27.99|10178
11024|1.30|33.83|20627
11006|1.69|21.94|30390
11006|1.69|21.29|30391
11006|1.69|22.30|30392
11006|1.69|22.07|30393
11006|1.69|21.19|30394
11006|1.69|21.39|30395
11006|1.00|21.14|40360
11006|1.00|21.20|40361
11006|1.00|21.40|40362
11006|1.00|20.87|40363
11006|1.00|19.76|40364
11006|1.00|20.01|40365
11017|6.75|42.45|10559
11005|5.00|24.93|20305
11005|5.00|24.74|20306
11005|5.00|24.93|20307
11005|5.00|25.05|20308
11005|5.00|25.40|20309
11005|5.00|24.75|20310
11005|5.00|24.07|20311
11026|4.76|46.18|30644
11023|6.41|30.56|40615
11003|11.30|29.88|10161
11003|11.30|29.12|10162
11003|11.30|30.45|10163
11003|12.10|30.33|10164
11003|11.70|31.48|10165
11003|10.70|28.93|10166
11003|10.70|28.81|10167
11003|10.70|31.09|10168
11003|10.70|30.87|10169
14015|9.13|39.17|20703
11003|10.19|32.06|30197
11003|10.19|32.40|30198
11003|10.19|31.82|30199
11003|10.19|32.41|30200
11003|10.19|32.20|30201
11003|10.19|31.12|30202
11003|10.19|31.63|30203
11003|10.19|31.48|30204
11003|10.19|31.21|30205
11004|9.04|27.03|40265
11004|9.04|26.57|40266
11004|9.04|27.26|40267
11004|9.04|27.67|40268
11004|9.04|28.36|40269
11004|9.04|28.20|40270
11004|9.04|27.81|40271
11004|9.04|27.14|40272
11003|12.89|28.57|10188
11003|12.89|28.07|10189
11003|12.89|28.63|10190
11003|12.89|29.16|10191
11003|12.89|28.32|10192
11003|12.89|29.26|10193
11003|12.89|28.40|10194
11003|12.89|28.22|10195
11003|12.89|29.04|10196
11010|14.65|35.69|20486
11010|14.65|42.18|20487
11016|14.73|53.90|30547
11005|13.87|29.10|40340
11005|13.87|29.37|40341
11005|13.87|29.41|40342
11005|13.87|29.37|40343
11005|13.87|29.25|40344
11005|13.87|29.40|40345
11005|13.87|29.64|40346
11001|18.20|35.32|10021
11001|18.62|35.54|10022
11001|19.04|36.02|10023
11001|19.46|36.38|10024
11001|19.88|36.77|10025
11001|20.30|37.22|10026
11001|20.72|37.66|10027
11001|21.14|38.10|10028
11001|21.56|38.46|10029
11001|21.98|39.09|10030
11002|16.92|32.48|20131
11002|16.92|27.40|20132
11002|16.92|30.92|20133
11002|16.92|31.69|20134
11002|16.92|30.47|20135
11002|16.92|29.82|20136
11002|16.92|30.94|20137
11002|16.92|31.41|20138
11002|16.92|30.48|20139
11002|16.92|29.54|20140
11001|18.77|42.14|30071
11001|18.77|41.51|30072
11001|18.77|41.58|30073
11001|18.77|40.89|30074
11001|18.77|41.49|30075
11001|18.77|41.12|30076
11001|19.17|40.86|30077
11001|18.97|39.89|30078
11001|18.77|38.83|30079
11001|19.57|40.07|30080
11007|18.29|42.15|40401
11007|18.29|44.54|40402
11007|18.29|43.76|40403
11007|18.29|43.73|40404
11007|18.29|43.02|40405
11001|22.54|38.85|10031
11001|22.54|38.92|10032
11001|22.54|38.79|10033
11001|22.54|38.63|10034
11001|22.54|39.23|10035
11001|22.54|38.47|10036
11001|22.54|37.91|10037
11001|22.54|38.49|10038
11001|22.54|38.91|10039
11001|22.54|38.32|10040
11010|22.46|52.12|20482
11010|22.46|46.90|20483
11018|22.60|63.78|30572
11014|21.55|60.41|40527
11012|25.77|60.80|10508
11004|26.32|45.89|20289
11004|26.32|47.45|20290
11004|26.32|44.28|20291
11004|26.32|42.48|20292
11004|26.32|45.45|20293
11004|26.32|45.64|20294
11004|26.32|43.73|20295
11004|26.32|45.59|20296
11007|27.01|46.88|30411
11007|27.01|46.85|30412
11007|27.01|46.11|30413
11007|27.01|47.42|30414
11007|27.01|43.78|30415
11009|25.06|56.18|40477
11009|25.06|56.21|40478
11009|25.06|55.95|40479
11011|29.38|65.86|10496
11007|28.96|49.24|20421
11007|28.96|48.65|20422
11007|28.96|48.07|20423
11007|28.96|47.46|20424
11007|28.96|47.61|20425
11005|29.48|47.35|30312
11005|29.48|47.49|30313
11005|29.48|48.44|30314
11005|29.48|52.76|30315
11005|29.48|50.23|30316
11005|29.48|47.23|30317
11005|29.48|47.13|30318
11018|30.89|57.37|40567
11007|32.97|53.06|10406
11007|32.97|53.22|10407
11007|32.97|52.71|10408
11007|32.97|52.35|10409
11007|32.97|52.39|10410
11008|34.18|53.42|20431
11008|34.18|53.53|20432
11008|34.18|54.96|20433
11008|34.18|53.51|20434
11012|34.19|61.87|30509
11021|33.32|76.50|40600
11009|37.79|61.92|10465
11009|37.79|67.92|10466
11009|37.79|59.79|10467
11015|37.95|77.73|20540
11002|38.97|59.04|30101
11002|38.97|57.96|30102
11002|38.97|58.40|30103
11002|38.97|58.69|30104
11002|38.97|57.82|30105
11002|38.97|59.02|30106
11002|38.97|55.62|30107
11002|38.97|58.61|30108
11002|38.97|57.16|30109
11002|38.97|57.73|30110
11001|37.31|53.64|40031
11001|37.31|53.73|40032
11001|37.31|53.53|40033
11001|37.31|53.52|40034
11001|37.31|54.20|40035
11001|37.31|53.23|40036
11001|37.31|52.68|40037
11001|37.31|53.32|40038
11001|37.31|53.70|40039
11001|37.31|53.20|40040
11002|43.58|57.61|10091
11002|43.58|57.72|10092
11002|43.58|57.26|10093
11002|43.58|57.43|10094
11002|43.58|57.56|10095
11002|42.98|58.84|10096
11002|42.98|58.62|10097
11002|42.98|58.78|10098
11002|43.38|58.66|10099
11002|42.98|58.26|10100
11013|41.73|73.16|20517
11005|42.51|62.52|30326
11005|42.51|61.23|30327
11005|42.51|63.11|30328
11005|42.51|63.61|30329
11005|42.51|65.53|30330
11005|42.51|64.33|30331
11005|42.51|62.04|30332
11006|41.50|60.84|40378
11006|41.50|61.73|40379
11006|41.50|61.15|40380
11006|41.50|61.18|40381
11006|41.50|58.32|40382
11006|41.50|61.59|40383
11006|46.32|66.57|10360
11006|46.32|66.30|10361
11006|46.32|67.00|10362
11006|46.32|66.11|10363
11006|46.32|65.47|10364
11006|46.32|65.39|10365
14007|46.30|79.93|20656
11004|46.36|70.27|30249
11004|46.36|69.05|30250
11004|46.36|70.64|30251
11004|46.36|69.81|30252
11004|46.36|70.11|30253
11004|46.36|70.04|30254
11004|46.36|69.93|30255
11004|46.36|70.85|30256
11006|45.09|70.86|40354
11006|45.09|70.32|40355
11006|45.09|71.02|40356
11006|45.09|69.85|40357
11006|45.09|71.04|40358
11006|45.09|70.67|40359
11004|50.26|68.04|10257
11004|50.86|68.49|10258
11004|51.46|69.06|10259
11004|52.06|69.65|10260
11004|52.66|70.31|10261
11004|53.26|70.91|10262
11004|53.86|71.50|10263
11004|54.46|72.10|10264
11010|51.11|80.77|20482
11010|51.11|75.55|20483
11026|50.99|98.79|30650
14007|50.20|78.32|40654
11017|54.98|100.85|10558
11004|54.76|76.25|20297
11004|54.76|76.27|20298
11004|54.76|76.97|20299
11004|54.76|77.04|20300
11004|54.76|76.72|20301
11004|54.76|75.87|20302
11004|54.76|75.18|20303
11004|54.76|77.63|20304
11006|53.66|72.35|30372
11006|53.66|72.52|30373
11006|53.66|72.86|30374
11006|53.66|73.05|30375
11006|53.66|72.00|30376
11006|53.66|72.25|30377
11018|55.00|88.68|40570
