47.14
11010|5.26|32.42|10484
11010|5.26|31.52|10485
11001|5.48|21.06|20051
11001|5.48|19.06|20052
11001|5.48|17.86|20053
11001|5.48|19.07|20054
11001|5.48|19.03|20055
11001|5.48|18.41|20056
11001|5.48|18.33|20057
11010|5.43|38.73|30492
11010|5.43|38.00|30493
11010|5.30|32.72|40484
11010|5.30|31.49|40485
11007|13.64|29.99|10426
11007|13.64|29.99|10427
11007|13.64|30.14|10428
11007|13.64|30.50|10429
11003|15.50|31.62|20224
11003|15.50|34.04|20225
11003|15.90|33.44|20226
11003|16.50|33.09|20227
11003|16.60|32.32|20228
11003|17.50|32.53|20229
11002|14.33|33.26|30111
11002|14.33|32.86|30112
11002|14.33|32.58|30113
11002|14.33|33.13|30114
11002|14.33|33.40|30115
11002|14.33|32.75|30116
11002|13.73|34.72|30117
11006|13.71|39.48|40354
11006|13.71|38.94|40355
11006|13.71|39.64|40356
11006|13.71|38.47|40357
11004|19.45|43.36|10249
11004|19.45|42.14|10250
11004|19.45|43.73|10251
11004|19.45|42.90|10252
11004|19.45|43.20|10253
11004|19.45|43.13|10254
11004|19.20|43.11|20249
11004|19.20|41.89|20250
11004|19.20|43.48|20251
11004|19.20|42.65|20252
11004|19.20|42.95|20253
11004|19.20|42.88|20254
11003|19.51|43.11|30179
11003|19.51|43.53|30180
11003|19.51|41.84|30181
11003|19.51|43.95|30182
11003|19.51|42.66|30183
11003|19.51|41.59|30184
11001|19.49|37.56|40011
11001|19.39|37.55|40012
11001|19.49|36.98|40013
11001|19.49|37.77|40014
11001|19.49|37.43|40015
11001|19.49|37.95|40016
11001|19.99|36.63|40017
11003|27.44|43.93|10224
11003|27.44|45.80|10225
11003|27.84|45.41|10226
11003|28.44|45.12|10227
11003|28.54|44.13|10228
11003|29.44|44.42|10229
11003|24.77|46.66|20197
11003|24.77|46.93|20198
11003|24.77|46.28|20199
11003|24.77|46.99|20200
11003|24.77|46.79|20201
11003|24.77|45.69|20202
11003|24.92|46.79|30197
11003|24.92|47.13|30198
11003|24.92|46.55|30199
11003|24.92|47.14|30200
11003|24.92|46.93|30201
11003|24.92|45.85|30202
11003|25.48|41.17|40188
11003|25.48|40.71|40189
11003|25.48|41.16|40190
11003|25.48|42.05|40191
11003|25.48|40.84|40192
11003|25.48|42.00|40193
