61.41
33074|0.00|22.35|50450
33074|2.00|24.35|50450
33074|4.00|26.35|50450
33074|6.00|28.35|50450
33074|8.00|30.35|50450
33074|10.00|32.35|50450
33074|12.00|34.35|50450
33074|14.00|36.35|50450
33074|16.00|38.35|50450
33074|18.00|40.35|50450
33074|20.00|42.35|50450
33074|22.00|44.35|50450
33074|24.00|46.35|50450
33074|26.00|48.35|50450
33074|28.00|50.35|50450
33074|30.00|52.35|50450
33074|32.00|54.35|50450
33074|34.00|56.35|50450
33074|36.00|58.35|50450
33074|38.00|60.35|50450
33074|1.00|23.41|50451
33074|3.00|25.41|50451
33074|5.00|27.41|50451
33074|7.00|29.41|50451
33074|9.00|31.41|50451
33074|11.00|33.41|50451
33074|13.00|35.41|50451
33074|15.00|37.41|50451
33074|17.00|39.41|50451
33074|19.00|41.41|50451
33074|21.00|43.41|50451
33074|23.00|45.41|50451
33074|25.00|47.41|50451
33074|27.00|49.41|50451
33074|29.00|51.41|50451
33074|31.00|53.41|50451
33074|33.00|55.41|50451
33074|35.00|57.41|50451
33074|37.00|59.41|50451
33074|39.00|61.41|50451
33074|0.50|21.99|50452
33074|2.50|23.99|50452
33074|4.50|25.99|50452
33074|6.50|27.99|50452
33074|8.50|29.99|50452
33074|10.50|31.99|50452
33074|12.50|33.99|50452
33074|14.50|35.99|50452
33074|16.50|37.99|50452
33074|18.50|39.99|50452
33074|20.50|41.99|50452
33074|22.50|43.99|50452
33074|24.50|45.99|50452
33074|26.50|47.99|50452
33074|28.50|49.99|50452
33074|30.50|51.99|50452
33074|32.50|53.99|50452
33074|34.50|55.99|50452
33074|36.50|57.99|50452
33074|38.50|59.99|50452
33074|1.50|23.10|50453
33074|3.50|25.10|50453
33074|5.50|27.10|50453
33074|7.50|29.10|50453
33074|9.50|31.10|50453
33074|11.50|33.10|50453
33074|13.50|35.10|50453
33074|15.50|37.10|50453
33074|17.50|39.10|50453
33074|19.50|41.10|50453
33074|21.50|43.10|50453
33074|23.50|45.10|50453
33074|25.50|47.10|50453
33074|27.50|49.10|50453
33074|29.50|51.10|50453
33074|31.50|53.10|50453
33074|33.50|55.10|50453
33074|35.50|57.10|50453
33074|37.50|59.10|50453
33074|39.50|61.10|50453
34077|1.00|33.54|50454
33075|4.00|36.54|50454
33075|7.00|39.54|50454
33076|10.00|42.54|50454
33075|13.00|45.54|50454
34077|16.00|48.54|50454
33075|19.00|51.54|50454
33075|22.00|54.54|50454
33076|25.00|57.54|50454
33075|28.00|60.54|50454
