98.78
11016|4.69|40.93|10550
11008|6.39|21.95|20455
11008|6.39|21.57|20456
11008|6.39|19.22|20457
11008|6.39|17.87|20458
11003|5.25|28.85|30179
11003|5.25|29.27|30180
11003|5.25|27.58|30181
11003|5.25|29.69|30182
11003|5.25|28.40|30183
11003|5.25|27.33|30184
11003|5.25|31.39|30185
11003|5.25|28.23|30186
11003|5.25|28.96|30187
11016|6.34|41.42|40553
11001|12.94|36.18|10071
11001|12.94|35.90|10072
11001|12.94|35.46|10073
11001|12.94|35.31|10074
11001|12.94|35.42|10075
11001|12.94|35.13|10076
11001|13.34|35.11|10077
11001|13.14|34.61|10078
11001|12.94|33.02|10079
11001|13.74|34.39|10080
11004|12.75|27.83|20281
11004|12.75|27.97|20282
11004|12.75|28.74|20283
11004|12.75|29.29|20284
11004|12.75|29.33|20285
11004|12.75|28.37|20286
11004|12.75|28.66|20287
11004|12.75|28.87|20288
11020|12.80|27.09|30592
11017|12.46|46.67|40556
11010|17.71|44.87|10484
11011|18.64|49.21|20494
11011|18.47|52.88|30499
11020|19.11|37.59|40587
11009|24.24|40.23|10474
11009|24.24|38.65|10475
11009|24.24|42.18|10476
11011|23.73|49.00|20497
11018|23.60|62.25|30573
11002|25.07|43.98|40111
11002|25.07|43.45|40112
11002|25.07|43.34|40113
11002|25.07|44.24|40114
11002|25.07|44.11|40115
11002|25.07|43.47|40116
11002|24.47|45.48|40117
11002|24.47|43.95|40118
11002|24.47|45.29|40119
11002|24.47|43.95|40120
11001|31.44|47.24|10051
11001|31.44|45.00|10052
11001|31.44|43.78|10053
11001|31.44|45.20|10054
11001|31.44|45.14|10055
11001|31.44|44.38|10056
11001|31.44|44.27|10057
11001|31.44|43.65|10058
11001|31.44|45.58|10059
11001|31.44|45.65|10060
11025|32.42|98.78|20637
11004|30.51|48.18|30257
11004|31.11|48.66|30258
11004|31.71|49.33|30259
11004|32.31|50.00|30260
11004|32.91|50.52|30261
11004|33.51|51.13|30262
11004|34.11|51.72|30263
11004|34.71|52.28|30264
11001|31.93|53.24|40041
11001|31.93|53.08|40042
11001|31.93|52.83|40043
11001|31.93|53.20|40044
11001|31.93|53.89|40045
11001|31.93|53.44|40046
11001|31.93|52.96|40047
11001|31.93|53.26|40048
11001|31.93|52.50|40049
11001|31.93|53.89|40050
11008|37.31|51.92|10443
11008|37.31|50.87|10444
11008|37.31|52.74|10445
11008|37.31|51.71|10446
11001|39.46|55.96|20061
11001|39.46|56.66|20062
11001|39.46|55.43|20063
11001|39.46|55.35|20064
11001|39.46|55.98|20065
11001|38.41|57.52|20066
11001|38.71|56.36|20067
11001|38.71|56.54|20068
11001|38.41|57.25|20069
11001|38.71|56.72|20070
11011|38.51|65.26|30501
11012|38.40|73.54|40508
11008|44.32|59.90|10455
11008|44.32|59.87|10456
11008|44.32|57.19|10457
11008|44.32|55.71|10458
11009|44.63|66.49|20471
11009|44.63|65.78|20472
11009|44.63|67.00|20473
11009|43.17|61.94|30462
11009|44.37|63.37|30463
11009|45.57|64.44|30464
11011|42.83|68.22|40497
11010|49.74|82.92|10492
11010|50.48|82.45|20480
11092|50.20|87.84|31001
11010|50.93|89.30|40488
11003|56.56|75.14|10161
11003|56.56|74.38|10162
11003|56.56|75.71|10163
11003|57.36|75.59|10164
11003|56.96|76.74|10165
11003|55.96|74.19|10166
11003|55.96|74.07|10167
11003|55.96|76.35|10168
11003|55.96|76.13|10169
11010|56.26|85.92|20482
11020|55.22|69.31|30591
11011|56.60|90.73|40499
