48.44
11007|5.06|25.49|10421
11007|5.06|24.90|10422
11007|5.06|24.13|10423
11007|5.06|23.66|10424
11007|5.06|23.67|10425
11001|5.51|23.61|10011
11001|5.41|23.54|10012
11001|5.51|23.53|10013
11001|5.51|23.89|10014
11001|5.51|23.23|10015
11001|5.51|23.96|10016
11001|6.01|22.58|10017
11010|5.85|26.76|30486
11010|5.85|33.65|30487
11007|11.25|27.60|10426
11007|11.25|27.60|10427
11007|11.25|27.75|10428
11007|11.25|28.11|10429
11007|11.25|27.73|10430
11001|10.85|28.15|40001
11001|11.65|28.46|40002
11001|11.75|28.38|40003
11001|11.55|29.52|40004
11001|11.45|28.94|40005
11001|11.35|28.44|40006
11001|11.65|27.80|40007
11007|18.81|38.82|10411
11007|18.81|38.59|10412
11007|18.81|37.87|10413
11007|18.81|39.16|10414
11007|18.81|35.50|10415
11001|19.41|42.83|20071
11001|19.41|42.30|20072
11001|19.41|41.93|20073
11001|19.41|41.56|20074
11001|19.41|41.81|20075
11001|19.41|41.58|20076
11001|19.81|41.41|20077
11007|19.22|35.49|30426
11007|19.22|35.52|30427
11007|19.22|35.72|30428
11007|19.22|36.08|30429
11007|19.22|35.72|30430
11001|18.87|36.94|40011
11001|18.77|36.93|40012
11001|18.87|36.36|40013
11001|18.87|37.15|40014
11001|18.87|36.81|40015
11001|18.87|37.33|40016
11001|19.37|36.01|40017
11001|26.37|42.68|10031
11001|26.37|42.75|10032
11001|26.37|42.62|10033
11001|26.37|42.46|10034
11001|26.37|43.06|10035
11001|26.37|42.30|10036
11001|26.37|41.74|10037
11001|27.50|44.00|20061
11001|27.50|44.70|20062
11001|27.50|43.47|20063
11001|27.50|43.39|20064
11001|27.50|44.02|20065
11001|26.45|45.56|20066
11001|26.75|44.40|20067
11001|26.58|47.88|30041
11001|26.58|47.78|30042
11001|26.58|47.49|30043
11001|26.58|47.87|30044
11001|26.58|48.44|30045
11001|26.58|48.10|30046
11001|26.58|47.53|30047
11007|26.97|46.99|40406
11007|26.97|47.20|40407
11007|26.97|46.60|40408
11007|26.97|46.41|40409
11007|26.97|46.46|40410
