104.22
11021|0.64|43.94|10600
11016|2.19|41.64|20547
11008|1.53|17.07|30455
11008|1.53|16.85|30456
11008|1.53|14.40|30457
11008|1.53|13.04|30458
11002|1.27|20.20|40121
11002|1.62|20.51|40122
11002|1.97|21.18|40123
11002|2.32|21.50|40124
11002|2.67|21.85|40125
11002|3.02|22.24|40126
11002|3.37|22.56|40127
11002|3.72|22.94|40128
11002|4.07|23.59|40129
11002|4.42|23.86|40130
11007|6.16|26.59|10421
11007|6.16|26.00|10422
11007|6.16|25.23|10423
11007|6.16|24.76|10424
11007|6.16|24.77|10425
11008|4.85|23.96|20439
11008|4.85|23.65|20440
11008|4.85|23.52|20441
11008|4.85|24.46|20442
11006|6.14|24.89|30366
11006|6.14|24.21|30367
11006|6.14|24.43|30368
11006|6.14|24.84|30369
11006|6.14|24.69|30370
11006|6.14|24.25|30371
11004|4.78|19.92|40273
11004|4.78|20.22|40274
11004|4.78|20.63|40275
11004|4.78|20.40|40276
11004|4.78|20.50|40277
11004|4.78|20.97|40278
11004|4.78|20.71|40279
11004|4.78|21.02|40280
11007|10.19|26.54|10426
11007|10.19|26.54|10427
11007|10.19|26.69|10428
11007|10.19|27.05|10429
11007|10.19|26.67|10430
11011|9.38|34.65|20497
11021|9.17|38.95|30594
11003|11.46|27.58|40224
11003|11.46|29.92|40225
11003|11.86|29.35|40226
11003|12.46|29.20|40227
11003|12.56|28.19|40228
11003|13.46|28.43|40229
11003|9.46|29.63|40230
11003|12.26|27.67|40231
11003|11.46|27.71|40232
11009|12.98|35.79|10459
11009|12.98|37.75|10460
11009|12.98|38.72|10461
11007|13.17|37.27|20401
11007|13.17|39.25|20402
11007|13.17|38.65|20403
11007|13.17|38.63|20404
11007|13.17|37.88|20405
11006|12.79|31.48|30372
11006|12.79|31.65|30373
11006|12.79|31.99|30374
11006|12.79|32.18|30375
11006|12.79|31.13|30376
11006|12.79|31.38|30377
11001|13.89|35.20|40041
11001|13.89|35.04|40042
11001|13.89|34.79|40043
11001|13.89|35.16|40044
11001|13.89|35.85|40045
11001|13.89|35.40|40046
11001|13.89|34.92|40047
11001|13.89|35.22|40048
11001|13.89|34.46|40049
11001|13.89|35.85|40050
11021|18.09|47.39|10596
11002|17.96|38.01|20101
11002|17.96|36.91|20102
11002|17.96|37.28|20103
11002|17.96|37.57|20104
11002|17.96|36.87|20105
11002|17.96|37.88|20106
11002|17.96|34.61|20107
11002|17.96|37.57|20108
11002|17.96|36.11|20109
11002|17.96|36.79|20110
11016|18.45|52.75|30551
11012|17.30|44.81|40509
11005|22.44|36.24|10319
11005|23.09|36.84|10320
11005|23.74|37.53|10321
11005|24.39|38.21|10322
11005|25.04|38.79|10323
11005|25.69|39.42|10324
11005|26.34|40.07|10325
11011|22.30|50.58|20495
11026|22.29|84.50|30647
11010|20.88|48.30|40484
11010|20.88|47.07|40485
11003|27.21|45.79|10161
11003|27.21|45.03|10162
11003|27.21|46.36|10163
11003|28.01|46.24|10164
11003|27.61|47.39|10165
11003|26.61|44.84|10166
11003|26.61|44.72|10167
11003|26.61|47.00|10168
11003|26.61|46.78|10169
11001|26.51|49.93|20071
11001|26.51|49.40|20072
11001|26.51|49.03|20073
11001|26.51|48.66|20074
11001|26.51|48.91|20075
11001|26.51|48.68|20076
11001|26.91|48.51|20077
11001|26.71|47.91|20078
11001|26.51|46.55|20079
11001|27.31|47.93|20080
11014|25.00|49.43|30525
11001|25.21|46.52|40041
11001|25.21|46.36|40042
11001|25.21|46.11|40043
11001|25.21|46.48|40044
11001|25.21|47.17|40045
11001|25.21|46.72|40046
11001|25.21|46.24|40047
11001|25.21|46.54|40048
11001|25.21|45.78|40049
11001|25.21|47.17|40050
11010|29.23|50.17|10486
11010|29.23|56.64|10487
11004|30.72|45.80|20281
11004|30.72|45.94|20282
11004|30.72|46.71|20283
11004|30.72|47.26|20284
11004|30.72|47.30|20285
11004|30.72|46.34|20286
11004|30.72|46.63|20287
11004|30.72|46.84|20288
11014|29.98|51.98|30531
11003|30.29|53.94|40179
11003|30.29|54.40|40180
11003|30.29|52.56|40181
11003|30.29|54.80|40182
11003|30.29|53.44|40183
11003|30.29|52.38|40184
11003|30.29|56.37|40185
11003|30.29|53.31|40186
11003|30.29|54.03|40187
11004|34.82|54.29|10289
11004|34.82|55.50|10290
11004|34.82|52.78|10291
11004|34.82|51.05|10292
11004|34.82|54.00|10293
11004|34.82|54.11|10294
11004|34.82|52.25|10295
11004|34.82|54.10|10296
11003|35.32|54.16|20161
11003|35.32|53.20|20162
11003|35.32|54.68|20163
11003|36.12|54.39|20164
11003|35.72|55.43|20165
11003|34.72|52.97|20166
11003|34.72|52.85|20167
11003|34.72|54.81|20168
11003|34.72|54.81|20169
11009|34.64|56.51|30471
11009|34.64|55.76|30472
11009|34.64|56.77|30473
11024|34.40|72.67|40629
11006|37.85|56.55|10366
11006|37.85|56.09|10367
11006|37.85|56.24|10368
11006|37.85|56.61|10369
11006|37.85|56.13|10370
11006|37.85|55.92|10371
11008|38.96|54.52|20455
11008|38.96|54.14|20456
11008|38.96|51.79|20457
11008|38.96|50.44|20458
11004|37.31|55.29|30265
11004|37.31|54.96|30266
11004|37.31|55.54|30267
11004|37.31|55.96|30268
11004|37.31|56.88|30269
11004|37.31|56.53|30270
11004|37.31|56.05|30271
11004|37.31|55.14|30272
11002|37.33|53.21|40141
11002|37.33|53.43|40142
11002|37.33|52.98|40143
11002|37.33|53.59|40144
11002|37.33|52.96|40145
11002|37.33|52.84|40146
11002|37.33|53.05|40147
11002|37.33|52.67|40148
11002|37.33|52.78|40149
11002|37.33|52.33|40150
11018|42.14|74.89|10568
11026|41.53|104.22|20648
11016|43.01|73.21|30549
11024|41.58|83.94|40632
11015|45.82|94.48|10541
11004|46.78|64.45|20257
11004|47.38|64.99|20258
11004|47.98|65.63|20259
11004|48.58|66.19|20260
11004|49.18|66.79|20261
11004|49.78|67.44|20262
11004|50.38|68.01|20263
11004|50.98|68.64|20264
11007|46.97|67.10|30406
11007|46.97|67.22|30407
11007|46.97|66.63|30408
11007|46.97|66.40|30409
11007|46.97|66.46|30410
11001|46.73|64.80|40011
11001|46.63|64.79|40012
11001|46.73|64.22|40013
11001|46.73|65.01|40014
11001|46.73|64.67|40015
11001|46.73|65.19|40016
11001|47.23|63.87|40017
11001|47.53|63.99|40018
11001|47.23|64.05|40019
11001|47.23|63.81|40020
11022|51.29|83.61|10612
11016|50.75|78.32|20544
11010|49.73|70.64|30486
11010|49.73|77.53|30487
11009|50.86|69.80|40462
11009|52.06|70.92|40463
11009|53.26|72.21|40464
11018|53.92|88.12|10570
11014|53.89|81.54|20524
11005|54.14|68.08|30319
11005|54.79|68.61|30320
11005|55.44|69.23|30321
11005|56.09|70.02|30322
11005|56.74|70.44|30323
11005|57.39|71.21|30324
11005|58.04|71.85|30325
11007|55.30|81.74|40416
11007|55.30|79.05|40417
11007|55.30|85.74|40418
11007|55.30|83.71|40419
11007|55.30|82.55|40420
11001|59.02|77.12|10011
11001|58.92|77.05|10012
11001|59.02|77.04|10013
11001|59.02|77.40|10014
11001|59.02|76.74|10015
11001|59.02|77.47|10016
11001|59.52|76.09|10017
11001|59.82|76.22|10018
11001|59.52|76.27|10019
11001|59.52|76.13|10020
11014|57.89|90.24|20532
11006|57.28|76.55|30378
11006|57.28|77.42|30379
11006|57.28|77.03|30380
11006|57.28|75.78|30381
11006|57.28|74.16|30382
11006|57.28|77.28|30383
