55.43
11001|5.08|21.39|10031
11001|5.08|21.46|10032
11001|5.08|21.33|10033
11001|5.08|21.17|10034
11001|5.08|21.77|10035
11001|5.08|21.01|10036
11001|5.08|20.45|10037
11009|5.93|29.82|20465
11009|5.93|35.85|20466
11009|5.93|27.99|20467
11005|5.30|23.17|30312
11005|5.30|23.31|30313
11005|5.30|24.26|30314
11005|5.30|28.58|30315
11005|5.30|26.05|30316
11005|5.30|23.05|30317
11005|5.30|22.95|30318
11017|5.17|50.89|40558
11010|11.22|35.76|10490
11010|11.22|41.86|10491
11001|11.40|29.38|20011
11001|11.30|29.45|20012
11001|11.40|29.08|20013
11001|11.40|29.77|20014
11001|11.40|29.14|20015
11001|11.40|29.68|20016
11001|11.90|28.45|20017
11006|11.25|30.52|30378
11006|11.25|31.39|30379
11006|11.25|31.00|30380
11006|11.25|29.75|30381
11006|11.25|28.13|30382
11006|11.25|31.25|30383
11001|10.93|34.14|40071
11001|10.93|33.83|40072
11001|10.93|33.66|40073
11001|10.93|33.13|40074
11001|10.93|33.59|40075
11001|10.93|33.32|40076
11001|11.33|32.93|40077
11004|18.19|35.97|10257
11004|18.79|36.42|10258
11004|19.39|36.99|10259
11004|19.99|37.58|10260
11004|20.59|38.24|10261
11004|21.19|38.84|10262
11001|18.20|39.44|20041
11001|18.20|39.32|20042
11001|18.20|39.04|20043
11001|18.20|39.56|20044
11001|18.20|40.19|20045
11001|18.20|39.65|20046
11001|18.20|39.18|20047
11011|18.27|52.68|30499
11001|18.21|39.52|40041
11001|18.21|39.36|40042
11001|18.21|39.11|40043
11001|18.21|39.48|40044
11001|18.21|40.17|40045
11001|18.21|39.72|40046
11001|18.21|39.24|40047
11005|26.74|45.47|10333
11005|26.74|44.69|10334
11005|26.74|45.54|10335
11005|26.74|44.89|10336
11005|26.74|46.26|10337
11005|26.74|46.49|10338
11005|26.74|45.58|10339
11007|26.06|52.53|20416
11007|26.06|49.90|20417
11007|26.06|55.43|20418
11007|26.06|54.64|20419
11007|26.06|53.81|20420
11005|25.82|41.06|30340
11005|25.82|41.21|30341
11005|25.82|41.49|30342
11005|25.82|41.27|30343
11005|25.82|41.15|30344
11005|25.82|41.21|30345
11005|25.82|41.59|30346
11003|26.48|50.13|40179
11003|26.48|50.59|40180
11003|26.48|48.75|40181
11003|26.48|50.99|40182
11003|26.48|49.63|40183
11003|26.48|48.57|40184
