110.80
11001|7.29|23.60|10031
11001|7.29|23.67|10032
11001|7.29|23.54|10033
11001|7.29|23.38|10034
11001|7.29|23.98|10035
11001|7.29|23.22|10036
11001|7.29|22.66|10037
11001|7.29|23.24|10038
11001|7.29|23.66|10039
11001|7.29|23.07|10040
11004|7.48|28.97|20297
11004|7.48|28.99|20298
11004|7.48|29.69|20299
11004|7.48|29.76|20300
11004|7.48|29.44|20301
11004|7.48|28.59|20302
11004|7.48|27.90|20303
11004|7.48|30.35|20304
11012|7.15|42.27|30506
11001|6.36|23.66|40001
11001|7.16|23.97|40002
11001|7.26|23.89|40003
11001|7.06|25.03|40004
11001|6.96|24.45|40005
11001|6.86|23.95|40006
11001|7.16|23.31|40007
11001|6.96|24.85|40008
11001|6.36|24.29|40009
11001|6.96|23.90|40010
11011|14.04|57.16|10502
11003|14.43|33.27|20161
11003|14.43|32.31|20162
11003|14.43|33.79|20163
11003|15.23|33.50|20164
11003|14.83|34.54|20165
11003|13.83|32.08|20166
11003|13.83|31.96|20167
11003|13.83|33.92|20168
11003|13.83|33.92|20169
11004|12.77|36.68|30249
11004|12.77|35.46|30250
11004|12.77|37.05|30251
11004|12.77|36.22|30252
11004|12.77|36.52|30253
11004|12.77|36.45|30254
11004|12.77|36.34|30255
11004|12.77|37.26|30256
11011|12.51|46.64|40499
11003|20.80|36.48|10188
11003|20.80|35.98|10189
11003|20.80|36.54|10190
11003|20.80|37.07|10191
11003|20.80|36.23|10192
11003|20.80|37.17|10193
11003|20.80|36.31|10194
11003|20.80|36.13|10195
11003|20.80|36.95|10196
11001|20.80|38.07|20001
11001|21.60|38.45|20002
11001|21.70|38.31|20003
11001|21.50|39.44|20004
11001|21.40|38.93|20005
11001|21.30|38.36|20006
11001|21.60|37.70|20007
11001|21.40|39.32|20008
11001|20.80|38.88|20009
11001|21.40|38.31|20010
11214|21.79|63.79|30597
11090|22.03|55.26|41024
11013|28.66|60.09|10517
11002|28.47|44.13|20141
11002|28.47|44.74|20142
11002|28.47|44.08|20143
11002|28.47|44.73|20144
11002|28.47|44.11|20145
11002|28.47|44.57|20146
11002|28.47|44.18|20147
11002|28.47|43.80|20148
11002|28.47|44.13|20149
11002|28.47|43.62|20150
11012|29.82|61.20|30504
11012|29.72|66.09|40512
11009|36.72|59.53|10459
11009|36.72|61.49|10460
11009|36.72|62.46|10461
11001|35.51|52.30|20021
11001|35.93|52.86|20022
11001|36.35|53.22|20023
11001|36.77|53.64|20024
11001|37.19|54.11|20025
11001|37.61|54.54|20026
11001|38.03|54.92|20027
11001|38.45|55.33|20028
11001|38.87|55.86|20029
11001|39.29|56.11|20030
11017|35.32|59.71|30557
11009|35.85|57.69|40471
11009|35.85|57.02|40472
11009|35.85|57.87|40473
11025|44.44|110.80|10637
11021|43.36|83.12|20599
11012|43.38|79.14|30510
11021|44.07|73.06|40595
11092|52.63|75.92|11091
11008|51.77|71.01|20431
11008|51.77|71.12|20432
11008|51.77|72.55|20433
11008|51.77|71.10|20434
11092|52.23|94.36|31090
11003|53.43|69.55|40224
11003|53.43|71.89|40225
11003|53.83|71.32|40226
11003|54.43|71.17|40227
11003|54.53|70.16|40228
11003|55.43|70.40|40229
11003|51.43|71.60|40230
11003|54.23|69.64|40231
11003|53.43|69.68|40232
11010|58.77|90.74|10480
