53.37
11003|5.28|28.66|10170
11003|5.28|27.69|10171
11003|5.28|26.79|10172
11003|6.08|27.37|10173
11003|6.08|30.02|10174
11003|6.08|31.14|10175
11005|5.03|20.40|20340
11005|5.03|20.25|20341
11005|5.03|20.56|20342
11005|5.03|20.50|20343
11005|5.03|20.12|20344
11002|5.67|19.69|30091
11002|5.67|19.73|30092
11002|5.67|19.27|30093
11002|5.67|19.78|30094
11002|5.67|19.74|30095
11002|5.07|20.96|30096
11002|5.07|20.70|30097
11005|5.39|25.41|40326
11005|5.39|24.20|40327
11005|5.39|26.43|40328
11005|5.39|26.25|40329
11005|5.39|28.46|40330
11007|13.24|42.73|10396
11007|13.24|39.37|10397
11007|13.24|50.26|10398
11007|13.24|47.39|10399
11006|12.99|33.37|20390
11006|12.99|32.78|20391
11006|12.99|33.84|20392
11006|12.99|33.39|20393
11010|13.59|46.89|30492
11010|13.59|46.16|30493
11003|13.64|37.90|40206
11003|13.64|38.07|40207
11003|13.64|37.79|40208
11003|13.64|37.92|40209
11003|13.64|37.78|40210
11003|15.14|37.63|40211
11002|20.89|36.30|10131
11002|20.89|36.54|10132
11002|20.89|34.90|10133
11002|20.89|36.18|10134
11002|20.89|34.40|10135
11002|20.89|34.11|10136
11002|20.89|34.86|10137
11010|20.21|53.37|20492
11010|20.21|53.14|20493
11003|20.68|43.99|30170
11003|20.68|43.03|30171
11003|20.68|42.14|30172
11003|21.48|42.14|30173
11003|21.48|44.52|30174
11003|21.48|45.83|30175
11010|20.22|47.64|40484
11010|20.22|46.41|40485
11002|28.33|44.21|10141
11002|28.33|44.57|10142
11002|28.33|43.99|10143
11002|28.33|44.60|10144
11002|28.33|43.93|10145
11002|28.33|44.35|10146
11002|28.33|44.00|10147
11002|28.58|44.14|20131
11002|28.58|39.06|20132
11002|28.58|42.58|20133
11002|28.58|43.35|20134
11002|28.58|42.13|20135
11002|28.58|41.48|20136
11002|28.58|42.60|20137
11002|28.62|44.30|30141
11002|28.62|44.83|30142
11002|28.62|44.31|30143
11002|28.62|44.75|30144
11002|28.62|44.24|30145
11002|28.62|44.65|30146
11002|28.62|44.31|30147
11004|28.26|49.34|40241
11004|28.26|49.15|40242
11004|28.26|48.49|40243
11004|28.26|48.72|40244
11004|28.26|48.90|40245
11004|28.26|49.88|40246
