104.08
33074|0.00|33.08|50467
33074|2.00|35.08|50467
33074|4.00|37.08|50467
33074|6.00|39.08|50467
33075|9.00|42.08|50467
33074|12.00|45.08|50467
33074|14.00|47.08|50467
33074|16.00|49.08|50467
33074|18.00|51.08|50467
33076|21.00|54.08|50467
33074|24.00|57.08|50467
33074|26.00|59.08|50467
33074|28.00|61.08|50467
33074|30.00|63.08|50467
34077|33.00|66.08|50467
33074|36.00|69.08|50467
33074|38.00|71.08|50467
33074|40.00|73.08|50467
33074|42.00|75.08|50467
33075|45.00|78.08|50467
33074|48.00|81.08|50467
33074|50.00|83.08|50467
33074|52.00|85.08|50467
33074|54.00|87.08|50467
33075|57.00|90.08|50467
33074|60.00|93.08|50467
33074|62.00|95.08|50467
33074|64.00|97.08|50467
33074|66.00|99.08|50467
33074|68.00|101.08|50467
33076|71.00|104.08|50467
33074|0.00|25.07|50468
33074|2.00|27.07|50468
33074|4.00|29.07|50468
33074|6.00|31.07|50468
33075|9.00|34.07|50468
33074|12.00|37.07|50468
33074|14.00|39.07|50468
33074|16.00|41.07|50468
33074|18.00|43.07|50468
33076|21.00|46.07|50468
33074|24.00|49.07|50468
33074|26.00|51.07|50468
33074|28.00|53.07|50468
33074|30.00|55.07|50468
34077|33.00|58.07|50468
33074|36.00|61.07|50468
33074|38.00|63.07|50468
33074|40.00|65.07|50468
33074|42.00|67.07|50468
33075|45.00|70.07|50468
33074|48.00|73.07|50468
33074|50.00|75.07|50468
33074|52.00|77.07|50468
33074|54.00|79.07|50468
33075|57.00|82.07|50468
33074|60.00|85.07|50468
33074|62.00|87.07|50468
33074|64.00|89.07|50468
33074|66.00|91.07|50468
33074|68.00|93.07|50468
33076|71.00|96.07|50468
33074|0.00|33.02|50469
33074|2.00|35.02|50469
33074|4.00|37.02|50469
33074|6.00|39.02|50469
33075|9.00|42.02|50469
33074|12.00|45.02|50469
33074|14.00|47.02|50469
33074|16.00|49.02|50469
33074|18.00|51.02|50469
33076|21.00|54.02|50469
33074|24.00|57.02|50469
33074|26.00|59.02|50469
33074|28.00|61.02|50469
33074|30.00|63.02|50469
34077|33.00|66.02|50469
33074|36.00|69.02|50469
33074|38.00|71.02|50469
33074|40.00|73.02|50469
33074|42.00|75.02|50469
33075|45.00|78.02|50469
33074|48.00|81.02|50469
33074|50.00|83.02|50469
33074|52.00|85.02|50469
33074|54.00|87.02|50469
33075|57.00|90.02|50469
33074|60.00|93.02|50469
33074|62.00|95.02|50469
33074|64.00|97.02|50469
33074|66.00|99.02|50469
33074|68.00|101.02|50469
33076|71.00|104.02|50469
33074|0.00|24.88|50470
33074|2.00|26.88|50470
33074|4.00|28.88|50470
33074|6.00|30.88|50470
33075|9.00|33.88|50470
33074|12.00|36.88|50470
33074|14.00|38.88|50470
33074|16.00|40.88|50470
33074|18.00|42.88|50470
33076|21.00|45.88|50470
33074|24.00|48.88|50470
33074|26.00|50.88|50470
33074|28.00|52.88|50470
33074|30.00|54.88|50470
34077|33.00|57.88|50470
33074|36.00|60.88|50470
33074|38.00|62.88|50470
33074|40.00|64.88|50470
33074|42.00|66.88|50470
33075|45.00|69.88|50470
33074|48.00|72.88|50470
33074|50.00|74.88|50470
33074|52.00|76.88|50470
33074|54.00|78.88|50470
33075|57.00|81.88|50470
33074|60.00|84.88|50470
33074|62.00|86.88|50470
33074|64.00|88.88|50470
33074|66.00|90.88|50470
33074|68.00|92.88|50470
33076|71.00|95.88|50470
