86.68
11016|5.32|32.95|10544
11001|5.24|26.48|20041
11001|5.24|26.36|20042
11001|5.24|26.08|20043
11001|5.24|26.60|20044
11001|5.24|27.23|20045
11001|5.24|26.69|20046
11001|5.24|26.22|20047
11001|5.24|26.47|20048
11001|5.24|25.83|20049
11001|5.24|27.24|20050
11002|5.60|21.19|30131
11002|5.60|20.87|30132
11002|5.60|19.65|30133
11002|5.60|20.65|30134
11002|5.60|18.95|30135
11002|5.60|18.64|30136
11002|5.60|19.72|30137
11002|5.60|20.03|30138
11002|5.60|18.99|30139
11002|5.60|18.07|30140
11016|4.68|37.47|40546
11008|12.37|31.61|10431
11008|12.37|31.70|10432
11008|12.37|33.35|10433
11008|12.37|31.73|10434
11214|11.12|49.74|20603
11013|11.41|42.99|30515
11012|11.72|37.31|40511
11012|18.56|56.51|10513
11009|19.32|41.18|20471
11009|19.32|40.47|20472
11009|19.32|41.69|20473
11011|18.69|53.10|30499
11013|18.48|45.59|40514
11008|25.43|41.01|10455
11008|25.43|40.98|10456
11008|25.43|38.30|10457
11008|25.43|36.82|10458
11021|24.89|54.11|20596
11013|24.42|51.76|30516
11003|23.94|49.93|40215
11003|23.94|50.14|40216
11003|23.94|50.79|40217
11003|23.94|50.06|40218
11003|23.94|50.29|40219
11003|23.94|50.55|40220
11003|23.94|50.56|40221
11003|23.94|52.28|40222
11003|23.94|52.35|40223
11004|31.61|53.07|10297
11004|31.61|53.03|10298
11004|31.61|53.77|10299
11004|31.61|53.79|10300
11004|31.61|53.35|10301
11004|31.61|52.57|10302
11004|31.61|52.12|10303
11004|31.61|54.39|10304
11013|30.02|57.09|20514
11008|30.48|49.19|30439
11008|30.48|49.25|30440
11008|30.48|49.03|30441
11008|30.48|50.07|30442
11004|29.65|47.64|40265
11004|29.65|47.18|40266
11004|29.65|47.87|40267
11004|29.65|48.28|40268
11004|29.65|48.97|40269
11004|29.65|48.81|40270
11004|29.65|48.42|40271
11004|29.65|47.75|40272
11017|36.23|70.22|10556
11004|36.13|57.15|20241
11004|36.13|57.38|20242
11004|36.13|56.73|20243
11004|36.13|56.94|20244
11004|36.13|57.00|20245
11004|36.13|57.76|20246
11004|36.13|58.95|20247
11004|36.13|58.70|20248
11011|36.24|62.99|30501
11010|36.35|63.77|40484
11011|41.87|84.70|10500
11002|41.96|57.52|20131
11002|41.96|52.44|20132
11002|41.96|55.96|20133
11002|41.96|56.73|20134
11002|41.96|55.51|20135
11002|41.96|54.86|20136
11002|41.96|55.98|20137
11002|41.96|56.45|20138
11002|41.96|55.52|20139
11002|41.96|54.58|20140
11090|43.38|59.67|31087
11009|41.74|60.68|40462
11009|42.94|61.80|40463
11009|44.14|63.09|40464
11008|49.90|78.59|10435
11008|49.90|78.27|10436
11008|49.90|70.82|10437
11008|49.90|73.93|10438
11004|49.47|64.55|20281
11004|49.47|64.69|20282
11004|49.47|65.46|20283
11004|49.47|66.01|20284
11004|49.47|66.05|20285
11004|49.47|65.09|20286
11004|49.47|65.38|20287
11004|49.47|65.59|20288
11017|49.97|83.51|30556
11004|50.31|67.91|40257
11004|50.91|68.55|40258
11004|51.51|69.20|40259
11004|52.11|69.76|40260
11004|52.71|70.32|40261
11004|53.31|70.96|40262
11004|53.91|71.52|40263
11004|54.51|72.13|40264
11020|56.83|78.06|10592
11003|56.39|82.38|20215
11003|56.39|82.55|20216
11003|56.39|83.19|20217
11003|56.39|82.59|20218
11003|56.39|82.84|20219
11003|56.39|82.96|20220
11003|56.39|83.04|20221
11003|56.39|84.68|20222
11003|56.39|84.77|20223
11013|56.85|84.19|30516
11214|56.00|85.33|40596
