61.66
11002|6.41|20.44|10091
11002|6.41|20.55|10092
11002|6.41|20.09|10093
11002|6.41|20.26|10094
11002|6.41|20.39|10095
11002|5.81|21.67|10096
11002|5.81|21.45|10097
11007|5.96|32.43|20416
11007|5.96|29.80|20417
11007|5.96|35.33|20418
11007|5.96|34.54|20419
11007|5.96|33.71|20420
11003|5.46|27.33|30197
11003|5.46|27.67|30198
11003|5.46|27.09|30199
11003|5.46|27.68|30200
11003|5.46|27.47|30201
11003|5.46|26.39|30202
11001|5.18|26.49|40041
11001|5.18|26.33|40042
11001|5.18|26.08|40043
11001|5.18|26.45|40044
11001|5.18|27.14|40045
11001|5.18|26.69|40046
11001|5.18|26.21|40047
11004|10.19|31.33|10241
11004|10.19|31.09|10242
11004|10.19|30.40|10243
11004|10.19|30.61|10244
11004|10.19|31.65|10245
11004|10.19|32.19|10246
11003|10.16|32.05|20197
11003|10.16|32.32|20198
11003|10.16|31.67|20199
11003|10.16|32.38|20200
11003|10.16|32.18|20201
11003|10.16|31.08|20202
11007|10.99|27.26|30426
11007|10.99|27.29|30427
11007|10.99|27.49|30428
11007|10.99|27.85|30429
11007|10.99|27.49|30430
11005|10.41|28.40|40312
11005|10.41|28.74|40313
11005|10.41|28.92|40314
11005|10.41|32.82|40315
11005|10.41|30.75|40316
11005|17.79|36.52|10333
11005|17.79|35.74|10334
11005|17.79|36.59|10335
11005|17.79|35.94|10336
11005|17.79|37.31|10337
11010|17.62|49.59|20480
11010|17.62|49.39|20481
11005|17.36|35.96|30333
11005|17.36|35.19|30334
11005|17.36|36.18|30335
11005|17.36|35.43|30336
11005|17.36|36.78|30337
11010|17.23|50.46|40492
11010|17.23|49.88|40493
11010|23.42|61.66|10488
11010|23.42|55.75|10489
11004|24.10|48.01|20249
11004|24.10|46.79|20250
11004|24.10|48.38|20251
11004|24.10|47.55|20252
11004|24.10|47.85|20253
11004|24.10|47.78|20254
11001|23.42|40.12|30021
11001|23.84|40.74|30022
11001|24.26|41.18|30023
11001|24.68|41.65|30024
11001|25.10|41.95|30025
11001|25.52|42.48|30026
11001|25.94|42.86|30027
11003|24.41|43.00|40161
11003|24.41|42.06|40162
11003|24.41|43.63|40163
11003|25.21|43.58|40164
11003|24.81|44.54|40165
11003|23.81|42.06|40166
