78.32
33074|0.00|32.17|50477
33074|2.00|34.17|50477
33074|4.00|36.17|50477
33074|6.00|38.17|50477
33074|8.00|40.17|50477
33075|11.00|43.17|50477
33074|14.00|46.17|50477
33074|16.00|48.17|50477
33074|18.00|50.17|50477
33074|20.00|52.17|50477
33074|22.00|54.17|50477
33076|25.00|57.17|50477
33074|28.00|60.17|50477
33074|30.00|62.17|50477
33074|32.00|64.17|50477
33074|34.00|66.17|50477
33074|36.00|68.17|50477
34077|39.00|71.17|50477
33074|42.00|74.17|50477
33074|44.00|76.17|50477
33074|46.00|78.17|50477
33074|0.00|32.32|50478
33074|2.00|34.32|50478
33074|4.00|36.32|50478
33074|6.00|38.32|50478
33074|8.00|40.32|50478
33075|11.00|43.32|50478
33074|14.00|46.32|50478
33074|16.00|48.32|50478
33074|18.00|50.32|50478
33074|20.00|52.32|50478
33074|22.00|54.32|50478
33076|25.00|57.32|50478
33074|28.00|60.32|50478
33074|30.00|62.32|50478
33074|32.00|64.32|50478
33074|34.00|66.32|50478
33074|36.00|68.32|50478
34077|39.00|71.32|50478
33074|42.00|74.32|50478
33074|44.00|76.32|50478
33074|46.00|78.32|50478
33074|0.00|24.88|50479
33074|2.00|26.88|50479
33074|4.00|28.88|50479
33074|6.00|30.88|50479
33074|8.00|32.88|50479
33075|11.00|35.88|50479
33074|14.00|38.88|50479
33074|16.00|40.88|50479
33074|18.00|42.88|50479
33074|20.00|44.88|50479
33074|22.00|46.88|50479
33076|25.00|49.88|50479
33074|28.00|52.88|50479
33074|30.00|54.88|50479
33074|32.00|56.88|50479
33074|34.00|58.88|50479
33074|36.00|60.88|50479
34077|39.00|63.88|50479
33074|42.00|66.88|50479
33074|44.00|68.88|50479
33074|46.00|70.88|50479
33074|0.00|24.76|50480
33074|2.00|26.76|50480
33074|4.00|28.76|50480
33074|6.00|30.76|50480
33074|8.00|32.76|50480
33075|11.00|35.76|50480
33074|14.00|38.76|50480
33074|16.00|40.76|50480
33074|18.00|42.76|50480
33074|20.00|44.76|50480
33074|22.00|46.76|50480
33076|25.00|49.76|50480
33074|28.00|52.76|50480
33074|30.00|54.76|50480
33074|32.00|56.76|50480
33074|34.00|58.76|50480
33074|36.00|60.76|50480
34077|39.00|63.76|50480
33074|42.00|66.76|50480
33074|44.00|68.76|50480
33074|46.00|70.76|50480
