75.21
33074|0.00|28.95|50481
33074|2.00|30.95|50481
33074|4.00|32.95|50481
33074|6.00|34.95|50481
33074|8.00|36.95|50481
33074|10.00|38.95|50481
33074|12.00|40.95|50481
33074|14.00|42.95|50481
33074|16.00|44.95|50481
33074|18.00|46.95|50481
33074|20.00|48.95|50481
33074|22.00|50.95|50481
33074|24.00|52.95|50481
33074|26.00|54.95|50481
33074|28.00|56.95|50481
33074|30.00|58.95|50481
33074|32.00|60.95|50481
33074|34.00|62.95|50481
33074|36.00|64.95|50481
33074|38.00|66.95|50481
33074|40.00|68.95|50481
33074|42.00|70.95|50481
33074|44.00|72.95|50481
33074|46.00|74.95|50481
33074|0.00|29.21|50482
33074|2.00|31.21|50482
33074|4.00|33.21|50482
33074|6.00|35.21|50482
33074|8.00|37.21|50482
33074|10.00|39.21|50482
33074|12.00|41.21|50482
33074|14.00|43.21|50482
33074|16.00|45.21|50482
33074|18.00|47.21|50482
33074|20.00|49.21|50482
33074|22.00|51.21|50482
33074|24.00|53.21|50482
33074|26.00|55.21|50482
33074|28.00|57.21|50482
33074|30.00|59.21|50482
33074|32.00|61.21|50482
33074|34.00|63.21|50482
33074|36.00|65.21|50482
33074|38.00|67.21|50482
33074|40.00|69.21|50482
33074|42.00|71.21|50482
33074|44.00|73.21|50482
33074|46.00|75.21|50482
33076|0.00|33.21|50483
33075|4.00|37.21|50483
33075|8.00|41.21|50483
33075|12.00|45.21|50483
34077|16.00|49.21|50483
33075|20.00|53.21|50483
33076|24.00|57.21|50483
33075|28.00|61.21|50483
34077|32.00|65.21|50483
33075|36.00|69.21|50483
