110.81
11015|4.80|31.06|10537
11092|5.45|43.07|21001
11005|4.88|24.78|30305
11005|4.88|24.68|30306
11005|4.88|24.77|30307
11005|4.88|24.96|30308
11005|4.88|25.20|30309
11005|4.88|24.57|30310
11005|4.88|24.11|30311
11214|5.92|44.31|40603
11214|12.00|44.31|10601
11010|12.59|42.25|20482
11092|11.47|89.73|31088
11085|13.53|30.58|41051
11085|13.03|30.61|41047
11085|13.53|30.14|41050
11085|13.03|29.90|41048
11085|13.33|30.40|41049
11085|14.03|30.90|41048
11085|13.83|31.41|41047
11017|18.12|66.19|10561
11004|18.95|38.52|20289
11004|18.95|40.08|20290
11004|18.95|36.91|20291
11004|18.95|35.11|20292
11004|18.95|38.08|20293
11004|18.95|38.27|20294
11004|18.95|36.36|20295
11004|18.95|38.22|20296
11024|18.16|55.48|30624
11024|19.34|51.87|40627
11015|25.57|51.83|10537
11025|26.18|72.35|20639
11004|26.43|47.75|30297
11004|26.43|47.92|30298
11004|26.43|48.55|30299
11004|26.43|48.67|30300
11004|26.43|48.06|30301
11004|26.43|47.49|30302
11004|26.43|46.82|30303
11004|26.43|49.53|30304
11024|26.20|77.85|40630
11017|30.93|81.48|10562
11025|31.60|64.85|20634
11010|30.59|51.50|30486
11085|31.93|50.74|41052
11085|31.63|50.45|41053
11085|32.13|49.63|41054
11085|31.63|53.27|41055
11085|32.13|50.57|41056
11085|32.43|51.24|41052
11085|32.63|51.07|41056
11085|32.63|50.13|41054
11006|36.97|55.75|10372
11006|36.97|55.91|10373
11006|36.97|56.28|10374
11006|36.97|56.36|10375
11006|36.97|55.30|10376
11006|36.97|55.62|10377
11021|37.93|66.92|20595
11004|37.57|55.24|30257
11004|38.17|55.72|30258
11004|38.77|56.39|30259
11004|39.37|57.06|30260
11004|39.97|57.58|30261
11004|40.57|58.19|30262
11004|41.17|58.78|30263
11004|41.77|59.34|30264
11003|37.23|61.49|40206
11003|37.23|61.66|40207
11003|37.23|61.38|40208
11003|37.23|61.51|40209
11003|37.23|61.37|40210
11003|38.73|61.22|40211
11003|38.73|61.39|40212
11003|38.73|61.53|40213
11003|38.73|61.25|40214
11025|42.19|75.32|10634
11002|41.98|70.00|20081
11002|42.23|70.33|20082
11002|42.28|70.35|20083
11002|42.48|70.33|20084
11002|41.98|72.03|20085
11002|42.98|71.62|20086
11002|43.58|72.34|20087
11002|43.58|71.83|20088
11002|43.58|71.69|20089
11002|43.58|70.85|20090
11027|43.83|83.65|30599
11006|43.32|63.97|40384
11006|44.02|64.79|40385
11006|44.72|65.45|40386
11006|45.42|66.14|40387
11006|46.12|66.79|40388
11006|46.82|67.53|40389
11006|50.07|70.32|10360
11006|50.07|70.05|10361
11006|50.07|70.75|10362
11006|50.07|69.86|10363
11006|50.07|69.22|10364
11006|50.07|69.14|10365
11214|50.21|82.65|20601
11010|51.30|78.67|30484
11017|49.85|102.78|40563
11008|55.36|70.94|10455
11008|55.36|70.91|10456
11008|55.36|68.23|10457
11008|55.36|66.75|10458
11021|56.76|85.75|20595
11024|56.12|92.41|30625
11026|56.49|110.81|40649
