112.24
11005|1.26|19.99|10333
11005|1.26|19.21|10334
11005|1.26|20.06|10335
11005|1.26|19.41|10336
11005|1.26|20.78|10337
11005|1.26|21.01|10338
11005|1.26|20.10|10339
11014|0.72|22.56|20531
11004|0.70|21.07|30241
11004|0.70|21.26|30242
11004|0.70|20.58|30243
11004|0.70|20.75|30244
11004|0.70|21.32|30245
11004|0.70|21.73|30246
11004|0.70|22.27|30247
11004|0.70|23.23|30248
11001|3.14|19.65|40061
11001|3.14|20.33|40062
11001|3.14|19.17|40063
11001|3.14|18.66|40064
11001|3.14|19.77|40065
11001|2.09|21.21|40066
11001|2.39|19.84|40067
11001|2.39|20.38|40068
11001|2.09|20.85|40069
11001|2.39|19.97|40070
11006|5.93|24.63|10366
11006|5.93|24.17|10367
11006|5.93|24.32|10368
11006|5.93|24.69|10369
11006|5.93|24.21|10370
11006|5.93|24.00|10371
11018|4.98|39.27|20570
11009|5.92|27.79|30471
11009|5.92|27.04|30472
11009|5.92|28.05|30473
11023|5.80|30.69|40617
11010|10.35|34.89|10490
11010|10.35|40.99|10491
11008|10.66|39.92|20435
11008|10.66|39.03|20436
11008|10.66|31.63|20437
11008|10.66|35.60|20438
11016|10.76|50.18|30552
11008|9.94|24.55|40443
11008|9.94|23.51|40444
11008|9.94|25.30|40445
11008|9.94|24.36|40446
11008|14.87|29.48|10443
11008|14.87|28.43|10444
11008|14.87|30.30|10445
11008|14.87|29.27|10446
11008|12.93|32.55|20451
11008|12.93|31.57|20452
11008|12.93|31.04|20453
11008|12.93|31.71|20454
11005|14.28|34.29|30326
11005|14.28|33.00|30327
11005|14.28|34.88|30328
11005|14.28|35.38|30329
11005|14.28|37.30|30330
11005|14.28|36.10|30331
11005|14.28|33.81|30332
11001|13.83|35.14|40041
11001|13.83|34.98|40042
11001|13.83|34.73|40043
11001|13.83|35.10|40044
11001|13.83|35.79|40045
11001|13.83|35.34|40046
11001|13.83|34.86|40047
11001|13.83|35.16|40048
11001|13.83|34.40|40049
11001|13.83|35.79|40050
11003|18.65|37.23|10161
11003|18.65|36.47|10162
11003|18.65|37.80|10163
11003|19.45|37.68|10164
11003|19.05|38.83|10165
11003|18.05|36.28|10166
11003|18.05|36.16|10167
11003|18.05|38.44|10168
11003|18.05|38.22|10169
11001|18.02|34.36|20031
11001|18.02|34.43|20032
11001|18.02|34.25|20033
11001|18.02|34.12|20034
11001|18.02|34.80|20035
11001|18.02|34.00|20036
11001|18.02|33.39|20037
11001|18.02|34.05|20038
11001|18.02|34.45|20039
11001|18.02|34.01|20040
11001|17.44|33.55|30051
11001|17.44|30.79|30052
11001|17.44|29.77|30053
11001|17.44|31.02|30054
11001|17.44|30.95|30055
11001|17.44|30.55|30056
11001|17.44|30.24|30057
11001|17.44|29.56|30058
11001|17.44|31.62|30059
11001|17.44|31.60|30060
11003|19.20|37.79|40161
11003|19.20|36.85|40162
11003|19.20|38.42|40163
11003|20.00|38.37|40164
11003|19.60|39.33|40165
11003|18.60|36.85|40166
11003|18.60|36.72|40167
11003|18.60|38.89|40168
11003|18.60|38.80|40169
11022|22.01|62.29|10613
11007|22.08|42.36|20421
11007|22.08|41.77|20422
11007|22.08|41.19|20423
11007|22.08|40.58|20424
11007|22.08|40.73|20425
11011|22.42|50.45|30495
11016|22.51|61.59|40552
11016|25.21|62.76|10547
11018|26.53|65.45|20569
11012|26.02|61.78|30510
11001|25.85|47.16|40041
11001|25.85|47.00|40042
11001|25.85|46.75|40043
11001|25.85|47.12|40044
11001|25.85|47.81|40045
11001|25.85|47.36|40046
11001|25.85|46.88|40047
11001|25.85|47.18|40048
11001|25.85|46.42|40049
11001|25.85|47.81|40050
11016|30.70|58.33|10544
11005|29.07|47.34|20312
11005|29.07|47.71|20313
11005|29.07|47.64|20314
11005|29.07|52.64|20315
11005|29.07|49.97|20316
11005|29.07|47.71|20317
11005|29.07|47.27|20318
11015|30.28|62.85|30539
11024|29.67|81.32|40630
11009|34.71|57.52|10459
11009|34.71|59.48|10460
11009|34.71|60.45|10461
11026|33.00|112.24|20645
11006|32.99|53.71|30384
11006|33.69|54.46|30385
11006|34.39|55.15|30386
11006|35.09|55.80|30387
11006|35.79|56.49|30388
11006|36.49|57.23|30389
14009|34.96|56.05|40671
11010|38.06|59.00|10486
11010|38.06|65.47|10487
14024|38.31|69.30|20915
11020|37.76|52.05|30592
11012|36.98|70.21|40505
11023|41.05|64.69|10616
11006|42.96|61.72|20372
11006|42.96|61.87|20373
11006|42.96|62.21|20374
11006|42.96|62.38|20375
11006|42.96|61.31|20376
11006|42.96|61.59|20377
14020|41.26|95.04|30735
11021|42.81|77.85|40598
11009|45.72|61.71|10474
11009|45.72|60.13|10475
11009|45.72|63.66|10476
11012|45.95|81.75|20510
11015|45.97|76.02|30543
11008|45.31|61.05|40455
11008|45.31|60.73|40456
11008|45.31|58.05|40457
11008|45.31|56.81|40458
11001|50.32|67.55|10001
11001|51.12|67.98|10002
11001|51.22|67.73|10003
11001|51.02|68.95|10004
11001|50.92|68.47|10005
11001|50.82|67.87|10006
11001|51.12|67.25|10007
11001|50.92|68.88|10008
11001|50.32|68.23|10009
11001|50.92|67.87|10010
11005|51.20|66.57|20340
11005|51.20|66.42|20341
11005|51.20|66.73|20342
11005|51.20|66.67|20343
11005|51.20|66.29|20344
11005|51.20|66.59|20345
11005|51.20|66.98|20346
11005|50.26|70.27|30326
11005|50.26|68.98|30327
11005|50.26|70.86|30328
11005|50.26|71.36|30329
11005|50.26|73.28|30330
11005|50.26|72.08|30331
11005|50.26|69.79|30332
11003|50.28|74.54|40206
11003|50.28|74.71|40207
11003|50.28|74.43|40208
11003|50.28|74.56|40209
11003|50.28|74.42|40210
11003|51.78|74.27|40211
11003|51.78|74.44|40212
11003|51.78|74.58|40213
11003|51.78|74.30|40214
11001|54.30|71.42|10021
11001|54.72|71.64|10022
11001|55.14|72.12|10023
11001|55.56|72.48|10024
11001|55.98|72.87|10025
11001|56.40|73.32|10026
11001|56.82|73.76|10027
11001|57.24|74.20|10028
11001|57.66|74.56|10029
11001|58.08|75.19|10030
11002|54.97|75.02|20101
11002|54.97|73.92|20102
11002|54.97|74.29|20103
11002|54.97|74.58|20104
11002|54.97|73.88|20105
11002|54.97|74.89|20106
11002|54.97|71.62|20107
11002|54.97|74.58|20108
11002|54.97|73.12|20109
11002|54.97|73.80|20110
11014|54.48|83.37|30526
11021|54.64|91.72|40602
11011|57.67|89.96|10503
11004|58.22|79.71|20297
11004|58.22|79.73|20298
11004|58.22|80.43|20299
11004|58.22|80.50|20300
11004|58.22|80.18|20301
11004|58.22|79.33|20302
11004|58.22|78.64|20303
11004|58.22|81.09|20304
11006|58.02|76.77|30366
11006|58.02|76.09|30367
11006|58.02|76.31|30368
11006|58.02|76.72|30369
11006|58.02|76.57|30370
11006|58.02|76.13|30371
11013|59.07|104.80|40522
