130.88
11018|6.79|41.32|10566
11002|7.64|26.62|20111
11002|7.64|26.21|20112
11002|7.64|26.05|20113
11002|7.64|26.54|20114
11002|7.64|26.75|20115
11002|7.64|26.14|20116
11002|7.04|27.30|20117
11002|7.04|26.60|20118
11002|7.04|27.84|20119
11002|7.04|27.07|20120
11214|6.77|35.76|30595
11002|6.40|20.34|40151
11002|6.40|19.37|40152
11002|6.40|21.07|40153
11002|6.40|21.76|40154
11002|6.40|19.77|40155
11002|6.40|20.25|40156
11002|6.40|20.47|40157
11002|6.40|19.88|40158
11002|6.40|21.32|40159
11002|6.40|19.03|40160
11017|14.56|42.54|10555
11010|13.08|46.24|20492
11021|14.85|53.21|30603
11008|14.64|33.30|40447
11008|14.64|35.10|40448
11008|14.64|34.65|40449
11008|14.64|34.53|40450
11090|21.33|37.60|11087
11004|21.91|45.82|20249
11004|21.91|44.60|20250
11004|21.91|46.19|20251
11004|21.91|45.36|20252
11004|21.91|45.66|20253
11004|21.91|45.59|20254
11004|21.91|45.48|20255
11004|21.91|46.40|20256
11010|21.54|46.23|30490
11004|22.48|40.08|40257
11004|23.08|40.72|40258
11004|23.68|41.37|40259
11004|24.28|41.93|40260
11004|24.88|42.49|40261
11004|25.48|43.13|40262
11004|26.08|43.69|40263
11004|26.68|44.30|40264
11017|29.94|78.01|10561
11090|28.89|51.35|21025
11013|29.44|56.78|30516
11008|28.87|48.36|40451
11008|28.87|47.50|40452
11008|28.87|46.96|40453
11008|28.87|47.58|40454
11004|37.83|57.30|10289
11004|37.83|58.51|10290
11004|37.83|55.79|10291
11004|37.83|54.06|10292
11004|37.83|57.01|10293
11004|37.83|57.12|10294
11004|37.83|55.26|10295
11004|37.83|57.11|10296
11021|38.39|78.15|20599
11090|38.46|57.74|31085
11004|37.78|57.28|40289
11004|37.78|58.72|40290
11004|37.78|55.71|40291
11004|37.78|54.04|40292
11004|37.78|56.88|40293
11004|37.78|57.07|40294
11004|37.78|55.21|40295
11004|37.78|57.01|40296
11018|44.00|84.83|10572
11092|44.45|67.84|21091
11012|45.09|76.47|30504
11092|44.93|89.73|41003
11012|51.51|84.19|10505
11090|51.99|71.39|21031
11011|52.70|89.42|30496
11092|52.61|130.88|41088
11090|59.87|79.28|11031
