52.53
11001|5.62|22.85|10001
11001|6.42|23.28|10002
11001|6.52|23.03|10003
11001|6.32|24.25|10004
11001|6.22|23.77|10005
11001|6.12|23.17|10006
11001|6.42|22.55|10007
11007|5.67|21.96|20426
11007|5.67|22.00|20427
11007|5.67|22.34|20428
11007|5.67|22.53|20429
11001|5.90|27.21|40041
11001|5.90|27.05|40042
11001|5.90|26.80|40043
11001|5.90|27.17|40044
11001|5.90|27.86|40045
11001|5.90|27.41|40046
11001|5.90|26.93|40047
11001|13.07|34.31|20041
11001|13.07|34.19|20042
11001|13.07|33.91|20043
11001|13.07|34.43|20044
11001|13.07|35.06|20045
11001|13.07|34.52|20046
11001|13.07|34.05|20047
11007|12.46|28.73|30426
11007|12.46|28.76|30427
11007|12.46|28.96|30428
11007|12.46|29.32|30429
11007|12.61|39.05|40416
11007|12.61|36.36|40417
11007|12.61|43.05|40418
11007|12.61|41.02|40419
11001|18.42|36.52|10011
11001|18.32|36.45|10012
11001|18.42|36.44|10013
11001|18.42|36.80|10014
11001|18.42|36.14|10015
11001|18.42|36.87|10016
11001|18.92|35.49|10017
11001|19.22|35.62|10018
11001|18.92|35.67|10019
11001|18.92|35.53|10020
11001|19.24|36.51|20001
11001|20.04|36.89|20002
11001|20.14|36.75|20003
11001|19.94|37.88|20004
11007|18.84|45.65|30416
11007|18.84|42.55|30417
11007|18.84|49.32|30418
11007|18.84|47.24|30419
11007|18.88|38.73|40411
11007|18.88|38.77|40412
11007|18.88|37.88|40413
11007|18.88|39.42|40414
11007|26.65|42.94|20426
11007|26.65|42.98|20427
11007|26.65|43.32|20428
11007|26.65|43.51|20429
11001|26.79|48.09|30041
11001|26.79|47.99|30042
11001|26.79|47.70|30043
11001|26.79|48.08|30044
11001|26.79|48.65|30045
11001|26.79|48.31|30046
11001|26.79|47.74|30047
11007|26.28|50.14|40401
11007|26.28|52.53|40402
11007|26.28|51.75|40403
11007|26.28|51.72|40404
