117.40
11008|4.81|23.78|10439
11008|4.81|23.62|10440
11008|4.81|23.43|10441
11008|4.81|24.01|10442
11021|6.56|46.32|20599
11004|5.39|24.92|30289
11004|5.39|26.21|30290
11004|5.39|23.27|30291
11004|5.39|21.56|30292
11004|5.39|24.57|30293
11004|5.39|24.71|30294
11004|5.39|22.77|30295
11004|5.39|24.60|30296
11092|6.12|28.76|41089
11018|12.00|50.41|10573
11090|12.17|31.57|21031
11092|11.28|34.89|31089
11003|10.41|36.40|40215
11003|10.41|36.61|40216
11003|10.41|37.26|40217
11003|10.41|36.53|40218
11003|10.41|36.76|40219
11003|10.41|37.02|40220
11003|10.41|37.03|40221
11003|10.41|38.75|40222
11003|10.41|38.82|40223
11092|17.16|62.51|11003
11008|17.23|36.85|20451
11008|17.23|35.87|20452
11008|17.23|35.34|20453
11008|17.23|36.01|20454
11002|19.48|38.41|30111
11002|19.48|38.01|30112
11002|19.48|37.73|30113
11002|19.48|38.28|30114
11002|19.48|38.55|30115
11002|19.48|37.90|30116
11002|18.88|39.87|30117
11002|18.88|38.35|30118
11002|18.88|40.37|30119
11002|18.88|38.89|30120
11003|18.61|42.87|40206
11003|18.61|43.04|40207
11003|18.61|42.76|40208
11003|18.61|42.89|40209
11003|18.61|42.75|40210
11003|20.11|42.60|40211
11003|20.11|42.77|40212
11003|20.11|42.91|40213
11003|20.11|42.63|40214
11017|24.29|59.99|10559
11002|24.06|39.72|20141
11002|24.06|40.33|20142
11002|24.06|39.67|20143
11002|24.06|40.32|20144
11002|24.06|39.70|20145
11002|24.06|40.16|20146
11002|24.06|39.77|20147
11002|24.06|39.39|20148
11002|24.06|39.72|20149
11002|24.06|39.21|20150
11025|24.33|70.68|30639
11013|24.48|56.49|40523
11025|29.89|80.41|10641
11016|31.13|58.70|20544
11021|30.45|62.69|30601
11001|32.00|48.51|40061
11001|32.00|49.19|40062
11001|32.00|48.03|40063
11001|32.00|47.52|40064
11001|32.00|48.63|40065
11001|30.95|50.07|40066
11001|31.25|48.70|40067
11001|31.25|49.24|40068
11001|30.95|49.71|40069
11001|31.25|48.83|40070
11001|36.88|54.00|10021
11001|37.30|54.22|10022
11001|37.72|54.70|10023
11001|38.14|55.06|10024
11001|38.56|55.45|10025
11001|38.98|55.90|10026
11001|39.40|56.34|10027
11001|39.82|56.78|10028
11001|40.24|57.14|10029
11001|40.66|57.77|10030
11018|37.28|70.19|20568
11010|36.83|68.53|30480
11214|37.72|77.49|40599
11021|43.92|76.23|10601
11025|43.49|117.40|20635
11011|42.63|68.04|30497
11001|44.39|65.70|40041
11001|44.39|65.54|40042
11001|44.39|65.29|40043
11001|44.39|65.66|40044
11001|44.39|66.35|40045
11001|44.39|65.90|40046
11001|44.39|65.42|40047
11001|44.39|65.72|40048
11001|44.39|64.96|40049
11001|44.39|66.35|40050
11016|50.75|90.50|10552
11004|49.89|67.56|20257
11004|50.49|68.10|20258
11004|51.09|68.74|20259
11004|51.69|69.30|20260
11004|52.29|69.90|20261
11004|52.89|70.55|20262
11004|53.49|71.12|20263
11004|54.09|71.75|20264
11012|51.09|86.22|30508
11011|49.66|82.70|40498
11012|57.92|85.54|10509
11090|57.75|73.99|21086
11004|57.12|72.23|30273
11004|57.12|72.52|30274
11004|57.12|72.95|30275
11004|57.12|72.70|30276
11004|57.12|72.82|30277
11004|57.12|73.37|30278
11004|57.12|73.07|30279
11004|57.12|73.38|30280
11025|57.26|90.37|40634
