97.77
11090|5.16|24.57|11031
11009|5.42|29.31|20465
11009|5.42|35.34|20466
11009|5.42|27.48|20467
11016|6.26|36.46|30549
11009|6.23|22.26|40474
11009|6.23|20.71|40475
11009|6.23|23.92|40476
11013|11.21|44.26|10518
11002|11.70|25.68|20151
11002|11.70|24.55|20152
11002|11.70|26.36|20153
11002|11.70|27.03|20154
11002|11.70|24.95|20155
11002|11.70|25.66|20156
11002|11.70|25.62|20157
11002|11.70|25.35|20158
11002|11.70|26.53|20159
11002|11.70|24.34|20160
11013|11.44|34.75|30521
11010|11.32|36.20|40490
11001|18.48|35.71|10001
11001|19.28|36.14|10002
11001|19.38|35.89|10003
11001|19.18|37.11|10004
11001|19.08|36.63|10005
11001|18.98|36.03|10006
11001|19.28|35.41|10007
11001|19.08|37.04|10008
11001|18.48|36.39|10009
11001|19.08|36.03|10010
11008|19.14|34.70|20455
11008|19.14|34.32|20456
11008|19.14|31.97|20457
11008|19.14|30.62|20458
11010|18.45|56.91|30488
11004|19.19|40.60|40297
11004|19.19|40.61|40298
11004|19.19|41.37|40299
11004|19.19|41.48|40300
11004|19.19|41.09|40301
11004|19.19|40.28|40302
11004|19.19|39.60|40303
11004|19.19|42.35|40304
11020|25.58|46.81|10592
11025|25.05|81.30|20638
11017|25.84|79.21|30563
11010|25.35|52.77|40484
11015|31.14|79.80|10541
11001|32.21|50.19|20011
11001|32.11|50.26|20012
11001|32.21|49.89|20013
11001|32.21|50.58|20014
11001|32.21|49.95|20015
11001|32.21|50.49|20016
11001|32.71|49.26|20017
11001|33.01|49.52|20018
11001|32.71|49.55|20019
11001|32.71|49.47|20020
11003|32.57|51.26|30161
11003|32.57|50.47|30162
11003|32.57|51.75|30163
11003|33.37|51.72|30164
11003|32.97|52.82|30165
11003|31.97|50.23|30166
11003|31.97|50.30|30167
11003|31.97|52.17|30168
11003|31.97|51.95|30169
11009|30.48|52.32|40471
11009|30.48|51.65|40472
11009|30.48|52.50|40473
11214|38.14|73.29|10598
11015|37.59|63.08|20536
11003|39.01|63.29|30206
11003|39.01|63.44|30207
11003|39.01|63.14|30208
11003|39.01|63.41|30209
11003|39.01|62.95|30210
11003|40.51|63.00|30211
11003|40.51|63.20|30212
11003|40.51|63.43|30213
11003|40.51|63.21|30214
11214|37.68|70.36|40601
11090|45.94|68.61|11025
11008|44.78|74.04|20435
11008|44.78|73.15|20436
11008|44.78|65.75|20437
11008|44.78|69.72|20438
11025|45.21|91.56|30639
11011|45.24|88.79|40502
11008|51.34|80.03|10435
11008|51.34|79.71|10436
11008|51.34|72.26|10437
11008|51.34|75.37|10438
11092|52.22|89.84|21001
11004|51.75|73.02|30233
11004|51.75|72.52|30234
11004|51.75|72.82|30235
11004|51.75|72.50|30236
11004|51.75|72.83|30237
11004|51.75|72.71|30238
11004|51.75|73.04|30239
11004|51.75|73.10|30240
11002|51.70|66.96|40131
11002|51.70|67.29|40132
11002|51.70|65.61|40133
11002|51.70|66.69|40134
11002|51.70|65.04|40135
11002|51.70|64.63|40136
11002|51.70|65.98|40137
11002|51.70|66.51|40138
11002|51.70|65.09|40139
11002|51.70|64.57|40140
11010|58.37|91.55|10492
11020|58.52|73.01|20591
11008|57.94|76.65|30439
11008|57.94|76.71|30440
11008|57.94|76.49|30441
11008|57.94|77.53|30442
11010|58.54|85.96|40484
