102.06
11090|5.34|24.75|11031
11026|5.88|45.75|20646
11020|5.26|25.31|30586
11024|5.60|42.95|40624
11017|12.13|43.77|10554
11020|11.12|25.61|20591
11016|12.51|51.68|30547
11002|11.59|27.47|40141
11002|11.59|27.69|40142
11002|11.59|27.24|40143
11002|11.59|27.85|40144
11002|11.59|27.22|40145
11002|11.59|27.10|40146
11002|11.59|27.31|40147
11002|11.59|26.93|40148
11002|11.59|27.04|40149
11002|11.59|26.59|40150
11004|17.54|35.32|10257
11004|18.14|35.77|10258
11004|18.74|36.34|10259
11004|19.34|36.93|10260
11004|19.94|37.59|10261
11004|20.54|38.19|10262
11004|21.14|38.78|10263
11004|21.74|39.38|10264
11016|16.83|53.09|20550
11017|17.44|45.53|30555
11011|17.91|50.16|40503
11015|23.68|48.85|10536
11017|24.08|72.18|20561
11001|23.82|42.02|30011
11001|23.72|41.98|30012
11001|23.82|41.62|30013
11001|23.82|42.04|30014
11001|23.82|41.81|30015
11001|23.82|42.24|30016
11001|24.32|41.03|30017
11001|24.62|41.05|30018
11001|24.32|41.11|30019
11001|24.32|40.99|30020
11011|23.25|53.71|40494
11018|30.70|64.90|10570
11016|29.57|60.13|20545
11010|30.08|68.54|30488
11092|30.30|67.89|41001
11010|37.17|61.71|10490
11004|37.91|58.93|20241
11004|37.91|59.16|20242
11004|37.91|58.51|20243
11004|37.91|58.72|20244
11004|37.91|58.78|20245
11004|37.91|59.54|20246
11004|37.91|60.73|20247
11004|37.91|60.48|20248
11015|37.17|63.46|30537
11002|38.36|52.30|40151
11002|38.36|51.33|40152
11002|38.36|53.03|40153
11002|38.36|53.72|40154
11002|38.36|51.73|40155
11002|38.36|52.21|40156
11002|38.36|52.43|40157
11002|38.36|51.84|40158
11002|38.36|53.28|40159
11002|38.36|50.99|40160
11003|42.13|68.06|10215
11003|42.13|68.30|10216
11003|42.13|68.96|10217
11003|42.13|68.30|10218
11003|42.13|68.45|10219
11003|42.13|68.77|10220
11003|42.13|68.81|10221
11003|42.13|70.26|10222
11003|42.13|70.40|10223
11011|43.84|74.41|20494
11012|43.23|68.93|30511
11021|43.00|75.68|40601
11010|49.41|79.03|10482
11011|49.47|76.30|20501
11013|50.37|91.04|30519
11017|49.13|102.06|40563
11012|56.24|83.86|10509
11004|56.45|74.65|20265
11004|56.45|74.30|20266
11004|56.45|74.88|20267
11004|56.45|75.33|20268
11004|56.45|75.78|20269
11004|56.45|75.54|20270
11004|56.45|75.20|20271
11004|56.45|74.80|20272
11011|56.37|99.63|30502
11016|56.02|85.86|40548
