106.39
11002|1.99|20.79|10111
11002|1.99|20.42|10112
11002|1.99|20.25|10113
11002|1.99|21.18|10114
11002|1.99|21.41|10115
11002|1.99|20.38|10116
11002|1.39|21.95|10117
11002|1.39|20.92|10118
11002|1.39|22.03|10119
11002|1.39|21.46|10120
11020|1.64|25.15|20588
11025|0.78|36.73|30636
11005|2.06|22.08|40326
11005|2.06|20.87|40327
11005|2.06|23.10|40328
11005|2.06|22.92|40329
11005|2.06|25.13|40330
11005|2.06|23.74|40331
11005|2.06|21.18|40332
11002|6.54|20.72|10151
11002|6.54|18.95|10152
11002|6.54|21.30|10153
11002|6.54|21.80|10154
11002|6.54|19.47|10155
11002|6.54|20.44|10156
11002|6.54|20.50|10157
11002|6.54|20.06|10158
11002|6.54|21.39|10159
11002|6.54|19.08|10160
11010|6.20|27.24|20486
11010|6.20|33.73|20487
11011|6.45|51.20|30500
11001|6.16|29.37|40071
11001|6.16|29.06|40072
11001|6.16|28.89|40073
11001|6.16|28.36|40074
11001|6.16|28.82|40075
11001|6.16|28.55|40076
11001|6.56|28.16|40077
11001|6.36|27.08|40078
11001|6.16|25.88|40079
11001|6.96|27.31|40080
11004|9.46|33.37|10249
11004|9.46|32.15|10250
11004|9.46|33.74|10251
11004|9.46|32.91|10252
11004|9.46|33.21|10253
11004|9.46|33.14|10254
11004|9.46|33.03|10255
11004|9.46|33.95|10256
11005|8.88|28.81|20305
11005|8.88|28.62|20306
11005|8.88|28.81|20307
11005|8.88|28.93|20308
11005|8.88|29.28|20309
11005|8.88|28.63|20310
11005|8.88|27.95|20311
11015|9.11|33.47|30534
11021|8.68|51.86|40600
11014|13.19|45.56|10532
11003|13.26|36.59|20170
11003|13.26|35.69|20171
11003|13.26|34.76|20172
11003|14.06|35.23|20173
11003|14.06|38.18|20174
11003|14.06|39.90|20175
11003|14.06|40.42|20176
11003|13.26|38.74|20177
11003|14.36|39.00|20178
11012|14.52|65.11|30507
11006|13.12|33.33|40390
11006|13.12|32.75|40391
11006|13.12|33.81|40392
11006|13.12|33.56|40393
11006|13.12|32.51|40394
11006|13.12|32.90|40395
11006|17.95|43.79|10354
11006|17.95|43.07|10355
11006|17.95|43.63|10356
11006|17.95|42.80|10357
11006|17.95|44.15|10358
11006|17.95|43.71|10359
11003|17.39|36.23|20161
11003|17.39|35.27|20162
11003|17.39|36.75|20163
11003|18.19|36.46|20164
11003|17.79|37.50|20165
11003|16.79|35.04|20166
11003|16.79|34.92|20167
11003|16.79|36.88|20168
11003|16.79|36.88|20169
11002|16.95|32.63|30141
11002|16.95|33.16|30142
11002|16.95|32.64|30143
11002|16.95|33.08|30144
11002|16.95|32.57|30145
11002|16.95|32.98|30146
11002|16.95|32.64|30147
11002|16.95|32.29|30148
11002|16.95|32.49|30149
11002|16.95|32.09|30150
11009|17.57|41.77|40465
11009|17.57|46.24|40466
11009|17.57|33.15|40467
11010|21.09|53.06|10480
11010|21.09|52.86|10481
11007|20.99|41.08|20406
11007|20.99|41.20|20407
11007|20.99|40.60|20408
11007|20.99|40.39|20409
11007|20.99|40.43|20410
11002|21.27|36.86|30131
11002|21.27|36.54|30132
11002|21.27|35.32|30133
11002|21.27|36.32|30134
11002|21.27|34.62|30135
11002|21.27|34.31|30136
11002|21.27|35.39|30137
11002|21.27|35.70|30138
11002|21.27|34.66|30139
11002|21.27|33.74|30140
11001|22.01|45.22|40071
11001|22.01|44.91|40072
11001|22.01|44.74|40073
11001|22.01|44.21|40074
11001|22.01|44.67|40075
11001|22.01|44.40|40076
11001|22.41|44.01|40077
11001|22.21|42.93|40078
11001|22.01|41.73|40079
11001|22.81|43.16|40080
11008|24.82|44.28|10451
11008|24.82|43.42|10452
11008|24.82|42.87|10453
11008|24.82|43.61|10454
11015|26.41|59.00|20539
11017|25.20|53.29|30555
11003|25.84|49.16|40170
11003|25.84|48.31|40171
11003|25.84|47.33|40172
11003|26.64|47.42|40173
11003|26.64|49.97|40174
11003|26.64|51.02|40175
11003|26.64|53.06|40176
11003|25.84|51.38|40177
11003|26.94|51.51|40178
11010|29.69|54.23|10490
11010|29.69|60.33|10491
11017|30.91|62.62|20554
11010|30.13|51.04|30486
11010|30.13|57.93|30487
11013|29.03|61.04|40523
14013|33.07|61.18|10693
11014|33.41|72.35|20527
11019|33.96|69.57|30579
11010|33.76|54.96|40486
11010|33.76|61.19|40487
11004|38.74|56.52|10257
11004|39.34|56.97|10258
11004|39.94|57.54|10259
11004|40.54|58.13|10260
11004|41.14|58.79|10261
11004|41.74|59.39|10262
11004|42.34|59.98|10263
11004|42.94|60.58|10264
11008|37.31|66.57|20435
11008|37.31|65.68|20436
11008|37.31|58.28|20437
11008|37.31|62.25|20438
11002|38.32|52.52|30151
11002|38.32|51.13|30152
11002|38.32|53.18|30153
11002|38.32|53.61|30154
11002|38.32|51.55|30155
11002|38.32|52.32|30156
11002|38.32|52.37|30157
11002|38.32|51.87|30158
11002|38.32|53.56|30159
11002|38.32|51.00|30160
11008|38.08|56.87|40439
11008|38.08|57.05|40440
11008|38.08|56.66|40441
11008|38.08|57.24|40442
11015|42.86|82.86|10540
11005|42.78|64.09|20347
11005|42.78|65.37|20348
11005|42.78|64.06|20349
11005|42.78|63.47|20350
11005|42.78|65.03|20351
11005|42.78|65.98|20352
11005|42.78|65.15|20353
11017|42.01|70.10|30555
11004|41.52|56.66|40273
11004|41.52|56.96|40274
11004|41.52|57.37|40275
11004|41.52|57.14|40276
11004|41.52|57.24|40277
11004|41.52|57.71|40278
11004|41.52|57.45|40279
11004|41.52|57.76|40280
11018|46.95|81.15|10570
11021|45.45|85.21|20599
14013|45.70|76.68|30690
11009|46.82|71.02|40465
11009|46.82|75.49|40466
11009|46.82|62.40|40467
11024|50.01|106.39|10631
14015|50.88|79.82|20695
11003|49.98|71.85|30197
11003|49.98|72.19|30198
11003|49.98|71.61|30199
11003|49.98|72.20|30200
11003|49.98|71.99|30201
11003|49.98|70.91|30202
11003|49.98|71.42|30203
11003|49.98|71.27|30204
11003|49.98|71.00|30205
11008|50.05|69.54|40451
11008|50.05|68.68|40452
11008|50.05|68.14|40453
11008|50.05|68.76|40454
11003|53.64|77.96|10206
11003|53.64|78.28|10207
11003|53.64|77.92|10208
11003|53.64|77.92|10209
11003|53.64|77.83|10210
11003|55.14|77.87|10211
11003|55.14|78.07|10212
11003|55.14|78.38|10213
11003|55.14|77.64|10214
11012|54.88|90.68|20510
11003|53.50|75.37|30197
11003|53.50|75.71|30198
11003|53.50|75.13|30199
11003|53.50|75.72|30200
11003|53.50|75.51|30201
11003|53.50|74.43|30202
11003|53.50|74.94|30203
11003|53.50|74.79|30204
11003|53.50|74.52|30205
11014|53.48|81.03|40524
11001|59.27|75.58|10031
11001|59.27|75.65|10032
11001|59.27|75.52|10033
11001|59.27|75.36|10034
11001|59.27|75.96|10035
11001|59.27|75.20|10036
11001|59.27|74.64|10037
11001|59.27|75.22|10038
11001|59.27|75.64|10039
11001|59.27|75.05|10040
11015|58.10|84.25|20537
11018|58.35|97.00|30573
11007|58.39|88.53|40396
11007|58.39|84.65|40397
11007|58.39|96.10|40398
11007|58.39|91.45|40399
11007|58.39|84.96|40400
