56.13
11005|5.97|25.88|10305
11005|5.97|25.81|10306
11005|5.97|25.96|10307
11005|5.97|26.09|10308
11005|5.97|26.43|10309
11002|5.11|19.09|20151
11002|5.11|17.96|20152
11002|5.11|19.77|20153
11002|5.11|20.44|20154
11002|5.11|18.36|20155
11002|5.11|19.07|20156
11002|5.11|19.03|20157
11002|5.36|33.32|30081
11002|5.61|33.63|30082
11002|5.66|33.61|30083
11002|5.86|33.61|30084
11002|5.36|35.21|30085
11002|6.36|34.70|30086
11002|6.96|35.37|30087
11004|5.83|23.43|40257
11004|6.43|24.07|40258
11004|7.03|24.72|40259
11004|7.63|25.28|40260
11004|8.23|25.84|40261
11004|8.83|26.48|40262
11005|13.27|31.18|10312
11005|13.27|31.94|10313
11005|13.27|31.73|10314
11005|13.27|37.26|10315
11005|13.27|34.12|10316
11008|13.38|33.00|20451
11008|13.38|32.02|20452
11008|13.38|31.49|20453
11008|13.38|32.16|20454
11004|13.82|31.49|30257
11004|14.42|31.97|30258
11004|15.02|32.64|30259
11004|15.62|33.31|30260
11004|16.22|33.83|30261
11004|16.82|34.44|30262
11005|12.99|34.36|40347
11005|12.99|35.66|40348
11005|12.99|34.32|40349
11005|12.99|33.73|40350
11005|12.99|35.30|40351
11003|19.61|42.99|10170
11003|19.61|42.02|10171
11003|19.61|41.12|10172
11003|20.41|41.70|10173
11003|20.41|44.35|10174
11003|20.41|45.47|10175
11006|19.76|45.61|20354
11006|19.76|44.99|20355
11006|19.76|45.40|20356
11006|19.76|44.51|20357
11005|20.47|34.41|30319
11005|21.12|34.94|30320
11005|21.77|35.56|30321
11005|22.42|36.35|30322
11005|23.07|36.77|30323
11008|19.73|49.29|40435
11008|19.73|48.92|40436
11008|19.73|40.70|40437
11008|19.73|44.74|40438
11004|26.33|47.47|10241
11004|26.33|47.23|10242
11004|26.33|46.54|10243
11004|26.33|46.75|10244
11004|26.33|47.79|10245
11004|26.33|48.33|10246
11006|26.08|44.84|20372
11006|26.08|44.99|20373
11006|26.08|45.33|20374
11006|26.08|45.50|20375
11002|26.08|41.67|30131
11002|26.08|41.35|30132
11002|26.08|40.13|30133
11002|26.08|41.13|30134
11002|26.08|39.43|30135
11002|26.08|39.12|30136
11002|26.08|40.20|30137
11010|26.43|56.13|40482
11010|26.43|51.12|40483
