114.65
11004|1.50|22.77|10233
11004|1.50|22.27|10234
11004|1.50|22.57|10235
11004|1.50|22.36|10236
11004|1.50|22.62|10237
11004|1.50|22.50|10238
11004|1.50|22.78|10239
11004|1.50|22.89|10240
11008|2.46|21.57|20439
11008|2.46|21.26|20440
11008|2.46|21.13|20441
11008|2.46|22.07|20442
11017|2.29|38.53|30559
11003|2.09|28.08|40215
11003|2.09|28.29|40216
11003|2.09|28.94|40217
11003|2.09|28.21|40218
11003|2.09|28.44|40219
11003|2.09|28.70|40220
11003|2.09|28.71|40221
11003|2.09|30.43|40222
11003|2.09|30.50|40223
11004|4.85|19.99|10281
11004|4.85|20.07|10282
11004|4.85|20.83|10283
11004|4.85|21.50|10284
11004|4.85|21.60|10285
11004|4.85|20.42|10286
11004|4.85|21.16|10287
11004|4.85|20.66|10288
14007|4.93|45.16|20662
11001|5.54|21.65|30051
11001|5.54|18.89|30052
11001|5.54|17.87|30053
11001|5.54|19.12|30054
11001|5.54|19.05|30055
11001|5.54|18.65|30056
11001|5.54|18.34|30057
11001|5.54|17.66|30058
11001|5.54|19.72|30059
11001|5.54|19.70|30060
14022|5.66|49.43|40759
11026|10.58|73.27|10648
11009|10.02|33.91|20465
11009|10.02|39.94|20466
11009|10.02|32.08|20467
11026|10.11|89.35|30645
11009|10.57|34.77|40465
11009|10.57|39.24|40466
11009|10.57|26.15|40467
11005|14.22|34.67|10326
11005|14.22|33.14|10327
11005|14.22|35.29|10328
11005|14.22|34.98|10329
11005|14.22|37.86|10330
11005|14.22|36.19|10331
11005|14.22|33.49|10332
11017|13.34|45.05|20554
14020|14.50|54.98|30739
11001|12.81|36.02|40071
11001|12.81|35.71|40072
11001|12.81|35.54|40073
11001|12.81|35.01|40074
11001|12.81|35.47|40075
11001|12.81|35.20|40076
11001|13.21|34.81|40077
11001|13.01|33.73|40078
11001|12.81|32.53|40079
11001|13.61|33.96|40080
11018|18.19|53.20|10571
11011|18.13|43.40|20497
11026|18.63|60.05|30644
11005|18.95|38.97|40326
11005|18.95|37.76|40327
11005|18.95|39.99|40328
11005|18.95|39.81|40329
11005|18.95|42.02|40330
11005|18.95|40.63|40331
11005|18.95|38.07|40332
11001|22.17|43.35|10041
11001|22.17|43.26|10042
11001|22.17|43.01|10043
11001|22.17|43.49|10044
11001|22.17|43.94|10045
11001|22.17|43.68|10046
11001|22.17|43.11|10047
11001|22.17|43.46|10048
11001|22.17|42.70|10049
11001|22.17|44.14|10050
11026|22.63|64.05|20644
11020|21.56|35.85|30592
11013|21.36|48.99|40516
11001|25.64|43.74|10011
11001|25.54|43.67|10012
11001|25.64|43.66|10013
11001|25.64|44.02|10014
11001|25.64|43.36|10015
11001|25.64|44.09|10016
11001|26.14|42.71|10017
11001|26.44|42.84|10018
11001|26.14|42.89|10019
11001|26.14|42.75|10020
11016|25.11|55.25|20548
11011|26.12|59.27|30498
11005|26.50|47.87|40347
11005|26.50|49.17|40348
11005|26.50|47.83|40349
11005|26.50|47.24|40350
11005|26.50|48.81|40351
11005|26.50|49.87|40352
11005|26.50|48.49|40353
11003|30.03|54.35|10206
11003|30.03|54.67|10207
11003|30.03|54.31|10208
11003|30.03|54.31|10209
11003|30.03|54.22|10210
11003|31.53|54.26|10211
11003|31.53|54.46|10212
11003|31.53|54.77|10213
11003|31.53|54.03|10214
11011|30.98|74.77|20500
11006|30.15|48.90|30366
11006|30.15|48.22|30367
11006|30.15|48.44|30368
11006|30.15|48.85|30369
11006|30.15|48.70|30370
11006|30.15|48.26|30371
11016|29.76|64.05|40551
11001|33.98|52.08|10011
11001|33.88|52.01|10012
11001|33.98|52.00|10013
11001|33.98|52.36|10014
11001|33.98|51.70|10015
11001|33.98|52.43|10016
11001|34.48|51.05|10017
11001|34.78|51.18|10018
11001|34.48|51.23|10019
11001|34.48|51.09|10020
11011|35.32|67.60|20503
11020|34.05|51.85|30587
14013|33.52|57.05|40685
11010|37.77|70.95|10492
11010|37.77|70.56|10493
11019|38.54|73.80|20576
11001|37.29|53.99|30021
11001|37.71|54.61|30022
11001|38.13|55.05|30023
11001|38.55|55.52|30024
11001|38.97|55.82|30025
11001|39.39|56.35|30026
11001|39.81|56.73|30027
11001|40.23|57.10|30028
11001|40.65|57.57|30029
11001|41.07|57.96|30030
11006|38.51|57.18|40366
11006|38.51|56.62|40367
11006|38.51|56.82|40368
11006|38.51|57.03|40369
11006|38.51|56.79|40370
11006|38.51|56.57|40371
11025|41.51|114.65|10635
11015|41.67|67.16|20536
11008|42.26|61.77|30451
11008|42.26|61.00|30452
11008|42.26|60.36|30453
11008|42.26|61.03|30454
11025|42.05|75.16|40634
11012|45.30|80.49|10506
11015|45.52|85.30|20540
11012|46.91|97.50|30507
11002|47.72|66.63|40111
11002|47.72|66.10|40112
11002|47.72|65.99|40113
11002|47.72|66.89|40114
11002|47.72|66.76|40115
11002|47.72|66.12|40116
11002|47.12|68.13|40117
11002|47.12|66.60|40118
11002|47.12|67.94|40119
11002|47.12|66.60|40120
11004|49.90|73.81|10249
11004|49.90|72.59|10250
11004|49.90|74.18|10251
11004|49.90|73.35|10252
11004|49.90|73.65|10253
11004|49.90|73.58|10254
11004|49.90|73.47|10255
11004|49.90|74.39|10256
11022|51.43|81.44|20605
14020|49.79|90.27|30739
11003|49.82|73.14|40170
11003|49.82|72.29|40171
11003|49.82|71.31|40172
11003|50.62|71.40|40173
11003|50.62|73.95|40174
11003|50.62|75.00|40175
11003|50.62|77.04|40176
11003|49.82|75.36|40177
11003|50.92|75.49|40178
11025|54.83|111.08|10638
11013|55.25|87.85|20518
11013|55.14|82.37|30514
11005|53.81|75.18|40347
11005|53.81|76.48|40348
11005|53.81|75.14|40349
11005|53.81|74.55|40350
11005|53.81|76.12|40351
11005|53.81|77.18|40352
11005|53.81|75.80|40353
11008|58.97|77.64|10447
11008|58.97|79.42|10448
11008|58.97|78.75|10449
11008|58.97|79.11|10450
