48.84
11001|5.97|24.07|10011
11001|5.87|24.00|10012
11001|5.97|23.99|10013
11001|5.97|24.35|10014
11001|5.97|23.69|10015
11001|5.97|24.42|10016
11001|6.47|23.04|10017
11006|5.44|25.82|20390
11006|5.44|25.23|20391
11006|5.44|26.29|20392
11006|5.44|25.84|20393
11008|5.65|25.16|30451
11008|5.65|24.39|30452
11008|5.65|23.75|30453
11008|5.65|24.42|30454
11007|5.70|25.72|40406
11007|5.70|25.93|40407
11007|5.70|25.33|40408
11007|5.70|25.14|40409
11007|5.70|25.19|40410
11006|10.50|30.75|10360
11006|10.50|30.48|10361
11006|10.50|31.18|10362
11006|10.50|30.29|10363
11001|10.38|27.17|20021
11001|10.80|27.73|20022
11001|11.22|28.09|20023
11001|11.64|28.51|20024
11001|12.06|28.98|20025
11001|12.48|29.41|20026
11001|12.90|29.79|20027
11005|10.89|32.22|30347
11005|10.89|33.47|30348
11005|10.89|32.30|30349
11005|10.89|31.61|30350
11005|10.89|33.20|30351
11003|10.59|26.28|40188
11003|10.59|25.82|40189
11003|10.59|26.27|40190
11003|10.59|27.16|40191
11003|10.59|25.95|40192
11003|10.59|27.11|40193
11008|16.19|34.86|10447
11008|16.19|36.64|10448
11008|16.19|35.97|10449
11008|16.19|36.33|10450
11007|16.00|36.28|20421
11007|16.00|35.69|20422
11007|16.00|35.11|20423
11007|16.00|34.50|20424
11007|16.00|34.65|20425
11007|15.41|35.28|30411
11007|15.41|35.25|30412
11007|15.41|34.51|30413
11007|15.41|35.82|30414
11007|15.41|32.18|30415
11003|16.40|38.22|40197
11003|16.40|38.60|40198
11003|16.40|38.02|40199
11003|16.40|38.60|40200
11003|16.40|38.44|40201
11003|16.40|37.47|40202
11003|23.09|46.47|10170
11003|23.09|45.50|10171
11003|23.09|44.60|10172
11003|23.89|45.18|10173
11003|23.89|47.83|10174
11003|24.19|48.84|10178
11003|24.07|42.91|20161
11003|24.07|41.95|20162
11003|24.07|43.43|20163
11003|24.87|43.14|20164
11003|24.47|44.18|20165
11003|23.47|41.72|20166
11002|23.23|42.16|30111
11002|23.23|41.76|30112
11002|23.23|41.48|30113
11002|23.23|42.03|30114
11002|23.23|42.30|30115
11002|23.23|41.65|30116
11002|22.63|43.62|30117
11008|23.08|42.57|40451
11008|23.08|41.71|40452
11008|23.08|41.17|40453
11008|23.08|41.79|40454
