59.19
11001|5.53|22.76|10001
11001|6.33|23.19|10002
11001|6.43|22.94|10003
11001|6.23|24.16|10004
11001|6.13|23.68|10005
11001|6.03|23.08|10006
11001|6.33|22.46|10007
11007|5.57|25.51|20411
11007|5.57|25.40|20412
11007|5.57|24.72|20413
11007|5.57|26.05|20414
11001|5.19|21.30|30051
11001|5.19|18.54|30052
11001|5.19|17.52|30053
11001|5.19|18.77|30054
11001|5.19|18.70|30055
11001|5.19|18.30|30056
11001|5.19|17.99|30057
11007|12.38|28.73|10426
11007|12.38|28.73|10427
11007|12.38|28.88|10428
11007|12.38|29.24|10429
11001|11.71|28.50|20021
11001|12.13|29.06|20022
11001|12.55|29.42|20023
11001|12.97|29.84|20024
11001|13.39|30.31|20025
11001|13.81|30.74|20026
11001|14.23|31.12|20027
11007|11.82|38.63|30416
11007|11.82|35.53|30417
11007|11.82|42.30|30418
11007|11.82|40.22|30419
11001|18.19|35.31|10021
11001|18.61|35.53|10022
11001|19.03|36.01|10023
11001|19.45|36.37|10024
11001|19.87|36.76|10025
11001|20.29|37.21|10026
11001|20.71|37.65|10027
11001|21.13|38.09|10028
11001|21.55|38.45|10029
11001|21.97|39.08|10030
11001|18.48|41.90|20071
11001|18.48|41.37|20072
11001|18.48|41.00|20073
11001|18.48|40.63|20074
11007|17.81|47.95|40396
11007|17.81|44.07|40397
11007|17.81|55.52|40398
11007|17.81|50.87|40399
11007|24.08|40.43|10426
11007|24.08|40.43|10427
11007|24.08|40.58|10428
11007|24.08|40.94|10429
11007|23.85|47.95|20401
11007|23.85|49.93|20402
11007|23.85|49.33|20403
11007|23.85|49.31|20404
11001|23.56|39.88|30031
11001|23.56|39.92|30032
11001|23.56|39.81|30033
11001|23.56|39.56|30034
11001|23.56|40.31|30035
11001|23.56|39.54|30036
11001|23.56|38.90|30037
11007|29.78|55.48|10416
11007|29.78|53.45|10417
11007|29.78|58.97|10418
11007|29.78|58.25|10419
11007|29.80|49.89|20406
11007|29.80|50.01|20407
11007|29.80|49.41|20408
11007|29.80|49.20|20409
11010|29.57|59.19|30482
11010|29.57|54.19|30483
11007|29.41|49.26|40411
11007|29.41|49.30|40412
11007|29.41|48.41|40413
11007|29.41|49.95|40414
