58.23
11004|5.98|21.10|10273
11004|5.98|21.36|10274
11004|5.98|21.86|10275
11004|5.98|21.56|10276
11004|5.98|21.70|10277
11004|5.98|22.23|10278
11003|5.50|31.49|20215
11003|5.50|31.66|20216
11003|5.50|32.30|20217
11003|5.50|31.70|20218
11003|5.50|31.95|20219
11003|5.50|32.07|20220
11008|5.73|21.27|30455
11008|5.73|21.05|30456
11008|5.73|18.60|30457
11003|5.93|31.92|40215
11003|5.93|32.13|40216
11003|5.93|32.78|40217
11003|5.93|32.05|40218
11003|5.93|32.28|40219
11003|5.93|32.54|40220
11006|12.91|32.24|10378
11006|12.91|32.80|10379
11006|12.91|32.54|10380
11006|12.91|32.37|10381
11002|13.39|32.55|20121
11002|13.74|32.60|20122
11002|14.09|33.21|20123
11002|14.44|33.87|20124
11002|14.79|34.21|20125
11002|15.14|34.28|20126
11002|15.49|34.64|20127
11004|13.23|28.34|30273
11004|13.23|28.63|30274
11004|13.23|29.06|30275
11004|13.23|28.81|30276
11004|13.23|28.93|30277
11004|13.23|29.48|30278
11004|12.57|30.17|40257
11004|13.17|30.81|40258
11004|13.77|31.46|40259
11004|14.37|32.02|40260
11004|14.97|32.58|40261
11004|15.57|33.22|40262
11003|20.37|36.86|10224
11003|20.37|38.73|10225
11003|20.77|38.34|10226
11003|21.37|38.05|10227
11003|21.47|37.06|10228
11003|22.37|37.35|10229
11004|18.47|36.67|20265
11004|18.47|36.32|20266
11004|18.47|36.90|20267
11004|18.47|37.35|20268
11004|18.47|37.80|20269
11004|18.47|37.56|20270
11007|17.82|47.83|30396
11007|17.82|43.81|30397
11007|17.82|55.41|30398
11007|17.82|50.97|30399
11008|18.08|32.69|40443
11008|18.08|31.65|40444
11008|18.08|33.44|40445
11010|23.80|53.42|10482
11010|23.80|48.07|10483
11010|23.44|53.10|20482
11010|23.44|47.88|20483
11003|24.24|42.93|30161
11003|24.24|42.14|30162
11003|24.24|43.42|30163
11003|25.04|43.39|30164
11003|24.64|44.49|30165
11003|23.64|41.90|30166
11002|23.28|39.16|40141
11002|23.28|39.38|40142
11002|23.28|38.93|40143
11002|23.28|39.54|40144
11002|23.28|38.91|40145
11002|23.28|38.79|40146
11002|23.28|39.00|40147
11010|28.61|58.23|10482
11010|28.61|52.88|10483
11008|29.21|47.82|20447
11008|29.21|49.58|20448
11008|29.21|49.11|20449
11001|28.90|52.27|30071
11001|28.90|51.64|30072
11001|28.90|51.71|30073
11001|28.90|51.02|30074
11001|28.90|51.62|30075
11001|28.90|51.25|30076
11001|29.30|50.99|30077
11008|29.38|48.68|40431
11008|29.38|48.76|40432
11008|29.38|50.14|40433
