52.69
11001|5.34|28.58|10071
11001|5.34|28.30|10072
11001|5.34|27.86|10073
11001|5.34|27.71|10074
11001|5.34|27.82|10075
11001|5.34|27.53|10076
11001|5.74|27.51|10077
11001|5.54|27.01|10078
11001|5.34|25.42|10079
11001|6.14|26.79|10080
11001|5.65|23.63|20011
11001|5.55|23.70|20012
11001|5.65|23.33|20013
11001|5.65|24.02|20014
11001|7.02|23.53|40061
11001|7.02|24.21|40062
11001|7.02|23.05|40063
11001|7.02|22.54|40064
11001|7.02|23.65|40065
11001|5.97|25.09|40066
11001|6.27|23.72|40067
11001|12.79|30.89|10011
11001|12.69|30.82|10012
11001|12.79|30.81|10013
11001|12.79|31.17|10014
11001|12.79|30.51|10015
11001|12.79|31.24|10016
11001|13.29|29.86|10017
11001|12.91|29.02|30051
11001|12.91|26.26|30052
11001|12.91|25.24|30053
11001|12.91|26.49|30054
11001|12.91|26.42|30055
11001|12.91|26.02|30056
11001|12.91|25.71|30057
11001|19.57|36.80|10001
11001|20.37|37.23|10002
11001|20.47|36.98|10003
11001|20.27|38.20|10004
11001|20.17|37.72|10005
11001|20.07|37.12|10006
11001|20.37|36.50|10007
11010|19.53|52.69|20492
11010|19.53|52.46|20493
11001|19.34|42.71|30071
11001|19.34|42.08|30072
11001|19.34|42.15|30073
11001|19.34|41.46|30074
11001|19.34|42.06|30075
11001|19.34|41.69|30076
11001|19.74|41.43|30077
11007|19.26|35.55|40426
11007|19.26|35.60|40427
11007|19.26|35.72|40428
11007|19.26|36.15|40429
11007|19.26|35.73|40430
11001|24.57|42.67|10011
11001|24.47|42.60|10012
11001|24.57|42.59|10013
11001|24.57|42.95|10014
11001|24.57|42.29|10015
11001|24.57|43.02|10016
11001|25.07|41.64|10017
11001|25.37|41.77|10018
11001|25.07|41.82|10019
11001|25.07|41.68|10020
11001|25.95|42.45|20061
11001|25.95|43.15|20062
11001|25.95|41.92|20063
11001|25.95|41.84|20064
11001|24.77|41.10|40031
11001|24.77|41.19|40032
11001|24.77|40.99|40033
11001|24.77|40.98|40034
11001|24.77|41.66|40035
11001|24.77|40.69|40036
11001|24.77|40.14|40037
