53.94
11010|5.09|38.27|10492
11010|5.09|37.88|10493
11005|5.97|27.28|20347
11005|5.97|28.56|20348
11005|5.97|27.25|20349
11005|5.97|26.66|20350
11005|5.97|28.22|20351
11005|5.97|29.17|20352
11005|5.97|28.34|20353
11005|5.17|20.41|30340
11005|5.17|20.56|30341
11005|5.17|20.84|30342
11005|5.17|20.62|30343
11005|5.17|20.50|30344
11005|5.17|20.56|30345
11005|5.17|20.94|30346
11007|5.11|24.96|40411
11007|5.11|25.00|40412
11007|5.11|24.11|40413
11007|5.11|25.65|40414
11007|5.11|21.88|40415
11004|10.88|30.35|10289
11004|10.88|31.56|10290
11004|10.88|28.84|10291
11004|10.88|27.11|10292
11004|10.88|30.06|10293
11004|10.88|30.17|10294
11004|10.88|28.31|10295
11004|10.88|30.16|10296
11002|10.84|30.89|20101
11002|10.84|29.79|20102
11002|10.84|30.16|20103
11002|10.84|30.45|20104
11002|10.84|29.75|20105
11002|10.84|30.76|20106
11002|10.84|27.49|20107
11002|10.84|30.45|20108
11002|10.84|28.99|20109
11002|10.84|29.67|20110
11008|10.59|29.30|30439
11008|10.59|29.36|30440
11008|10.59|29.14|30441
11008|10.59|30.18|30442
11007|11.01|41.15|40396
11007|11.01|37.27|40397
11007|11.01|48.72|40398
11007|11.01|44.07|40399
11007|11.01|37.58|40400
11001|17.99|36.09|10011
11001|17.89|36.02|10012
11001|17.99|36.01|10013
11001|17.99|36.37|10014
11001|17.99|35.71|10015
11001|17.99|36.44|10016
11001|18.49|35.06|10017
11001|18.79|35.19|10018
11001|18.49|35.24|10019
11001|18.49|35.10|10020
11006|18.35|37.11|20372
11006|18.35|37.26|20373
11006|18.35|37.60|20374
11006|18.35|37.77|20375
11006|18.35|36.70|20376
11006|18.35|36.98|20377
11001|18.64|35.34|30021
11001|19.06|35.96|30022
11001|19.48|36.40|30023
11001|19.90|36.87|30024
11001|20.32|37.17|30025
11001|20.74|37.70|30026
11001|21.16|38.08|30027
11001|21.58|38.45|30028
11001|22.00|38.92|30029
11001|22.42|39.31|30030
11010|18.18|43.06|40490
11010|18.18|48.91|40491
11010|26.53|47.47|10486
11010|26.53|53.94|10487
