109.91
11012|5.16|37.05|10504
11002|7.16|21.46|20091
11002|7.16|21.31|20092
11002|7.16|20.74|20093
11002|7.16|21.27|20094
11002|7.16|21.30|20095
11002|6.56|22.45|20096
11002|6.56|22.33|20097
11002|6.56|22.25|20098
11002|6.96|22.25|20099
11002|6.56|21.88|20100
11010|5.92|35.54|30482
11013|6.41|39.47|40518
11013|13.44|40.98|10516
11008|11.76|27.32|20455
11008|11.76|26.94|20456
11008|11.76|24.59|20457
11008|11.76|23.24|20458
11018|12.07|44.76|30568
11010|12.98|46.21|40492
11016|18.52|58.27|10552
11004|19.55|43.46|20249
11004|19.55|42.24|20250
11004|19.55|43.83|20251
11004|19.55|43.00|20252
11004|19.55|43.30|20253
11004|19.55|43.23|20254
11004|19.55|43.12|20255
11004|19.55|44.04|20256
11009|19.86|51.20|30477
11009|19.86|51.26|30478
11009|19.86|50.98|30479
11017|19.27|69.55|40562
11002|25.47|41.35|10141
11002|25.47|41.71|10142
11002|25.47|41.13|10143
11002|25.47|41.74|10144
11002|25.47|41.07|10145
11002|25.47|41.49|10146
11002|25.47|41.14|10147
11002|25.47|40.80|10148
11002|25.47|40.96|10149
11002|25.47|40.65|10150
11011|24.62|49.89|20497
11012|24.53|62.65|30513
11008|24.25|42.91|40447
11008|24.25|44.71|40448
11008|24.25|44.26|40449
11008|24.25|44.14|40450
11013|30.49|76.36|10522
11001|30.22|47.49|20001
11001|31.02|47.87|20002
11001|31.12|47.73|20003
11001|30.92|48.86|20004
11001|30.82|48.35|20005
11001|30.72|47.78|20006
11001|31.02|47.12|20007
11001|30.82|48.74|20008
11001|30.22|48.30|20009
11001|30.82|47.73|20010
11092|30.52|68.16|31001
11011|30.16|66.93|40496
11009|36.83|67.70|10468
11009|36.83|64.48|10469
11009|36.83|68.59|10470
11009|36.65|52.69|20474
11009|36.65|51.13|20475
11009|36.65|54.28|20476
11002|38.32|52.34|30091
11002|38.32|52.38|30092
11002|38.32|51.92|30093
11002|38.32|52.43|30094
11002|38.32|52.39|30095
11002|37.72|53.61|30096
11002|37.72|53.35|30097
11002|37.72|53.37|30098
11002|38.12|53.40|30099
11002|37.72|52.99|30100
11003|37.51|61.16|40179
11003|37.51|61.62|40180
11003|37.51|59.78|40181
11003|37.51|62.02|40182
11003|37.51|60.66|40183
11003|37.51|59.60|40184
11003|37.51|63.59|40185
11003|37.51|60.53|40186
11003|37.51|61.25|40187
11013|44.90|72.44|10516
11020|44.13|63.25|20584
11008|44.81|63.56|30447
11008|44.81|65.37|30448
11008|44.81|64.86|30449
11008|44.81|64.43|30450
11018|43.65|70.13|40567
11008|51.75|71.21|10451
11008|51.75|70.35|10452
11008|51.75|69.80|10453
11008|51.75|70.54|10454
11010|51.70|76.47|20490
11009|51.65|70.42|30462
11009|52.85|71.85|30463
11009|54.05|72.92|30464
11013|50.73|96.46|40522
11214|56.34|99.64|10600
11017|56.29|109.91|20563
11010|57.36|89.06|30480
11020|56.32|74.19|40585
