142.64
11012|5.30|43.25|10513
11001|6.22|29.64|20071
11001|6.22|29.11|20072
11001|6.22|28.74|20073
11001|6.22|28.37|20074
11001|6.22|28.62|20075
11001|6.22|28.39|20076
11001|6.62|28.22|20077
11001|6.42|27.62|20078
11001|6.22|26.26|20079
11001|7.02|27.64|20080
11005|4.89|26.22|30347
11005|4.89|27.47|30348
11005|4.89|26.30|30349
11005|4.89|25.61|30350
11005|4.89|27.20|30351
11005|4.89|27.86|30352
11005|4.89|27.28|30353
11090|5.65|24.93|41085
11092|12.60|54.78|11090
11021|12.47|56.03|20600
11027|11.21|40.11|30596
11092|12.13|49.72|41001
11027|19.12|62.42|10600
11024|18.38|70.04|20630
11025|19.68|75.93|30638
11090|18.88|41.43|41025
11027|24.04|53.03|10595
11214|24.07|53.06|20595
11017|25.71|59.25|30556
11024|25.89|68.25|40632
11092|32.66|55.95|11091
11015|32.36|62.03|20538
11092|31.68|69.32|31001
11016|32.46|65.25|40546
11021|37.67|66.74|10594
11090|37.95|71.18|21024
11005|37.75|57.76|30326
11005|37.75|56.47|30327
11005|37.75|58.35|30328
11005|37.75|58.85|30329
11005|37.75|60.77|30330
11005|37.75|59.57|30331
11005|37.75|57.28|30332
11005|38.69|53.92|40340
11005|38.69|54.19|40341
11005|38.69|54.23|40342
11005|38.69|54.19|40343
11005|38.69|54.07|40344
11005|38.69|54.22|40345
11005|38.69|54.46|40346
11012|45.21|81.08|10512
11026|44.84|115.19|20652
11016|44.51|77.48|30546
11003|44.48|68.74|40206
11003|44.48|68.91|40207
11003|44.48|68.63|40208
11003|44.48|68.76|40209
11003|44.48|68.62|40210
11003|45.98|68.47|40211
11003|45.98|68.64|40212
11003|45.98|68.78|40213
11003|45.98|68.50|40214
11026|51.84|101.59|10653
11003|50.36|76.35|20215
11003|50.36|76.52|20216
11003|50.36|77.16|20217
11003|50.36|76.56|20218
11003|50.36|76.81|20219
11003|50.36|76.93|20220
11003|50.36|77.01|20221
11003|50.36|78.65|20222
11003|50.36|78.74|20223
11004|50.84|66.02|30281
11004|50.84|66.33|30282
11004|50.84|66.71|30283
11004|50.84|67.54|30284
11004|50.84|67.68|30285
11004|50.84|66.44|30286
11004|50.84|66.90|30287
11004|50.84|66.63|30288
11008|50.30|68.96|40447
11008|50.30|70.76|40448
11008|50.30|70.31|40449
11008|50.30|70.19|40450
11007|58.21|83.91|10416
11007|58.21|81.88|10417
11007|58.21|87.40|10418
11007|58.21|86.68|10419
11007|58.21|85.60|10420
11013|57.06|94.69|20520
11013|58.12|89.70|30515
11092|58.13|136.40|41088
