123.25
11002|4.74|20.15|10131
11002|4.74|20.39|10132
11002|4.74|18.75|10133
11002|4.74|20.03|10134
11002|4.74|18.25|10135
11002|4.74|17.96|10136
11002|4.74|18.71|10137
11002|4.74|19.69|10138
11002|4.74|18.53|10139
11002|4.74|17.65|10140
11006|6.07|24.52|20366
11006|6.07|24.29|20367
11006|6.07|24.48|20368
11006|6.07|24.68|20369
11006|6.07|24.51|20370
11006|6.07|24.16|20371
11003|4.75|28.06|30170
11003|4.75|27.10|30171
11003|4.75|26.21|30172
11003|5.55|26.21|30173
11003|5.55|28.59|30174
11003|5.55|29.90|30175
11003|5.55|31.84|30176
11003|4.75|30.39|30177
11003|5.85|30.42|30178
11021|6.12|44.51|40603
11010|12.61|42.23|10482
11021|11.93|50.55|20603
11004|13.19|37.10|30249
11004|13.19|35.88|30250
11004|13.19|37.47|30251
11004|13.19|36.64|30252
11004|13.19|36.94|30253
11004|13.19|36.87|30254
11004|13.19|36.76|30255
11004|13.19|37.68|30256
11008|12.49|31.98|40451
11008|12.49|31.12|40452
11008|12.49|30.58|40453
11008|12.49|31.20|40454
11025|17.72|90.86|10635
11008|18.13|37.75|20451
11008|18.13|36.77|20452
11008|18.13|36.24|20453
11008|18.13|36.91|20454
11015|18.78|48.83|30543
11024|17.61|59.97|40632
11004|22.58|37.70|10273
11004|22.58|37.96|10274
11004|22.58|38.46|10275
11004|22.58|38.16|10276
11004|22.58|38.30|10277
11004|22.58|38.83|10278
11004|22.58|38.50|10279
11004|22.58|38.80|10280
11021|22.64|51.86|20596
11021|23.23|66.49|30600
11214|24.48|67.66|40600
11012|29.48|67.43|10513
11004|29.69|51.18|20297
11004|29.69|51.20|20298
11004|29.69|51.90|20299
11004|29.69|51.97|20300
11004|29.69|51.65|20301
11004|29.69|50.80|20302
11004|29.69|50.11|20303
11004|29.69|52.56|20304
11027|30.51|59.41|30596
11017|29.70|54.01|40557
11006|36.51|57.33|10384
11006|37.21|57.94|10385
11006|37.91|58.62|10386
11006|38.61|59.27|10387
11006|39.31|60.03|10388
11006|40.01|60.68|10389
11025|36.89|93.14|20638
11092|37.61|82.40|31003
11092|37.11|60.45|41091
11010|43.00|74.97|10480
11021|43.03|81.65|20603
11027|44.30|87.56|30600
11092|43.43|85.56|41090
11024|49.77|87.09|10624
11017|51.53|75.79|20557
11013|50.75|78.09|30516
11025|50.04|85.93|40636
11026|56.82|98.24|10644
11006|56.38|77.14|20384
11006|57.08|77.86|20385
11006|57.78|78.49|20386
11006|58.48|79.21|20387
11006|59.18|79.89|20388
11006|59.88|80.67|20389
11025|56.89|123.25|30637
11006|55.43|74.77|40378
11006|55.43|75.66|40379
11006|55.43|75.08|40380
11006|55.43|75.11|40381
11006|55.43|72.25|40382
11006|55.43|75.52|40383
