99.05
11090|4.95|21.22|11087
11002|6.05|20.03|20151
11002|6.05|18.90|20152
11002|6.05|20.71|20153
11002|6.05|21.38|20154
11002|6.05|19.30|20155
11002|6.05|20.01|20156
11002|6.05|19.97|20157
11002|6.05|19.70|20158
11002|6.05|20.88|20159
11002|6.05|18.69|20160
11011|6.24|38.74|30503
11004|4.82|19.96|40273
11004|4.82|20.26|40274
11004|4.82|20.67|40275
11004|4.82|20.44|40276
11004|4.82|20.54|40277
11004|4.82|21.01|40278
11004|4.82|20.75|40279
11004|4.82|21.06|40280
11009|12.42|43.83|10477
11009|12.42|43.60|10478
11009|12.42|43.07|10479
11003|12.17|27.85|20188
11003|12.17|27.43|20189
11003|12.17|27.83|20190
11003|12.17|28.48|20191
11003|12.17|27.61|20192
11003|12.17|28.50|20193
11003|12.17|27.66|20194
11003|12.17|27.46|20195
11003|12.17|28.29|20196
11020|12.51|30.05|30585
11015|12.07|44.42|40539
11003|18.87|42.22|10179
11003|18.87|42.67|10180
11003|18.87|41.23|10181
11003|18.87|43.18|10182
11003|18.87|42.06|10183
11003|18.87|41.28|10184
11003|18.87|45.40|10185
11003|18.87|41.93|10186
11003|18.87|42.62|10187
11016|18.42|54.68|20550
11012|17.90|56.02|30513
11008|18.30|32.91|40443
11008|18.30|31.87|40444
11008|18.30|33.66|40445
11008|18.30|32.72|40446
11018|25.20|51.86|10567
11010|24.79|63.10|20488
11010|25.11|56.81|30480
11008|25.01|43.67|40447
11008|25.01|45.47|40448
11008|25.01|45.02|40449
11008|25.01|44.90|40450
11003|31.93|53.65|10197
11003|31.93|54.04|10198
11003|31.93|53.40|10199
11003|31.93|54.14|10200
11003|31.93|53.93|10201
11003|31.93|52.93|10202
11003|31.93|53.25|10203
11003|31.93|52.94|10204
11003|31.93|52.73|10205
11010|31.43|52.47|20486
11013|31.45|58.79|30516
11011|31.87|62.33|40494
11017|37.87|65.85|10555
11009|37.95|61.84|20465
11009|37.95|67.87|20466
11009|37.95|60.01|20467
11010|38.65|71.95|30492
11025|37.87|89.03|40640
11003|45.42|64.00|10161
11003|45.42|63.24|10162
11003|45.42|64.57|10163
11003|46.22|64.45|10164
11003|45.82|65.60|10165
11003|44.82|63.05|10166
11003|44.82|62.93|10167
11003|44.82|65.21|10168
11003|44.82|64.99|10169
11015|44.65|84.43|20540
11020|44.63|64.53|30593
11025|44.95|95.47|40641
11001|51.98|69.10|10021
11001|52.40|69.32|10022
11001|52.82|69.80|10023
11001|53.24|70.16|10024
11001|53.66|70.55|10025
11001|54.08|71.00|10026
11001|54.50|71.44|10027
11001|54.92|71.88|10028
11001|55.34|72.24|10029
11001|55.76|72.87|10030
11015|52.47|77.96|20536
11017|50.95|99.05|30561
11012|52.04|87.03|40506
11020|59.84|79.01|10593
11008|58.92|73.59|20443
11008|58.92|72.96|20444
11008|58.92|74.40|20445
11008|58.92|73.34|20446
11016|58.65|92.95|30551
11012|59.28|91.78|40504
