94.18
11007|5.30|21.65|10426
11007|5.30|21.65|10427
11007|5.30|21.80|10428
11007|5.30|22.16|10429
11007|5.30|21.78|10430
11026|6.53|60.93|20649
11018|6.28|47.46|30572
11214|6.51|44.90|40603
11013|12.53|58.40|10522
11013|12.55|39.62|20514
11090|11.89|31.32|31031
11009|11.05|42.17|40477
11009|11.05|42.20|40478
11009|11.05|41.94|40479
11017|19.33|55.03|10559
11024|19.87|74.04|20633
11025|18.87|75.38|30642
11003|20.59|39.18|40161
11003|20.59|38.24|40162
11003|20.59|39.81|40163
11003|21.39|39.76|40164
11003|20.99|40.72|40165
11003|19.99|38.24|40166
11003|19.99|38.11|40167
11003|19.99|40.28|40168
11003|19.99|40.19|40169
11016|25.91|59.76|10551
11013|24.71|70.48|20522
11214|25.52|62.81|30602
11011|25.74|59.87|40499
11001|31.56|47.87|10031
11001|31.56|47.94|10032
11001|31.56|47.81|10033
11001|31.56|47.65|10034
11001|31.56|48.25|10035
11001|31.56|47.49|10036
11001|31.56|46.93|10037
11001|31.56|47.51|10038
11001|31.56|47.93|10039
11001|31.56|47.34|10040
11020|31.52|55.03|20588
11017|32.49|82.95|30562
11017|31.06|81.34|40562
11214|38.05|76.39|10603
11002|36.99|56.15|20121
11002|37.34|56.20|20122
11002|37.69|56.81|20123
11002|38.04|57.47|20124
11002|38.39|57.81|20125
11002|38.74|57.88|20126
11002|39.09|58.24|20127
11002|39.44|58.86|20128
11002|39.79|59.56|20129
11002|40.14|59.57|20130
11016|37.36|72.54|30553
11020|36.59|50.10|40592
11003|44.20|67.55|10179
11003|44.20|68.00|10180
11003|44.20|66.56|10181
11003|44.20|68.51|10182
11003|44.20|67.39|10183
11003|44.20|66.61|10184
11003|44.20|70.73|10185
11003|44.20|67.26|10186
11003|44.20|67.95|10187
11015|45.63|71.12|20536
11090|45.59|78.80|31024
11018|44.70|78.38|40570
11090|50.22|72.89|11025
11001|50.09|67.36|20001
11001|50.89|67.74|20002
11001|50.99|67.60|20003
11001|50.79|68.73|20004
11001|50.69|68.22|20005
11001|50.59|67.65|20006
11001|50.89|66.99|20007
11001|50.69|68.61|20008
11001|50.09|68.17|20009
11001|50.69|67.60|20010
11012|51.13|78.81|30509
11020|51.63|71.70|40586
11003|58.03|83.96|10215
11003|58.03|84.20|10216
11003|58.03|84.86|10217
11003|58.03|84.20|10218
11003|58.03|84.35|10219
11003|58.03|84.67|10220
11003|58.03|84.71|10221
11003|58.03|86.16|10222
11003|58.03|86.30|10223
11009|57.70|73.74|20474
11009|57.70|72.18|20475
11009|57.70|75.33|20476
11015|58.28|87.20|30535
11018|56.98|91.86|40571
