73.20
33074|0.00|26.17|50436
33074|2.00|28.17|50436
33074|4.00|30.17|50436
33074|6.00|32.17|50436
33074|8.00|34.17|50436
33074|10.00|36.17|50436
33074|12.00|38.17|50436
33074|14.00|40.17|50436
33074|16.00|42.17|50436
33074|18.00|44.17|50436
33074|20.00|46.17|50436
33074|22.00|48.17|50436
33074|24.00|50.17|50436
33074|26.00|52.17|50436
33074|28.00|54.17|50436
33074|30.00|56.17|50436
33074|32.00|58.17|50436
33074|34.00|60.17|50436
33074|36.00|62.17|50436
33074|38.00|64.17|50436
33074|40.00|66.17|50436
33074|42.00|68.17|50436
33074|44.00|70.17|50436
33074|46.00|72.17|50436
33074|1.00|27.20|50437
33074|3.00|29.20|50437
33074|5.00|31.20|50437
33074|7.00|33.20|50437
33074|9.00|35.20|50437
33074|11.00|37.20|50437
33074|13.00|39.20|50437
33074|15.00|41.20|50437
33074|17.00|43.20|50437
33074|19.00|45.20|50437
33074|21.00|47.20|50437
33074|23.00|49.20|50437
33074|25.00|51.20|50437
33074|27.00|53.20|50437
33074|29.00|55.20|50437
33074|31.00|57.20|50437
33074|33.00|59.20|50437
33074|35.00|61.20|50437
33074|37.00|63.20|50437
33074|39.00|65.20|50437
33074|41.00|67.20|50437
33074|43.00|69.20|50437
33074|45.00|71.20|50437
33074|47.00|73.20|50437
33075|3.00|37.26|50438
33076|6.00|40.26|50438
34077|9.00|43.26|50438
33076|12.00|46.26|50438
33075|15.00|49.26|50438
33075|18.00|52.26|50438
33076|21.00|55.26|50438
33075|24.00|58.26|50438
33075|27.00|61.26|50438
34077|30.00|64.26|50438
33076|33.00|67.26|50438
