105.67
11001|7.17|24.29|10021
11001|7.59|24.51|10022
11001|8.01|24.99|10023
11001|8.43|25.35|10024
11001|8.85|25.74|10025
11001|9.27|26.19|10026
11001|9.69|26.63|10027
11001|10.11|27.07|10028
11001|10.53|27.43|10029
11001|10.95|28.06|10030
11003|6.01|21.69|20188
11003|6.01|21.27|20189
11003|6.01|21.67|20190
11003|6.01|22.32|20191
11003|6.01|21.45|20192
11003|6.01|22.34|20193
11003|6.01|21.50|20194
11003|6.01|21.30|20195
11003|6.01|22.13|20196
11002|6.88|25.77|30121
11002|7.23|26.02|30122
11002|7.58|26.79|30123
11002|7.93|27.10|30124
11002|8.28|27.40|30125
11002|8.63|27.82|30126
11002|8.98|28.10|30127
11002|9.33|28.49|30128
11002|9.68|29.15|30129
11002|10.03|29.48|30130
11009|5.65|21.68|40474
11009|5.65|20.13|40475
11009|5.65|23.34|40476
11010|14.99|39.53|10490
11009|14.53|33.49|20462
11009|15.73|34.63|20463
11009|16.93|35.88|20464
11002|13.58|27.78|30151
11002|13.58|26.39|30152
11002|13.58|28.44|30153
11002|13.58|28.87|30154
11002|13.58|26.81|30155
11002|13.58|27.58|30156
11002|13.58|27.63|30157
11002|13.58|27.13|30158
11002|13.58|28.82|30159
11002|13.58|26.26|30160
11003|16.25|32.37|40224
11003|16.25|34.71|40225
11003|16.65|34.14|40226
11003|17.25|33.99|40227
11003|17.35|32.98|40228
11003|18.25|33.22|40229
11003|14.25|34.42|40230
11003|17.05|32.46|40231
11003|16.25|32.50|40232
11004|22.58|46.49|10249
11004|22.58|45.27|10250
11004|22.58|46.86|10251
11004|22.58|46.03|10252
11004|22.58|46.33|10253
11004|22.58|46.26|10254
11004|22.58|46.15|10255
11004|22.58|47.07|10256
11004|21.40|42.42|20241
11004|21.40|42.65|20242
11004|21.40|42.00|20243
11004|21.40|42.21|20244
11004|21.40|42.27|20245
11004|21.40|43.03|20246
11004|21.40|44.22|20247
11004|21.40|43.97|20248
11011|22.02|65.28|30502
11004|21.64|36.78|40281
11004|21.64|37.08|40282
11004|21.64|37.38|40283
11004|21.64|38.27|40284
11004|21.64|38.40|40285
11004|21.64|37.27|40286
11004|21.64|37.58|40287
11004|21.64|37.47|40288
11013|28.85|68.34|10519
11013|30.14|70.32|20519
11008|30.35|59.61|30435
11008|30.35|59.59|30436
11008|30.35|51.34|30437
11008|30.35|54.87|30438
11008|28.92|44.66|40455
11008|28.92|44.34|40456
11008|28.92|41.66|40457
11008|28.92|40.42|40458
11013|36.34|63.88|10516
11092|35.59|73.21|21001
11015|35.83|61.55|30536
11009|35.58|59.78|40465
11009|35.58|64.25|40466
11009|35.58|51.16|40467
11001|45.38|61.86|10061
11001|45.38|62.35|10062
11001|45.38|61.35|10063
11001|45.38|61.06|10064
11001|45.38|61.85|10065
11001|44.33|63.46|10066
11001|44.63|62.03|10067
11001|44.63|62.46|10068
11001|44.33|63.04|10069
11001|44.63|62.23|10070
11090|45.11|78.34|21024
11018|45.12|78.77|30570
11092|44.30|81.89|41001
11008|50.64|65.25|10443
11008|50.64|64.20|10444
11008|50.64|66.07|10445
11008|50.64|65.04|10446
11003|52.07|78.06|20215
11003|52.07|78.23|20216
11003|52.07|78.87|20217
11003|52.07|78.27|20218
11003|52.07|78.52|20219
11003|52.07|78.64|20220
11003|52.07|78.72|20221
11003|52.07|80.36|20222
11003|52.07|80.45|20223
11012|51.29|101.88|30507
11012|51.10|89.79|40513
11004|58.21|76.66|10265
11004|58.21|75.76|10266
11004|58.21|76.61|10267
11004|58.21|77.10|10268
11004|58.21|77.78|10269
11004|58.21|77.59|10270
11004|58.21|76.94|10271
11004|58.21|75.99|10272
11015|58.13|97.91|20540
11003|57.09|81.37|30206
11003|57.09|81.52|30207
11003|57.09|81.22|30208
11003|57.09|81.49|30209
11003|57.09|81.03|30210
11003|58.59|81.08|30211
11003|58.59|81.28|30212
11003|58.59|81.51|30213
11003|58.59|81.29|30214
11003|58.55|84.54|40215
11003|58.55|84.75|40216
11003|58.55|85.40|40217
11003|58.55|84.67|40218
11003|58.55|84.90|40219
11003|58.55|85.16|40220
11003|58.55|85.17|40221
11003|58.55|86.89|40222
11003|58.55|86.96|40223
