98.52
11018|7.51|44.68|10565
11018|6.84|41.13|20570
11012|6.44|57.03|30507
11015|5.80|35.35|40543
11009|13.42|44.83|10477
11009|13.42|44.60|10478
11009|13.42|44.07|10479
11010|13.19|46.35|20492
11010|14.64|39.33|30490
11003|16.65|32.77|40224
11003|16.65|35.11|40225
11003|17.05|34.54|40226
11003|17.65|34.39|40227
11003|17.75|33.38|40228
11003|18.65|33.62|40229
11003|14.65|34.82|40230
11003|17.45|32.86|40231
11003|16.65|32.90|40232
11025|20.10|53.23|10634
11214|20.44|49.66|20596
11025|21.49|85.07|30643
11017|20.41|73.34|40563
11011|27.56|70.39|10500
11004|28.39|49.66|20233
11004|28.39|49.16|20234
11004|28.39|49.46|20235
11004|28.39|49.14|20236
11004|28.39|49.48|20237
11004|28.39|49.31|20238
11004|28.39|49.67|20239
11004|28.39|49.75|20240
11001|27.83|45.14|30001
11001|28.63|45.45|30002
11001|28.73|45.26|30003
11001|28.53|46.52|30004
11001|28.43|45.97|30005
11001|28.33|45.43|30006
11001|28.63|44.74|30007
11001|28.43|46.38|30008
11001|27.83|45.90|30009
11001|28.43|45.40|30010
11001|26.56|47.87|40041
11001|26.56|47.71|40042
11001|26.56|47.46|40043
11001|26.56|47.83|40044
11001|26.56|48.52|40045
11001|26.56|48.07|40046
11001|26.56|47.59|40047
11001|26.56|47.89|40048
11001|26.56|47.13|40049
11001|26.56|48.52|40050
11090|36.18|52.37|11086
11008|35.95|54.56|20447
11008|35.95|56.32|20448
11008|35.95|55.85|20449
11008|35.95|55.95|20450
11004|34.95|56.27|30297
11004|34.95|56.44|30298
11004|34.95|57.07|30299
11004|34.95|57.19|30300
11004|34.95|56.58|30301
11004|34.95|56.01|30302
11004|34.95|55.34|30303
11004|34.95|58.05|30304
11001|34.60|55.91|40041
11001|34.60|55.75|40042
11001|34.60|55.50|40043
11001|34.60|55.87|40044
11001|34.60|56.56|40045
11001|34.60|56.11|40046
11001|34.60|55.63|40047
11001|34.60|55.93|40048
11001|34.60|55.17|40049
11001|34.60|56.56|40050
11004|42.34|57.48|10281
11004|42.34|57.56|10282
11004|42.34|58.32|10283
11004|42.34|58.99|10284
11004|42.34|59.09|10285
11004|42.34|57.91|10286
11004|42.34|58.65|10287
11004|42.34|58.15|10288
11015|42.54|72.21|20538
11025|42.01|98.52|30642
11002|43.59|63.54|40101
11002|43.59|62.56|40102
11002|43.59|62.94|40103
11002|43.59|63.28|40104
11002|43.59|62.40|40105
11002|43.59|63.55|40106
11002|43.59|60.24|40107
11002|43.59|63.15|40108
11002|43.59|61.78|40109
11002|43.59|62.25|40110
11004|49.68|69.15|10289
11004|49.68|70.36|10290
11004|49.68|67.64|10291
11004|49.68|65.91|10292
11004|49.68|68.86|10293
11004|49.68|68.97|10294
11004|49.68|67.11|10295
11004|49.68|68.96|10296
11010|50.35|82.32|20480
11001|49.86|67.17|30001
11001|50.66|67.48|30002
11001|50.76|67.29|30003
11001|50.56|68.55|30004
11001|50.46|68.00|30005
11001|50.36|67.46|30006
11001|50.66|66.77|30007
11001|50.46|68.41|30008
11001|49.86|67.93|30009
11001|50.46|67.43|30010
11009|49.45|73.65|40465
11009|49.45|78.12|40466
11009|49.45|65.03|40467
11010|56.66|94.90|10488
11008|56.75|76.37|20451
11008|56.75|75.39|20452
11008|56.75|74.86|20453
11008|56.75|75.53|20454
11004|57.11|78.43|30297
11004|57.11|78.60|30298
11004|57.11|79.23|30299
11004|57.11|79.35|30300
11004|57.11|78.74|30301
11004|57.11|78.17|30302
11004|57.11|77.50|30303
11004|57.11|80.21|30304
