93.55
11008|6.23|25.20|10439
11008|6.23|25.04|10440
11008|6.23|24.85|10441
11008|6.23|25.43|10442
11011|6.24|39.32|20498
11004|7.45|28.77|30297
11004|7.45|28.94|30298
11004|7.45|29.57|30299
11004|7.45|29.69|30300
11004|7.45|29.08|30301
11004|7.45|28.51|30302
11004|7.45|27.84|30303
11004|7.45|30.55|30304
11002|6.40|20.34|40151
11002|6.40|19.37|40152
11002|6.40|21.07|40153
11002|6.40|21.76|40154
11002|6.40|19.77|40155
11002|6.40|20.25|40156
11002|6.40|20.47|40157
11002|6.40|19.88|40158
11002|6.40|21.32|40159
11002|6.40|19.03|40160
11214|13.19|48.34|10598
11009|13.38|44.37|20468
11009|13.38|41.07|20469
11009|13.38|45.13|20470
11002|12.99|28.67|30141
11002|12.99|29.20|30142
11002|12.99|28.68|30143
11002|12.99|29.12|30144
11002|12.99|28.61|30145
11002|12.99|29.02|30146
11002|12.99|28.68|30147
11002|12.99|28.33|30148
11002|12.99|28.53|30149
11002|12.99|28.13|30150
11002|13.97|32.88|40111
11002|13.97|32.35|40112
11002|13.97|32.24|40113
11002|13.97|33.14|40114
11002|13.97|33.01|40115
11002|13.97|32.37|40116
11002|13.37|34.38|40117
11002|13.37|32.85|40118
11002|13.37|34.19|40119
11002|13.37|32.85|40120
11092|22.41|64.59|11090
11010|20.96|48.22|20484
11010|21.61|54.91|30492
11011|21.91|47.30|40497
11001|29.69|46.00|10031
11001|29.69|46.07|10032
11001|29.69|45.94|10033
11001|29.69|45.78|10034
11001|29.69|46.38|10035
11001|29.69|45.62|10036
11001|29.69|45.06|10037
11001|29.69|45.64|10038
11001|29.69|46.06|10039
11001|29.69|45.47|10040
11009|29.81|60.83|20477
11009|29.81|60.98|20478
11009|29.81|60.51|20479
11013|29.21|61.09|30523
11003|29.62|51.44|40197
11003|29.62|51.82|40198
11003|29.62|51.24|40199
11003|29.62|51.82|40200
11003|29.62|51.66|40201
11003|29.62|50.69|40202
11003|29.62|50.97|40203
11003|29.62|50.73|40204
11003|29.62|50.65|40205
11010|36.68|68.65|10480
11011|36.98|69.26|20503
11013|36.38|68.26|30523
11003|36.58|58.40|40197
11003|36.58|58.78|40198
11003|36.58|58.20|40199
11003|36.58|58.78|40200
11003|36.58|58.62|40201
11003|36.58|57.65|40202
11003|36.58|57.93|40203
11003|36.58|57.69|40204
11003|36.58|57.61|40205
11003|43.31|66.66|10179
11003|43.31|67.11|10180
11003|43.31|65.67|10181
11003|43.31|67.62|10182
11003|43.31|66.50|10183
11003|43.31|65.72|10184
11003|43.31|69.84|10185
11003|43.31|66.37|10186
11003|43.31|67.06|10187
11001|43.60|59.94|20031
11001|43.60|60.01|20032
11001|43.60|59.83|20033
11001|43.60|59.70|20034
11001|43.60|60.38|20035
11001|43.60|59.58|20036
11001|43.60|58.97|20037
11001|43.60|59.63|20038
11001|43.60|60.03|20039
11001|43.60|59.59|20040
11001|45.00|61.70|30021
11001|45.42|62.32|30022
11001|45.84|62.76|30023
11001|46.26|63.23|30024
11001|46.68|63.53|30025
11001|47.10|64.06|30026
11001|47.52|64.44|30027
11001|47.94|64.81|30028
11001|48.36|65.28|30029
11001|48.78|65.67|30030
11018|44.36|82.82|40569
11004|50.96|68.74|10257
11004|51.56|69.19|10258
11004|52.16|69.76|10259
11004|52.76|70.35|10260
11004|53.36|71.01|10261
11004|53.96|71.61|10262
11004|54.56|72.20|10263
11004|55.16|72.80|10264
11009|51.62|74.36|20459
11009|51.62|76.44|20460
11009|51.62|77.64|20461
11003|53.50|69.74|30224
11003|53.50|72.14|30225
11003|53.90|71.41|30226
11003|54.50|71.13|30227
11003|54.60|70.37|30228
11003|55.50|70.46|30229
11003|51.50|71.88|30230
11003|54.30|69.73|30231
11003|53.50|69.82|30232
11214|50.37|93.55|40600
11015|58.09|88.51|10543
11008|58.61|77.72|20439
11008|58.61|77.41|20440
11008|58.61|77.28|20441
11008|58.61|78.22|20442
