121.08
11018|5.83|44.24|10573
11008|4.66|23.77|20439
11008|4.66|23.46|20440
11008|4.66|23.33|20441
11008|4.66|24.27|20442
11015|4.63|30.92|30537
11021|6.32|35.31|40595
11015|12.24|42.66|10543
11026|13.42|53.29|20646
11003|13.10|31.79|30161
11003|13.10|31.00|30162
11003|13.10|32.28|30163
11003|13.90|32.25|30164
11003|13.50|33.35|30165
11003|12.50|30.76|30166
11003|12.50|30.83|30167
11003|12.50|32.70|30168
11003|12.50|32.48|30169
11010|11.69|50.06|40488
11017|19.06|47.04|10555
11010|18.53|50.50|20480
11020|18.22|32.31|30591
11009|17.22|39.93|40459
11009|17.22|42.05|40460
11009|17.22|42.92|40461
11025|24.48|60.39|10636
11010|24.38|51.64|20484
11017|22.96|68.25|30560
11018|24.60|57.13|40568
11018|29.16|64.17|10571
11010|30.64|60.30|20482
11025|29.71|85.96|30638
11010|30.17|55.05|40490
11012|36.99|64.61|10509
11092|35.35|113.02|21088
11007|37.29|57.46|30421
11007|37.29|56.97|30422
11007|37.29|56.37|30423
11007|37.29|55.91|30424
11007|37.29|55.79|30425
11025|36.90|70.01|40634
11026|44.14|114.46|10652
11008|42.74|72.00|20435
11008|42.74|71.11|20436
11008|42.74|63.71|20437
11008|42.74|67.68|20438
11092|42.82|121.08|31088
11090|42.47|75.70|41024
11002|48.98|63.01|10091
11002|48.98|63.12|10092
11002|48.98|62.66|10093
11002|48.98|62.83|10094
11002|48.98|62.96|10095
11002|48.38|64.24|10096
11002|48.38|64.02|10097
11002|48.38|64.18|10098
11002|48.78|64.06|10099
11002|48.38|63.66|10100
11007|49.43|69.37|20411
11007|49.43|69.26|20412
11007|49.43|68.58|20413
11007|49.43|69.91|20414
11007|49.43|66.17|20415
11026|48.49|98.04|30653
11016|49.30|88.38|40552
11003|55.28|79.60|10206
11003|55.28|79.92|10207
11003|55.28|79.56|10208
11003|55.28|79.56|10209
11003|55.28|79.47|10210
11003|56.78|79.51|10211
11003|56.78|79.71|10212
11003|56.78|80.02|10213
11003|56.78|79.28|10214
11007|55.33|75.27|20411
11007|55.33|75.16|20412
11007|55.33|74.48|20413
11007|55.33|75.81|20414
11007|55.33|72.07|20415
11021|54.65|89.87|30598
11004|54.65|74.15|40289
11004|54.65|75.59|40290
11004|54.65|72.58|40291
11004|54.65|70.91|40292
11004|54.65|73.75|40293
11004|54.65|73.94|40294
11004|54.65|72.08|40295
11004|54.65|73.88|40296
