55.05
11001|5.27|23.37|10011
11001|5.17|23.30|10012
11001|5.27|23.29|10013
11001|5.27|23.65|10014
11001|5.27|22.99|10015
11001|5.27|23.72|10016
11001|5.77|22.34|10017
11007|5.89|29.75|40401
11007|5.89|32.14|40402
11007|5.89|31.36|40403
11007|5.89|31.33|40404
11007|5.89|30.62|40405
11001|11.33|29.43|10011
11001|11.23|29.36|10012
11001|11.33|29.35|10013
11001|11.33|29.71|10014
11001|11.33|29.05|10015
11001|11.33|29.78|10016
11001|11.83|28.40|10017
11010|11.88|50.19|20488
11010|11.88|44.45|20489
11001|12.92|29.51|30061
11001|12.92|30.21|30062
11001|12.92|28.96|30063
11001|12.92|28.62|30064
11001|12.92|29.56|30065
11001|11.87|31.17|30066
11001|12.17|29.54|30067
11001|18.02|41.26|10071
11001|18.02|40.98|10072
11001|18.02|40.54|10073
11001|18.02|40.39|10074
11001|18.02|40.50|10075
11001|18.02|40.21|10076
11001|18.42|40.19|10077
11001|18.22|39.69|10078
11001|18.02|38.10|10079
11001|18.82|39.47|10080
11001|18.04|36.02|20011
11001|17.94|36.09|20012
11001|18.04|35.72|20013
11001|18.04|36.41|20014
11007|18.49|34.76|30426
11007|18.49|34.79|30427
11007|18.49|34.99|30428
11007|18.49|35.35|30429
11007|18.49|34.99|30430
11007|18.25|44.69|40416
11007|18.25|42.00|40417
11007|18.25|48.69|40418
11007|18.25|46.66|40419
11007|18.25|45.50|40420
11001|23.63|39.43|10051
11001|23.63|37.19|10052
11001|23.63|35.97|10053
11001|23.63|37.39|10054
11001|23.63|37.33|10055
11001|23.63|36.57|10056
11001|23.63|36.46|10057
11010|24.46|49.23|20490
11010|24.46|55.05|20491
11007|24.11|48.16|30401
11007|24.11|50.37|30402
11007|24.11|49.58|30403
11007|24.11|49.67|30404
11007|24.11|48.74|30405
11001|24.46|41.76|40001
11001|25.26|42.07|40002
11001|25.36|41.99|40003
11001|25.16|43.13|40004
11001|25.06|42.55|40005
11001|24.96|42.05|40006
11001|25.26|41.41|40007
