107.62
11003|6.57|22.25|10188
11003|6.57|21.75|10189
11003|6.57|22.31|10190
11003|6.57|22.84|10191
11003|6.57|22.00|10192
11003|6.57|22.94|10193
11003|6.57|22.08|10194
11003|6.57|21.90|10195
11003|6.57|22.72|10196
11008|6.78|36.04|20435
11008|6.78|35.15|20436
11008|6.78|27.75|20437
11008|6.78|31.72|20438
11008|7.07|36.33|30435
11008|7.07|36.31|30436
11008|7.07|28.06|30437
11008|7.07|31.59|30438
11012|7.06|45.75|40513
11004|14.40|38.31|10249
11004|14.40|37.09|10250
11004|14.40|38.68|10251
11004|14.40|37.85|10252
11004|14.40|38.15|10253
11004|14.40|38.08|10254
11004|14.40|37.97|10255
11004|14.40|38.89|10256
11009|14.17|38.06|20465
11009|14.17|44.09|20466
11009|14.17|36.23|20467
11009|13.81|36.44|30459
11009|13.81|38.65|30460
11009|13.81|39.53|30461
11017|13.59|66.52|40563
11004|20.30|44.21|10249
11004|20.30|42.99|10250
11004|20.30|44.58|10251
11004|20.30|43.75|10252
11004|20.30|44.05|10253
11004|20.30|43.98|10254
11004|20.30|43.87|10255
11004|20.30|44.79|10256
11011|21.28|65.07|20500
11003|19.40|41.27|30197
11003|19.40|41.61|30198
11003|19.40|41.03|30199
11003|19.40|41.62|30200
11003|19.40|41.41|30201
11003|19.40|40.33|30202
11003|19.40|40.84|30203
11003|19.40|40.69|30204
11003|19.40|40.42|30205
11009|19.42|50.30|40468
11009|19.42|46.92|40469
11009|19.42|50.85|40470
11002|26.97|41.15|10151
11002|26.97|39.38|10152
11002|26.97|41.73|10153
11002|26.97|42.23|10154
11002|26.97|39.90|10155
11002|26.97|40.87|10156
11002|26.97|40.93|10157
11002|26.97|40.49|10158
11002|26.97|41.82|10159
11002|26.97|39.51|10160
11015|28.81|52.97|20534
11017|28.60|64.84|30559
11001|28.08|44.41|40031
11001|28.08|44.50|40032
11001|28.08|44.30|40033
11001|28.08|44.29|40034
11001|28.08|44.97|40035
11001|28.08|44.00|40036
11001|28.08|43.45|40037
11001|28.08|44.09|40038
11001|28.08|44.47|40039
11001|28.08|43.97|40040
11025|35.14|91.65|10642
11010|34.94|59.71|20490
11008|34.82|54.10|30431
11008|34.82|54.05|30432
11008|34.82|55.49|30433
11008|34.82|53.99|30434
11214|35.79|74.18|40603
11010|41.69|71.31|10482
11004|43.38|61.58|20265
11004|43.38|61.23|20266
11004|43.38|61.81|20267
11004|43.38|62.26|20268
11004|43.38|62.71|20269
11004|43.38|62.47|20270
11004|43.38|62.13|20271
11004|43.38|61.73|20272
11001|42.16|58.86|30021
11001|42.58|59.48|30022
11001|43.00|59.92|30023
11001|43.42|60.39|30024
11001|43.84|60.69|30025
11001|44.26|61.22|30026
11001|44.68|61.60|30027
11001|45.10|61.97|30028
11001|45.52|62.44|30029
11001|45.94|62.83|30030
11002|42.69|58.57|40141
11002|42.69|58.79|40142
11002|42.69|58.34|40143
11002|42.69|58.95|40144
11002|42.69|58.32|40145
11002|42.69|58.20|40146
11002|42.69|58.41|40147
11002|42.69|58.03|40148
11002|42.69|58.14|40149
11002|42.69|57.69|40150
11010|50.27|71.21|10486
11015|49.60|79.44|20535
11001|50.05|68.25|30011
11001|49.95|68.21|30012
11001|50.05|67.85|30013
11001|50.05|68.27|30014
11001|50.05|68.04|30015
11001|50.05|68.47|30016
11001|50.55|67.26|30017
11001|50.85|67.28|30018
11001|50.55|67.34|30019
11001|50.55|67.22|30020
11001|49.50|66.80|40001
11001|50.30|67.11|40002
11001|50.40|67.03|40003
11001|50.20|68.17|40004
11001|50.10|67.59|40005
11001|50.00|67.09|40006
11001|50.30|66.45|40007
11001|50.10|67.99|40008
11001|49.50|67.43|40009
11001|50.10|67.04|40010
11009|57.83|73.82|10474
11009|57.83|72.24|10475
11009|57.83|75.77|10476
11009|56.94|79.68|20459
11009|56.94|81.76|20460
11009|56.94|82.96|20461
11011|58.17|90.67|30503
11015|58.59|107.62|40541
