46.90
11007|5.18|34.67|10396
11007|5.18|31.31|10397
11007|5.18|42.20|10398
11007|5.18|39.33|10399
11010|5.49|26.53|20486
11010|5.49|33.02|20487
11007|5.51|25.68|30421
11007|5.51|25.19|30422
11007|5.51|24.59|30423
11007|5.51|24.13|30424
11003|5.78|29.10|40170
11003|5.78|28.25|40171
11003|5.78|27.27|40172
11003|6.58|27.36|40173
11003|6.58|29.91|40174
11003|6.58|30.96|40175
11008|11.55|31.01|10451
11008|11.55|30.15|10452
11008|11.55|29.60|10453
11008|11.55|30.34|10454
11003|11.73|27.41|20188
11003|11.73|26.99|20189
11003|11.73|27.39|20190
11003|11.73|28.04|20191
11003|11.73|27.17|20192
11003|11.73|28.06|20193
11008|11.05|30.56|30451
11008|11.05|29.79|30452
11008|11.05|29.15|30453
11008|11.05|29.82|30454
11008|11.68|26.29|40443
11008|11.68|25.25|40444
11008|11.68|27.04|40445
11008|11.68|26.10|40446
11001|18.01|41.25|10071
11001|18.01|40.97|10072
11001|18.01|40.53|10073
11001|18.01|40.38|10074
11001|18.01|40.49|10075
11001|18.01|40.20|10076
11001|18.41|40.18|10077
11001|17.55|38.79|20041
11001|17.55|38.67|20042
11001|17.55|38.39|20043
11001|17.55|38.91|20044
11001|17.55|39.54|20045
11001|17.55|39.00|20046
11001|17.55|38.53|20047
11007|18.49|38.66|30421
11007|18.49|38.17|30422
11007|18.49|37.57|30423
11007|18.49|37.11|30424
11001|18.08|41.29|40071
11001|18.08|40.98|40072
11001|18.08|40.81|40073
11001|18.08|40.28|40074
11001|18.08|40.74|40075
11001|18.08|40.47|40076
11001|18.48|40.08|40077
11003|24.57|43.15|10161
11003|24.57|42.39|10162
11003|24.57|43.72|10163
11003|25.37|43.60|10164
11003|24.97|44.75|10165
11003|23.97|42.20|10166
11006|24.07|44.83|20384
11006|24.77|45.55|20385
11006|25.47|46.18|20386
11006|26.17|46.90|20387
11006|24.43|43.12|30372
11006|24.43|43.29|30373
11006|24.43|43.63|30374
11006|24.43|43.82|30375
11002|24.98|39.07|40091
11002|24.98|39.05|40092
11002|24.98|38.56|40093
11002|24.98|39.04|40094
11002|24.98|39.06|40095
11002|24.38|40.37|40096
11002|24.38|40.07|40097
