65.58
33074|0.00|25.78|50484
33074|1.50|27.28|50484
33074|3.00|28.78|50484
33074|4.50|30.28|50484
33074|6.00|31.78|50484
33074|7.50|33.28|50484
33074|9.00|34.78|50484
33074|10.50|36.28|50484
33074|12.00|37.78|50484
33074|13.50|39.28|50484
33074|15.00|40.78|50484
33074|16.50|42.28|50484
33074|18.00|43.78|50484
33074|19.50|45.28|50484
33074|21.00|46.78|50484
33074|22.50|48.28|50484
33074|24.00|49.78|50484
33074|25.50|51.28|50484
33074|27.00|52.78|50484
33074|28.50|54.28|50484
33074|30.00|55.78|50484
33074|31.50|57.28|50484
33074|33.00|58.78|50484
33074|34.50|60.28|50484
33074|0.00|30.69|50485
33074|1.50|32.19|50485
33074|3.00|33.69|50485
33074|4.50|35.19|50485
33074|6.00|36.69|50485
33074|7.50|38.19|50485
33074|9.00|39.69|50485
33074|10.50|41.19|50485
33074|12.00|42.69|50485
33074|13.50|44.19|50485
33074|15.00|45.69|50485
33074|16.50|47.19|50485
33074|18.00|48.69|50485
33074|19.50|50.19|50485
33074|21.00|51.69|50485
33074|22.50|53.19|50485
33074|24.00|54.69|50485
33074|25.50|56.19|50485
33074|27.00|57.69|50485
33074|28.50|59.19|50485
33074|30.00|60.69|50485
33074|31.50|62.19|50485
33074|33.00|63.69|50485
33074|34.50|65.19|50485
33075|0.00|38.58|50486
33076|3.00|41.58|50486
33075|6.00|44.58|50486
34077|9.00|47.58|50486
33075|12.00|50.58|50486
33075|15.00|53.58|50486
33076|18.00|56.58|50486
33075|21.00|59.58|50486
33075|24.00|62.58|50486
34077|27.00|65.58|50486
