63.42
11010|5.61|35.27|20482
11010|5.61|30.05|20483
11001|5.80|27.10|30041
11001|5.80|27.00|30042
11001|5.80|26.71|30043
11001|5.80|27.09|30044
11001|5.80|27.66|30045
11001|5.80|27.32|30046
11001|5.80|26.75|30047
11007|5.83|35.84|30396
11007|5.83|31.82|30397
11007|5.83|43.42|30398
11007|5.83|38.98|30399
11007|5.83|32.34|30400
11001|10.49|28.59|10011
11001|10.39|28.52|10012
11001|10.49|28.51|10013
11001|10.49|28.87|10014
11001|10.49|28.21|10015
11001|10.49|28.94|10016
11001|10.99|27.56|10017
11001|10.74|27.53|20021
11001|11.16|28.09|20022
11001|11.58|28.45|20023
11001|12.00|28.87|20024
11001|12.42|29.34|20025
11001|12.84|29.77|20026
11001|13.26|30.15|20027
11001|11.23|28.04|40002
11001|11.33|27.96|40003
11001|11.13|29.10|40004
11001|11.03|28.52|40005
11001|10.93|28.02|40006
11001|11.23|27.38|40007
11001|18.14|35.37|10001
11001|18.94|35.80|10002
11001|19.04|35.55|10003
11001|18.84|36.77|10004
11001|18.74|36.29|10005
11001|18.64|35.69|10006
11001|18.94|35.07|10007
11001|18.23|36.30|40011
11001|18.13|36.29|40012
11001|18.23|35.72|40013
11001|18.23|36.51|40014
11001|18.23|36.17|40015
11001|18.23|36.69|40016
11001|18.73|35.37|40017
11001|25.45|46.63|10041
11001|25.45|46.54|10042
11001|25.45|46.29|10043
11001|25.45|46.77|10044
11001|25.45|47.22|10045
11001|25.45|46.96|10046
11001|25.45|46.39|10047
11010|25.86|53.12|20484
11010|25.86|52.44|20485
11007|25.83|55.84|30396
11007|25.83|51.82|30397
11007|25.83|63.42|30398
11007|25.83|58.98|30399
11007|25.83|52.34|30400
11001|25.57|42.87|40001
11001|26.37|43.18|40002
11001|26.47|43.10|40003
11001|26.27|44.24|40004
11001|26.17|43.66|40005
11001|26.07|43.16|40006
11001|26.37|42.52|40007
