63.35
11007|5.92|29.94|10401
11007|5.92|32.01|10402
11007|5.92|31.34|10403
11007|5.92|31.43|10404
11007|5.92|30.62|10405
11010|5.33|32.59|20484
11010|5.33|31.91|20485
11002|5.64|21.32|30141
11002|5.64|21.85|30142
11002|5.64|21.33|30143
11002|5.64|21.77|30144
11002|5.64|21.26|30145
11002|5.64|21.67|30146
11002|5.64|21.33|30147
11002|5.70|25.65|40101
11002|5.70|24.67|40102
11002|5.70|25.05|40103
11002|5.70|25.39|40104
11002|5.70|24.51|40105
11002|5.70|25.66|40106
11002|5.70|22.35|40107
11003|12.88|38.81|10215
11003|12.88|39.05|10216
11003|12.88|39.71|10217
11003|12.88|39.05|10218
11003|12.88|39.20|10219
11003|12.88|39.52|10220
11002|13.28|28.84|20131
11002|13.28|23.76|20132
11002|13.28|27.28|20133
11002|13.28|28.05|20134
11002|13.28|26.83|20135
11002|13.28|26.18|20136
11002|13.28|27.30|20137
11007|13.23|37.28|30401
11007|13.23|39.49|30402
11007|13.23|38.70|30403
11007|13.23|38.79|30404
11007|13.23|37.86|30405
11013|13.20|53.95|40519
11005|20.16|33.96|10319
11005|20.81|34.56|10320
11005|21.46|35.25|10321
11005|22.11|35.93|10322
11005|22.76|36.51|10323
11005|23.41|37.14|10324
11005|24.06|37.79|10325
11007|19.54|46.01|20416
11007|19.54|43.38|20417
11007|19.54|48.91|20418
11007|19.54|48.12|20419
11007|19.54|47.29|20420
11004|20.11|37.78|30257
11004|20.71|38.26|30258
11004|21.31|38.93|30259
11004|21.91|39.60|30260
11004|22.51|40.12|30261
11004|23.11|40.73|30262
11004|23.71|41.32|30263
11004|24.31|41.88|30264
11007|19.96|39.81|40411
11007|19.96|39.85|40412
11007|19.96|38.96|40413
11007|19.96|40.50|40414
11007|19.96|36.73|40415
11007|26.33|55.82|10396
11007|26.33|52.46|10397
11007|26.33|63.35|10398
11007|26.33|60.48|10399
11007|26.33|52.47|10400
11009|26.81|57.83|20477
11009|26.81|57.98|20478
11009|26.81|57.51|20479
11011|26.44|60.85|30499
11007|26.38|46.23|40411
11007|26.38|46.27|40412
11007|26.38|45.38|40413
11007|26.38|46.92|40414
11007|26.38|43.15|40415
