94.01
11003|6.69|25.27|10161
11003|6.69|24.51|10162
11003|6.69|25.84|10163
11003|7.49|25.72|10164
11003|7.09|26.87|10165
11003|6.09|24.32|10166
11003|6.09|24.20|10167
11003|6.09|26.48|10168
11003|6.09|26.26|10169
11015|6.57|32.06|20536
11003|5.44|21.09|30188
11003|5.44|20.65|30189
11003|5.44|21.13|30190
11003|5.44|21.57|30191
11003|5.44|20.85|30192
11003|5.44|21.93|30193
11003|5.44|21.02|30194
11003|5.44|20.74|30195
11003|5.44|21.60|30196
11004|5.20|20.34|40273
11004|5.20|20.64|40274
11004|5.20|21.05|40275
11004|5.20|20.82|40276
11004|5.20|20.92|40277
11004|5.20|21.39|40278
11004|5.20|21.13|40279
11004|5.20|21.44|40280
11214|10.67|39.97|10596
11007|12.17|38.64|20416
11007|12.17|36.01|20417
11007|12.17|41.54|20418
11007|12.17|40.75|20419
11007|12.17|39.92|20420
11012|11.12|46.24|30506
11024|10.80|53.16|40632
11009|17.98|36.85|10462
11009|19.18|38.16|10463
11009|20.38|39.27|10464
11010|17.36|44.62|20484
11004|19.01|40.28|30233
11004|19.01|39.78|30234
11004|19.01|40.08|30235
11004|19.01|39.76|30236
11004|19.01|40.09|30237
11004|19.01|39.97|30238
11004|19.01|40.30|30239
11004|19.01|40.36|30240
11008|18.31|37.10|40439
11008|18.31|37.28|40440
11008|18.31|36.89|40441
11008|18.31|37.47|40442
11214|25.68|54.75|10594
11012|25.05|62.00|20512
11021|25.07|64.89|30599
11214|24.59|59.63|40598
11011|32.08|62.36|10494
11017|31.35|84.97|20563
11011|31.25|61.74|30494
11002|30.55|49.48|40121
11002|30.90|49.79|40122
11002|31.25|50.46|40123
11002|31.60|50.78|40124
11002|31.95|51.13|40125
11002|32.30|51.52|40126
11002|32.65|51.84|40127
11002|33.00|52.22|40128
11002|33.35|52.87|40129
11002|33.70|53.14|40130
11020|36.93|58.16|10592
11011|37.40|65.68|20495
11018|37.65|72.53|30571
11008|38.47|53.08|40443
11008|38.47|52.04|40444
11008|38.47|53.83|40445
11008|38.47|52.89|40446
11012|45.03|80.06|10508
11002|44.30|63.28|20111
11002|44.30|62.87|20112
11002|44.30|62.71|20113
11002|44.30|63.20|20114
11002|44.30|63.41|20115
11002|44.30|62.80|20116
11002|43.70|63.96|20117
11002|43.70|63.26|20118
11002|43.70|64.50|20119
11002|43.70|63.73|20120
11009|44.80|63.57|30462
11009|46.00|65.00|30463
11009|47.20|66.07|30464
11090|44.50|64.48|41084
11020|50.81|68.70|10585
11024|50.40|92.56|20632
11017|49.07|85.31|30559
11214|49.13|81.81|40601
11017|55.73|89.72|10556
11090|54.84|74.80|21084
11007|56.42|86.43|30396
11007|56.42|82.41|30397
11007|56.42|94.01|30398
11007|56.42|89.57|30399
11007|56.42|82.93|30400
11016|54.77|91.40|40550
