96.63
11013|6.94|36.67|10515
11015|6.05|31.54|20536
11009|5.95|27.82|30471
11009|5.95|27.07|30472
11009|5.95|28.08|30473
11004|7.19|26.69|40289
11004|7.19|28.13|40290
11004|7.19|25.12|40291
11004|7.19|23.45|40292
11004|7.19|26.29|40293
11004|7.19|26.48|40294
11004|7.19|24.62|40295
11004|7.19|26.42|40296
11021|13.80|46.11|10601
11009|13.24|32.20|20462
11009|14.44|33.34|20463
11009|15.64|34.59|20464
11008|13.31|42.57|30435
11008|13.31|42.55|30436
11008|13.31|34.30|30437
11008|13.31|37.83|30438
11002|14.06|32.99|40121
11002|14.41|33.30|40122
11002|14.76|33.97|40123
11002|15.11|34.29|40124
11002|15.46|34.64|40125
11002|15.81|35.03|40126
11002|16.16|35.35|40127
11002|16.51|35.73|40128
11002|16.86|36.38|40129
11002|17.21|36.65|40130
11002|22.05|40.85|10111
11002|22.05|40.48|10112
11002|22.05|40.31|10113
11002|22.05|41.24|10114
11002|22.05|41.47|10115
11002|22.05|40.44|10116
11002|21.45|42.01|10117
11002|21.45|40.98|10118
11002|21.45|42.09|10119
11002|21.45|41.52|10120
11002|20.81|39.97|20121
11002|21.16|40.02|20122
11002|21.51|40.63|20123
11002|21.86|41.29|20124
11002|22.21|41.63|20125
11002|22.56|41.70|20126
11002|22.91|42.06|20127
11002|23.26|42.68|20128
11002|23.61|43.38|20129
11002|23.96|43.39|20130
11001|21.31|44.68|30071
11001|21.31|44.05|30072
11001|21.31|44.12|30073
11001|21.31|43.43|30074
11001|21.31|44.03|30075
11001|21.31|43.66|30076
11001|21.71|43.40|30077
11001|21.51|42.43|30078
11001|21.31|41.37|30079
11001|22.11|42.61|30080
11003|22.30|46.56|40206
11003|22.30|46.73|40207
11003|22.30|46.45|40208
11003|22.30|46.58|40209
11003|22.30|46.44|40210
11003|23.80|46.29|40211
11003|23.80|46.46|40212
11003|23.80|46.60|40213
11003|23.80|46.32|40214
11090|28.17|50.84|11025
11003|28.15|52.44|20206
11003|28.15|52.56|20207
11003|28.15|52.27|20208
11003|28.15|52.41|20209
11003|28.15|52.32|20210
11003|29.65|52.01|20211
11003|29.65|51.94|20212
11003|29.65|52.63|20213
11003|29.65|51.99|20214
11013|28.45|65.95|30520
11092|28.93|71.06|41090
11009|37.07|59.04|10471
11009|37.07|58.30|10472
11009|37.07|59.43|10473
11002|36.99|52.65|20141
11002|36.99|53.26|20142
11002|36.99|52.60|20143
11002|36.99|53.25|20144
11002|36.99|52.63|20145
11002|36.99|53.09|20146
11002|36.99|52.70|20147
11002|36.99|52.32|20148
11002|36.99|52.65|20149
11002|36.99|52.14|20150
11008|36.97|55.68|30439
11008|36.97|55.74|30440
11008|36.97|55.52|30441
11008|36.97|56.56|30442
11002|36.07|51.33|40131
11002|36.07|51.66|40132
11002|36.07|49.98|40133
11002|36.07|51.06|40134
11002|36.07|49.41|40135
11002|36.07|49.00|40136
11002|36.07|50.35|40137
11002|36.07|50.88|40138
11002|36.07|49.46|40139
11002|36.07|48.94|40140
11092|42.90|80.64|11001
11214|43.61|78.60|20598
11001|42.23|58.34|30051
11001|42.23|55.58|30052
11001|42.23|54.56|30053
11001|42.23|55.81|30054
11001|42.23|55.74|30055
11001|42.23|55.34|30056
11001|42.23|55.03|30057
11001|42.23|54.35|30058
11001|42.23|56.41|30059
11001|42.23|56.39|30060
11013|41.94|75.00|40518
11003|51.17|67.66|10224
11003|51.17|69.53|10225
11003|51.57|69.14|10226
11003|52.17|68.85|10227
11003|52.27|67.86|10228
11003|53.17|68.15|10229
11003|49.17|69.21|10230
11003|51.97|67.39|10231
11003|51.17|67.53|10232
11011|50.79|94.46|20502
11008|50.57|70.08|30451
11008|50.57|69.31|30452
11008|50.57|68.67|30453
11008|50.57|69.34|30454
11008|50.62|66.36|40455
11008|50.62|66.04|40456
11008|50.62|63.36|40457
11008|50.62|62.12|40458
11009|57.44|73.43|10474
11009|57.44|71.85|10475
11009|57.44|75.38|10476
11092|56.38|79.11|21089
11015|57.83|96.63|30542
