88.93
11009|1.67|32.54|10468
11009|1.67|29.32|10469
11009|1.67|33.43|10470
11002|1.49|29.51|20081
11002|1.74|29.84|20082
11002|1.79|29.86|20083
11002|1.99|29.84|20084
11002|1.49|31.54|20085
11002|2.49|31.13|20086
11002|3.09|31.85|20087
11002|3.09|31.34|20088
11002|3.09|31.20|20089
11002|3.09|30.36|20090
11013|1.41|42.08|30519
11001|2.31|23.62|40041
11001|2.31|23.46|40042
11001|2.31|23.21|40043
11001|2.31|23.58|40044
11001|2.31|24.27|40045
11001|2.31|23.82|40046
11001|2.31|23.34|40047
11001|2.31|23.64|40048
11001|2.31|22.88|40049
11001|2.31|24.27|40050
11022|5.37|45.95|10606
11003|5.98|21.66|20188
11003|5.98|21.24|20189
11003|5.98|21.64|20190
11003|5.98|22.29|20191
11003|5.98|21.42|20192
11003|5.98|22.31|20193
11003|5.98|21.47|20194
11003|5.98|21.27|20195
11003|5.98|22.10|20196
11011|6.09|40.50|30499
11002|5.79|21.67|40141
11002|5.79|21.89|40142
11002|5.79|21.44|40143
11002|5.79|22.05|40144
11002|5.79|21.42|40145
11002|5.79|21.30|40146
11002|5.79|21.51|40147
11002|5.79|21.13|40148
11002|5.79|21.24|40149
11002|5.79|20.79|40150
11001|11.39|27.87|10061
11001|11.39|28.36|10062
11001|11.39|27.36|10063
11001|11.39|27.07|10064
11001|11.39|27.86|10065
11001|10.34|29.47|10066
11001|10.64|28.04|10067
11001|10.64|28.47|10068
11001|10.34|29.05|10069
11001|10.64|28.24|10070
11025|10.51|66.76|20638
11004|8.99|26.97|30265
11004|8.99|26.64|30266
11004|8.99|27.22|30267
11004|8.99|27.64|30268
11004|8.99|28.56|30269
11004|8.99|28.21|30270
11004|8.99|27.73|30271
11004|8.99|26.82|30272
11002|10.09|25.97|40141
11002|10.09|26.19|40142
11002|10.09|25.74|40143
11002|10.09|26.35|40144
11002|10.09|25.72|40145
11002|10.09|25.60|40146
11002|10.09|25.81|40147
11002|10.09|25.43|40148
11002|10.09|25.54|40149
11002|10.09|25.09|40150
11016|14.58|48.43|10551
11007|14.48|34.76|20421
11007|14.48|34.17|20422
11007|14.48|33.59|20423
11007|14.48|32.98|20424
11007|14.48|33.13|20425
11005|14.32|29.56|30340
11005|14.32|29.71|30341
11005|14.32|29.99|30342
11005|14.32|29.77|30343
11005|14.32|29.65|30344
11005|14.32|29.71|30345
11005|14.32|30.09|30346
11015|14.59|44.14|40543
11013|18.33|57.82|10519
11004|16.74|38.01|20233
11004|16.74|37.51|20234
11004|16.74|37.81|20235
11004|16.74|37.49|20236
11004|16.74|37.83|20237
11004|16.74|37.66|20238
11004|16.74|38.02|20239
11004|16.74|38.10|20240
11001|16.95|40.32|30071
11001|16.95|39.69|30072
11001|16.95|39.76|30073
11001|16.95|39.07|30074
11001|16.95|39.67|30075
11001|16.95|39.30|30076
11001|17.35|39.04|30077
11001|17.15|38.07|30078
11001|16.95|37.01|30079
11001|17.75|38.25|30080
11017|17.80|63.52|40558
11011|22.20|47.31|10497
11007|22.91|52.37|20396
11007|22.91|48.90|20397
11007|22.91|59.43|20398
11007|22.91|56.48|20399
11007|22.91|49.45|20400
11005|22.10|37.34|30340
11005|22.10|37.49|30341
11005|22.10|37.77|30342
11005|22.10|37.55|30343
11005|22.10|37.43|30344
11005|22.10|37.49|30345
11005|22.10|37.87|30346
11012|22.46|54.96|40504
11012|26.59|61.62|10508
11012|25.44|61.24|20510
11016|26.81|61.11|30551
11005|25.57|46.94|40347
11005|25.57|48.24|40348
11005|25.57|46.90|40349
11005|25.57|46.31|40350
11005|25.57|47.88|40351
11005|25.57|48.94|40352
11005|25.57|47.56|40353
11001|30.81|47.93|10021
11001|31.23|48.15|10022
11001|31.65|48.63|10023
11001|32.07|48.99|10024
11001|32.49|49.38|10025
11001|32.91|49.83|10026
11001|33.33|50.27|10027
11001|33.75|50.71|10028
11001|34.17|51.07|10029
11001|34.59|51.70|10030
11007|28.89|55.36|20416
11007|28.89|52.73|20417
11007|28.89|58.26|20418
11007|28.89|57.47|20419
11007|28.89|56.64|20420
11005|30.62|49.22|30333
11005|30.62|48.45|30334
11005|30.62|49.44|30335
11005|30.62|48.69|30336
11005|30.62|50.04|30337
11005|30.62|50.46|30338
11005|30.62|49.24|30339
11008|30.17|49.47|40431
11008|30.17|49.55|40432
11008|30.17|50.93|40433
11008|30.17|49.38|40434
11001|33.48|49.79|10031
11001|33.48|49.86|10032
11001|33.48|49.73|10033
11001|33.48|49.57|10034
11001|33.48|50.17|10035
11001|33.48|49.41|10036
11001|33.48|48.85|10037
11001|33.48|49.43|10038
11001|33.48|49.85|10039
11001|33.48|49.26|10040
11010|34.08|61.34|20484
11010|34.08|60.66|20485
11002|34.48|53.41|30111
11002|34.48|53.01|30112
11002|34.48|52.73|30113
11002|34.48|53.28|30114
11002|34.48|53.55|30115
11002|34.48|52.90|30116
11002|33.88|54.87|30117
11002|33.88|53.35|30118
11002|33.88|55.37|30119
11002|33.88|53.89|30120
11020|33.33|54.84|40589
11015|38.48|62.82|10534
11005|37.93|56.72|20333
11005|37.93|55.76|20334
11005|37.93|56.81|20335
11005|37.93|56.12|20336
11005|37.93|57.52|20337
11005|37.93|57.84|20338
11005|37.93|56.73|20339
11022|37.05|67.72|30607
11006|38.64|57.42|40372
11006|38.64|57.55|40373
11006|38.64|57.88|40374
11006|38.64|58.12|40375
11006|38.64|57.05|40376
11006|38.64|57.20|40377
11008|42.66|61.90|10431
11008|42.66|61.99|10432
11008|42.66|63.64|10433
11008|42.66|62.02|10434
11008|42.75|61.36|20447
11008|42.75|63.12|20448
11008|42.75|62.65|20449
11008|42.75|62.75|20450
11001|42.31|58.42|30051
11001|42.31|55.66|30052
11001|42.31|54.64|30053
11001|42.31|55.89|30054
11001|42.31|55.82|30055
11001|42.31|55.42|30056
11001|42.31|55.11|30057
11001|42.31|54.43|30058
11001|42.31|56.49|30059
11001|42.31|56.47|30060
11023|41.41|68.14|40618
11002|45.64|64.44|10111
11002|45.64|64.07|10112
11002|45.64|63.90|10113
11002|45.64|64.83|10114
11002|45.64|65.06|10115
11002|45.64|64.03|10116
11002|45.04|65.60|10117
11002|45.04|64.57|10118
11002|45.04|65.68|10119
11002|45.04|65.11|10120
11007|45.50|71.97|20416
11007|45.50|69.34|20417
11007|45.50|74.87|20418
11007|45.50|74.08|20419
11007|45.50|73.25|20420
11004|46.15|61.26|30273
11004|46.15|61.55|30274
11004|46.15|61.98|30275
11004|46.15|61.73|30276
11004|46.15|61.85|30277
11004|46.15|62.40|30278
11004|46.15|62.10|30279
11004|46.15|62.41|30280
11005|45.68|59.44|40319
11005|46.33|60.12|40320
11005|46.98|60.75|40321
11005|47.63|61.31|40322
11005|48.28|61.99|40323
11005|48.93|62.64|40324
11005|49.58|63.31|40325
11003|50.16|68.74|10161
11003|50.16|67.98|10162
11003|50.16|69.31|10163
11003|50.96|69.19|10164
11003|50.56|70.34|10165
11003|49.56|67.79|10166
11003|49.56|67.67|10167
11003|49.56|69.95|10168
11003|49.56|69.73|10169
11006|49.90|68.66|20372
11006|49.90|68.81|20373
11006|49.90|69.15|20374
11006|49.90|69.32|20375
11006|49.90|68.25|20376
11006|49.90|68.53|20377
11016|50.01|84.31|30551
11004|51.10|72.18|40241
11004|51.10|71.99|40242
11004|51.10|71.33|40243
11004|51.10|71.56|40244
11004|51.10|71.74|40245
11004|51.10|72.72|40246
11004|51.10|72.65|40247
11004|51.10|73.68|40248
11005|55.25|75.16|10305
11005|55.25|75.09|10306
11005|55.25|75.24|10307
11005|55.25|75.37|10308
11005|55.25|75.71|10309
11005|55.25|74.97|10310
11005|55.25|74.44|10311
11008|53.65|69.21|20455
11008|53.65|68.83|20456
11008|53.65|66.48|20457
11008|53.65|65.13|20458
11002|54.06|72.95|30121
11002|54.41|73.20|30122
11002|54.76|73.97|30123
11002|55.11|74.28|30124
11002|55.46|74.58|30125
11002|55.81|75.00|30126
11002|56.16|75.28|30127
11002|56.51|75.67|30128
11002|56.86|76.33|30129
11002|57.21|76.66|30130
11003|53.08|74.90|40197
11003|53.08|75.28|40198
11003|53.08|74.70|40199
11003|53.08|75.28|40200
11003|53.08|75.12|40201
11003|53.08|74.15|40202
11003|53.08|74.43|40203
11003|53.08|74.19|40204
11003|53.08|74.11|40205
11013|57.22|80.49|10521
11008|58.90|88.16|20435
11008|58.90|87.27|20436
11008|58.90|79.87|20437
11008|58.90|83.84|20438
11009|57.25|88.17|30468
11009|57.25|84.92|30469
11009|57.25|88.93|30470
11007|58.83|79.05|40421
11007|58.83|78.40|40422
11007|58.83|77.92|40423
11007|58.83|77.45|40424
11007|58.83|77.43|40425
