103.98
11004|1.81|16.93|10273
11004|1.81|17.19|10274
11004|1.81|17.69|10275
11004|1.81|17.39|10276
11004|1.81|17.53|10277
11004|1.81|18.06|10278
11004|1.81|17.73|10279
11004|1.81|18.03|10280
11004|0.59|15.69|20273
11004|0.59|15.98|20274
11004|0.59|16.43|20275
11004|0.59|16.15|20276
11004|0.59|16.30|20277
11004|0.59|16.82|20278
11004|0.59|16.53|20279
11004|0.59|16.78|20280
11007|2.44|32.45|30396
11007|2.44|28.43|30397
11007|2.44|40.03|30398
11007|2.44|35.59|30399
11007|2.44|28.95|30400
11010|1.26|22.46|40486
11010|1.26|28.69|40487
11015|5.63|30.80|10536
11009|5.93|28.67|20459
11009|5.93|30.75|20460
11009|5.93|31.95|20461
11005|5.97|21.21|30340
11005|5.97|21.36|30341
11005|5.97|21.64|30342
11005|5.97|21.42|30343
11005|5.97|21.30|30344
11005|5.97|21.36|30345
11005|5.97|21.74|30346
11007|6.59|26.81|40421
11007|6.59|26.16|40422
11007|6.59|25.68|40423
11007|6.59|25.21|40424
11007|6.59|25.19|40425
11021|10.03|39.02|10595
11004|10.71|34.62|20249
11004|10.71|33.40|20250
11004|10.71|34.99|20251
11004|10.71|34.16|20252
11004|10.71|34.46|20253
11004|10.71|34.39|20254
11004|10.71|34.28|20255
11004|10.71|35.20|20256
11008|9.53|38.79|30435
11008|9.53|38.77|30436
11008|9.53|30.52|30437
11008|9.53|34.05|30438
11020|9.27|27.14|40585
11001|13.08|28.88|10051
11001|13.08|26.64|10052
11001|13.08|25.42|10053
11001|13.08|26.84|10054
11001|13.08|26.78|10055
11001|13.08|26.02|10056
11001|13.08|25.91|10057
11001|13.08|25.29|10058
11001|13.08|27.22|10059
11001|13.08|27.29|10060
11012|13.32|44.83|20504
11008|13.97|29.51|30455
11008|13.97|29.29|30456
11008|13.97|26.84|30457
11008|13.97|25.48|30458
11022|12.89|53.75|40613
11001|18.59|35.82|10001
11001|19.39|36.25|10002
11001|19.49|36.00|10003
11001|19.29|37.22|10004
11001|19.19|36.74|10005
11001|19.09|36.14|10006
11001|19.39|35.52|10007
11001|19.19|37.15|10008
11001|18.59|36.50|10009
11001|19.19|36.14|10010
11003|17.28|39.17|20197
11003|17.28|39.44|20198
11003|17.28|38.79|20199
11003|17.28|39.50|20200
11003|17.28|39.30|20201
11003|17.28|38.20|20202
11003|17.28|38.61|20203
11003|17.28|38.28|20204
11003|17.28|38.10|20205
11001|17.47|34.17|30021
11001|17.89|34.79|30022
11001|18.31|35.23|30023
11001|18.73|35.70|30024
11001|19.15|36.00|30025
11001|19.57|36.53|30026
11001|19.99|36.91|30027
11001|20.41|37.28|30028
11001|20.83|37.75|30029
11001|21.25|38.14|30030
11010|17.90|51.13|40492
11010|17.90|50.55|40493
14013|20.63|62.04|10687
11002|23.23|42.21|20111
11002|23.23|41.80|20112
11002|23.23|41.64|20113
11002|23.23|42.13|20114
11002|23.23|42.34|20115
11002|23.23|41.73|20116
11002|22.63|42.89|20117
11002|22.63|42.19|20118
11002|22.63|43.43|20119
11002|22.63|42.66|20120
11005|22.24|40.84|30333
11005|22.24|40.07|30334
11005|22.24|41.06|30335
11005|22.24|40.31|30336
11005|22.24|41.66|30337
11005|22.24|42.08|30338
11005|22.24|40.86|30339
11013|22.46|63.21|40519
11005|25.98|45.89|10305
11005|25.98|45.82|10306
11005|25.98|45.97|10307
11005|25.98|46.10|10308
11005|25.98|46.44|10309
11005|25.98|45.70|10310
11005|25.98|45.17|10311
14022|26.02|62.23|20761
11003|25.93|41.58|30188
11003|25.93|41.14|30189
11003|25.93|41.62|30190
11003|25.93|42.06|30191
11003|25.93|41.34|30192
11003|25.93|42.42|30193
11003|25.93|41.51|30194
11003|25.93|41.23|30195
11003|25.93|42.09|30196
11007|26.78|50.64|40401
11007|26.78|53.03|40402
11007|26.78|52.25|40403
11007|26.78|52.22|40404
11007|26.78|51.51|40405
11008|29.68|48.92|10431
11008|29.68|49.01|10432
11008|29.68|50.66|10433
11008|29.68|49.04|10434
11006|29.35|47.80|20366
11006|29.35|47.57|20367
11006|29.35|47.76|20368
11006|29.35|47.96|20369
11006|29.35|47.79|20370
11006|29.35|47.44|20371
11011|29.03|59.52|30494
11012|29.51|68.20|40513
11019|33.51|66.81|10574
11008|33.95|52.56|20447
11008|33.95|54.32|20448
11008|33.95|53.85|20449
11008|33.95|53.95|20450
11022|34.91|73.39|30610
11017|33.08|78.47|40560
11013|38.85|62.12|10521
11010|37.08|58.12|20486
11010|37.08|64.61|20487
11003|38.19|61.79|30179
11003|38.19|62.21|30180
11003|38.19|60.52|30181
11003|38.19|62.63|30182
11003|38.19|61.34|30183
11003|38.19|60.27|30184
11003|38.19|64.33|30185
11003|38.19|61.17|30186
11003|38.19|61.90|30187
11022|38.03|79.56|40609
11015|41.15|89.81|10541
14015|41.55|81.36|20700
11014|41.67|87.16|30528
11009|41.84|63.68|40471
11009|41.84|63.01|40472
11009|41.84|63.86|40473
11004|45.54|63.32|10257
11004|46.14|63.77|10258
11004|46.74|64.34|10259
11004|47.34|64.93|10260
11004|47.94|65.59|10261
11004|48.54|66.19|10262
11004|49.14|66.78|10263
11004|49.74|67.38|10264
11019|45.17|84.56|20578
11001|46.71|64.02|30001
11001|47.51|64.33|30002
11001|47.61|64.14|30003
11001|47.41|65.40|30004
11001|47.31|64.85|30005
11001|47.21|64.31|30006
11001|47.51|63.62|30007
11001|47.31|65.26|30008
11001|46.71|64.78|30009
11001|47.31|64.28|30010
11003|47.05|70.70|40179
11003|47.05|71.16|40180
11003|47.05|69.32|40181
11003|47.05|71.56|40182
11003|47.05|70.20|40183
11003|47.05|69.14|40184
11003|47.05|73.13|40185
11003|47.05|70.07|40186
11003|47.05|70.79|40187
11024|49.95|103.98|10633
11011|50.14|80.71|20494
11002|49.69|65.37|30141
11002|49.69|65.90|30142
11002|49.69|65.38|30143
11002|49.69|65.82|30144
11002|49.69|65.31|30145
11002|49.69|65.72|30146
11002|49.69|65.38|30147
11002|49.69|65.03|30148
11002|49.69|65.23|30149
11002|49.69|64.83|30150
11015|50.38|75.90|40536
11003|54.86|78.24|10170
11003|54.86|77.27|10171
11003|54.86|76.37|10172
11003|55.66|76.95|10173
11003|55.66|79.60|10174
11003|55.66|80.72|10175
11003|55.66|82.09|10176
11003|54.86|80.87|10177
11003|55.96|80.61|10178
11007|53.66|77.76|20401
11007|53.66|79.74|20402
11007|53.66|79.14|20403
11007|53.66|79.12|20404
11007|53.66|78.37|20405
11013|55.15|82.38|30514
11018|53.89|92.35|40573
11022|58.08|90.40|10612
11022|57.80|97.98|20613
11011|57.19|101.94|30500
11021|59.07|102.25|40600
