117.89
11025|6.11|56.63|10641
11085|5.97|28.11|21011
11085|5.47|27.28|21012
11085|5.47|28.78|21013
11085|6.47|27.16|21014
11085|5.47|27.71|21015
11085|5.47|28.51|21016
11085|5.47|29.04|21017
11012|5.56|56.15|30507
11021|6.27|49.45|40600
11007|12.98|33.41|10421
11007|12.98|32.82|10422
11007|12.98|32.05|10423
11007|12.98|31.58|10424
11007|12.98|31.59|10425
11092|12.32|49.94|21001
11015|12.12|51.49|30540
11027|11.49|40.48|40595
11085|18.35|34.77|11042
11085|18.35|34.89|11043
11085|18.85|35.45|11044
11085|18.35|35.04|11045
11085|18.85|35.30|11046
11013|19.35|59.53|20519
11090|18.91|35.11|31086
11092|19.58|42.92|41091
11024|24.00|66.30|10632
11021|24.23|67.79|20600
11012|25.14|60.90|30510
11006|25.64|51.41|40354
11006|25.64|50.87|40355
11006|25.64|51.57|40356
11006|25.64|50.40|40357
11006|25.64|51.59|40358
11006|25.64|51.22|40359
11027|31.69|74.99|10600
11013|32.44|65.04|20518
11090|31.82|51.25|31031
11017|32.15|60.19|40555
11007|38.84|64.54|10416
11007|38.84|62.51|10417
11007|38.84|68.03|10418
11007|38.84|67.31|10419
11007|38.84|66.23|10420
11005|37.89|51.73|20319
11005|38.54|52.34|20320
11005|39.19|53.00|20321
11005|39.84|53.64|20322
11005|40.49|54.35|20323
11005|41.14|55.00|20324
11005|41.79|55.48|20325
11025|37.34|73.29|30636
11016|38.53|68.66|40545
11090|44.44|67.11|11025
11026|45.26|93.06|20650
11005|44.98|66.31|30347
11005|44.98|67.56|30348
11005|44.98|66.39|30349
11005|44.98|65.70|30350
11005|44.98|67.29|30351
11005|44.98|67.95|30352
11005|44.98|67.37|30353
11015|44.78|73.75|40535
11214|53.09|82.16|10594
11015|51.83|81.50|20538
11017|52.40|76.79|30557
11025|52.14|98.54|40639
11025|58.30|91.43|10634
11004|58.89|80.38|20297
11004|58.89|80.40|20298
11004|58.89|81.10|20299
11004|58.89|81.17|20300
11004|58.89|80.85|20301
11004|58.89|80.00|20302
11004|58.89|79.31|20303
11004|58.89|81.76|20304
11012|58.00|93.13|30508
11021|59.40|92.08|40601
