103.87
11007|1.18|21.61|10421
11007|1.18|21.02|10422
11007|1.18|20.25|10423
11007|1.18|19.78|10424
11007|1.18|19.79|10425
11012|0.74|26.45|20511
11003|2.20|24.07|30197
11003|2.20|24.41|30198
11003|2.20|23.83|30199
11003|2.20|24.42|30200
11003|2.20|24.21|30201
11003|2.20|23.13|30202
11003|2.20|23.64|30203
11003|2.20|23.49|30204
11003|2.20|23.22|30205
11013|1.99|35.05|40518
11003|6.03|31.96|10215
11003|6.03|32.20|10216
11003|6.03|32.86|10217
11003|6.03|32.20|10218
11003|6.03|32.35|10219
11003|6.03|32.67|10220
11003|6.03|32.71|10221
11003|6.03|34.16|10222
11003|6.03|34.30|10223
11004|5.63|20.73|20273
11004|5.63|21.02|20274
11004|5.63|21.47|20275
11004|5.63|21.19|20276
11004|5.63|21.34|20277
11004|5.63|21.86|20278
11004|5.63|21.57|20279
11004|5.63|21.82|20280
11007|5.90|29.95|30401
11007|5.90|32.16|30402
11007|5.90|31.37|30403
11007|5.90|31.46|30404
11007|5.90|30.53|30405
11001|5.06|23.13|40011
11001|4.96|23.12|40012
11001|5.06|22.55|40013
11001|5.06|23.34|40014
11001|5.06|23.00|40015
11001|5.06|23.52|40016
11001|5.56|22.20|40017
11001|5.86|22.32|40018
11001|5.56|22.38|40019
11001|5.56|22.14|40020
11022|8.96|39.71|10607
11009|10.27|34.16|20465
11009|10.27|40.19|20466
11009|10.27|32.33|20467
11015|10.87|35.23|30534
11016|9.10|39.23|40545
11009|12.90|44.31|10477
11009|12.90|44.08|10478
11009|12.90|43.55|10479
11002|14.48|33.46|20111
11002|14.48|33.05|20112
11002|14.48|32.89|20113
11002|14.48|33.38|20114
11002|14.48|33.59|20115
11002|14.48|32.98|20116
11002|13.88|34.14|20117
11002|13.88|33.44|20118
11002|13.88|34.68|20119
11002|13.88|33.91|20120
11007|14.17|34.04|30411
11007|14.17|34.01|30412
11007|14.17|33.27|30413
11007|14.17|34.58|30414
11007|14.17|30.94|30415
11005|12.89|31.59|40333
11005|12.89|30.78|40334
11005|12.89|31.72|40335
11005|12.89|31.04|40336
11005|12.89|32.21|40337
11005|12.89|32.63|40338
11005|12.89|31.53|40339
11009|16.95|41.08|10465
11009|16.95|47.08|10466
11009|16.95|38.95|10467
11018|17.27|52.28|20571
11020|17.16|37.21|30586
11026|18.77|68.26|40653
11010|22.66|47.20|10490
11010|22.66|53.30|10491
11009|22.95|53.97|20477
11009|22.95|54.12|20478
11009|22.95|53.65|20479
11003|22.12|48.09|30215
11003|22.12|48.33|30216
11003|22.12|48.96|30217
11003|22.12|48.23|30218
11003|22.12|48.41|30219
11003|22.12|48.70|30220
11003|22.12|48.69|30221
11003|22.12|50.42|30222
11003|22.12|50.53|30223
11002|21.70|35.64|40151
11002|21.70|34.67|40152
11002|21.70|36.37|40153
11002|21.70|37.06|40154
11002|21.70|35.07|40155
11002|21.70|35.55|40156
11002|21.70|35.77|40157
11002|21.70|35.18|40158
11002|21.70|36.62|40159
11002|21.70|34.33|40160
11017|26.87|77.42|10562
11003|25.26|48.59|20170
11003|25.26|47.69|20171
11003|25.26|46.76|20172
11003|26.06|47.23|20173
11003|26.06|50.18|20174
11003|26.06|51.90|20175
11003|26.06|52.42|20176
11003|25.26|50.74|20177
11003|26.36|51.00|20178
11007|26.40|56.41|30396
11007|26.40|52.39|30397
11007|26.40|63.99|30398
11007|26.40|59.55|30399
11007|26.40|52.91|30400
11006|26.63|46.77|40360
11006|26.63|46.83|40361
11006|26.63|47.03|40362
11006|26.63|46.50|40363
11006|26.63|45.39|40364
11006|26.63|45.64|40365
11001|29.00|44.80|10051
11001|29.00|42.56|10052
11001|29.00|41.34|10053
11001|29.00|42.76|10054
11001|29.00|42.70|10055
11001|29.00|41.94|10056
11001|29.00|41.83|10057
11001|29.00|41.21|10058
11001|29.00|43.14|10059
11001|29.00|43.21|10060
11014|30.54|54.94|20525
11001|31.57|48.16|30061
11001|31.57|48.86|30062
11001|31.57|47.61|30063
11001|31.57|47.27|30064
11001|31.57|48.21|30065
11001|30.52|49.82|30066
11001|30.82|48.19|30067
11001|30.82|48.70|30068
11001|30.52|49.23|30069
11001|30.82|48.62|30070
11003|29.58|51.40|40197
11003|29.58|51.78|40198
11003|29.58|51.20|40199
11003|29.58|51.78|40200
11003|29.58|51.62|40201
11003|29.58|50.65|40202
11003|29.58|50.93|40203
11003|29.58|50.69|40204
11003|29.58|50.61|40205
14017|33.70|55.77|10717
11014|32.95|78.69|20528
11001|33.06|51.26|30011
11001|32.96|51.22|30012
11001|33.06|50.86|30013
11001|33.06|51.28|30014
11001|33.06|51.05|30015
11001|33.06|51.48|30016
11001|33.56|50.27|30017
11001|33.86|50.29|30018
11001|33.56|50.35|30019
11001|33.56|50.23|30020
11016|34.80|71.43|40550
11001|36.95|60.19|10071
11001|36.95|59.91|10072
11001|36.95|59.47|10073
11001|36.95|59.32|10074
11001|36.95|59.43|10075
11001|36.95|59.14|10076
11001|37.35|59.12|10077
11001|37.15|58.62|10078
11001|36.95|57.03|10079
11001|37.75|58.40|10080
11001|39.29|55.79|20061
11001|39.29|56.49|20062
11001|39.29|55.26|20063
11001|39.29|55.18|20064
11001|39.29|55.81|20065
11001|38.24|57.35|20066
11001|38.54|56.19|20067
11001|38.54|56.37|20068
11001|38.24|57.08|20069
11001|38.54|56.55|20070
11013|38.35|69.93|30515
11011|37.62|65.64|40495
11001|41.65|58.88|10001
11001|42.45|59.31|10002
11001|42.55|59.06|10003
11001|42.35|60.28|10004
11001|42.25|59.80|10005
11001|42.15|59.20|10006
11001|42.45|58.58|10007
11001|42.25|60.21|10008
11001|41.65|59.56|10009
11001|42.25|59.20|10010
11001|42.75|60.02|20001
11001|43.55|60.40|20002
11001|43.65|60.26|20003
11001|43.45|61.39|20004
11001|43.35|60.88|20005
11001|43.25|60.31|20006
11001|43.55|59.65|20007
11001|43.35|61.27|20008
11001|42.75|60.83|20009
11001|43.35|60.26|20010
11005|42.27|57.51|30340
11005|42.27|57.66|30341
11005|42.27|57.94|30342
11005|42.27|57.72|30343
11005|42.27|57.60|30344
11005|42.27|57.66|30345
11005|42.27|58.04|30346
11006|42.59|63.24|40384
11006|43.29|64.06|40385
11006|43.99|64.72|40386
11006|44.69|65.41|40387
11006|45.39|66.06|40388
11006|46.09|66.80|40389
11002|47.16|63.04|10141
11002|47.16|63.40|10142
11002|47.16|62.82|10143
11002|47.16|63.43|10144
11002|47.16|62.76|10145
11002|47.16|63.18|10146
11002|47.16|62.83|10147
11002|47.16|62.49|10148
11002|47.16|62.65|10149
11002|47.16|62.34|10150
11005|45.42|60.79|20340
11005|45.42|60.64|20341
11005|45.42|60.95|20342
11005|45.42|60.89|20343
11005|45.42|60.51|20344
11005|45.42|60.81|20345
11005|45.42|61.20|20346
11001|46.82|63.14|30031
11001|46.82|63.18|30032
11001|46.82|63.07|30033
11001|46.82|62.82|30034
11001|46.82|63.57|30035
11001|46.82|62.80|30036
11001|46.82|62.16|30037
11001|46.82|62.88|30038
11001|46.82|63.21|30039
11001|46.82|62.72|30040
11011|47.12|77.58|40494
11001|50.96|66.76|10051
11001|50.96|64.52|10052
11001|50.96|63.30|10053
11001|50.96|64.72|10054
11001|50.96|64.66|10055
11001|50.96|63.90|10056
11001|50.96|63.79|10057
11001|50.96|63.17|10058
11001|50.96|65.10|10059
11001|50.96|65.17|10060
11005|50.82|69.61|20333
11005|50.82|68.65|20334
11005|50.82|69.70|20335
11005|50.82|69.01|20336
11005|50.82|70.41|20337
11005|50.82|70.73|20338
11005|50.82|69.62|20339
11001|51.68|68.27|30061
11001|51.68|68.97|30062
11001|51.68|67.72|30063
11001|51.68|67.38|30064
11001|51.68|68.32|30065
11001|50.63|69.93|30066
11001|50.93|68.30|30067
11001|50.93|68.81|30068
11001|50.63|69.34|30069
11001|50.93|68.73|30070
11012|51.05|83.55|40504
11012|53.35|103.87|10507
11006|54.93|74.21|20378
11006|54.93|74.75|20379
11006|54.93|74.66|20380
11006|54.93|73.55|20381
11006|54.93|71.85|20382
11006|54.93|74.95|20383
11011|54.40|81.15|30501
14016|55.13|89.37|40711
11005|58.12|73.39|10340
11005|58.12|73.49|10341
11005|58.12|73.73|10342
11005|58.12|73.58|10343
11005|58.12|73.34|10344
11005|58.12|73.58|10345
11005|58.12|73.87|10346
11022|59.02|99.20|20613
11015|58.74|91.31|30539
11008|58.25|72.86|40443
11008|58.25|71.82|40444
11008|58.25|73.61|40445
11008|58.25|72.67|40446
