57.53
11003|5.50|27.22|10197
11003|5.50|27.61|10198
11003|5.50|26.97|10199
11003|5.50|27.71|10200
11003|5.50|27.50|10201
11003|5.50|26.50|10202
11001|5.41|26.65|20041
11001|5.41|26.53|20042
11001|5.41|26.25|20043
11001|5.41|26.77|20044
11001|5.41|27.40|20045
11001|5.41|26.86|20046
11001|5.41|26.39|20047
11007|5.80|22.07|30426
11007|5.80|22.10|30427
11007|5.80|22.30|30428
11007|5.80|22.66|30429
11008|5.94|35.50|40435
11008|5.94|35.13|40436
11008|5.94|26.91|40437
11008|5.94|30.95|40438
11001|12.88|28.68|10051
11001|12.88|26.44|10052
11001|12.88|25.22|10053
11001|12.88|26.64|10054
11001|12.88|26.58|10055
11001|12.88|25.82|10056
11001|12.88|25.71|10057
11001|13.79|30.29|20061
11001|13.79|30.99|20062
11001|13.79|29.76|20063
11001|13.79|29.68|20064
11001|13.79|30.31|20065
11001|12.74|31.85|20066
11001|13.04|30.69|20067
11005|12.51|30.38|30312
11005|12.51|30.52|30313
11005|12.51|31.47|30314
11005|12.51|35.79|30315
11005|12.51|33.26|30316
11003|12.56|34.38|40197
11003|12.56|34.76|40198
11003|12.56|34.18|40199
11003|12.56|34.76|40200
11003|12.56|34.60|40201
11003|12.56|33.63|40202
11002|18.68|34.09|10131
11002|18.68|34.33|10132
11002|18.68|32.69|10133
11002|18.68|33.97|10134
11002|18.68|32.19|10135
11002|18.68|31.90|10136
11002|18.68|32.65|10137
11010|19.22|57.53|20488
11010|19.22|51.79|20489
11006|18.94|39.30|30360
11006|18.94|39.00|30361
11006|18.94|39.29|30362
11006|18.94|38.81|30363
11006|19.25|45.02|40354
11006|19.25|44.48|40355
11006|19.25|45.18|40356
11006|19.25|44.01|40357
11002|25.90|44.70|10111
11002|25.90|44.33|10112
11002|25.90|44.16|10113
11002|25.90|45.09|10114
11002|25.90|45.32|10115
11002|25.90|44.29|10116
11002|25.30|45.86|10117
11006|24.83|43.28|20366
11006|24.83|43.05|20367
11006|24.83|43.24|20368
11006|24.83|43.44|20369
11004|25.48|45.01|30289
11004|25.48|46.30|30290
11004|25.48|43.36|30291
11004|25.48|41.65|30292
11004|25.48|44.66|30293
11004|25.48|44.80|30294
11002|25.76|41.64|40141
11002|25.76|41.86|40142
11002|25.76|41.41|40143
11002|25.76|42.02|40144
11002|25.76|41.39|40145
11002|25.76|41.27|40146
11002|25.76|41.48|40147
