108.03
11013|5.68|44.05|10520
11016|6.31|39.26|20546
11013|6.27|51.84|30522
11013|5.95|37.96|40523
11013|11.57|43.00|10517
11004|11.53|33.02|20297
11004|11.53|33.04|20298
11004|11.53|33.74|20299
11004|11.53|33.81|20300
11004|11.53|33.49|20301
11004|11.53|32.64|20302
11004|11.53|31.95|20303
11004|11.53|34.40|20304
11008|12.60|32.11|30451
11008|12.60|31.34|30452
11008|12.60|30.70|30453
11008|12.60|31.37|30454
11214|11.50|44.18|40601
11016|18.12|55.67|10547
11027|18.51|57.13|20603
11017|18.86|52.40|30556
11012|18.09|54.46|40512
11010|24.97|52.13|10484
11017|24.64|72.74|20561
11021|24.96|53.95|30595
11085|25.97|39.46|41004
11085|26.47|39.96|41004
11085|26.97|40.46|41004
11085|27.47|40.96|41004
11085|27.97|41.46|41004
11085|28.47|41.96|41004
11085|28.97|42.46|41004
11085|29.47|42.96|41004
11027|30.58|59.57|10595
11015|31.51|55.67|20534
11090|30.22|52.76|31025
11017|30.58|58.62|40555
11001|38.10|53.90|10051
11001|38.10|51.66|10052
11001|38.10|50.44|10053
11001|38.10|51.86|10054
11001|38.10|51.80|10055
11001|38.10|51.04|10056
11001|38.10|50.93|10057
11001|38.10|50.31|10058
11001|38.10|52.24|10059
11001|38.10|52.31|10060
11090|37.58|60.04|21025
11025|36.99|87.51|30641
11024|37.16|69.69|40627
11001|42.74|58.54|10051
11001|42.74|56.30|10052
11001|42.74|55.08|10053
11001|42.74|56.50|10054
11001|42.74|56.44|10055
11001|42.74|55.68|10056
11001|42.74|55.57|10057
11001|42.74|54.95|10058
11001|42.74|56.88|10059
11001|42.74|56.95|10060
11001|43.21|60.48|20001
11001|44.01|60.86|20002
11001|44.11|60.72|20003
11001|43.91|61.85|20004
11001|43.81|61.34|20005
11001|43.71|60.77|20006
11001|44.01|60.11|20007
11001|43.81|61.73|20008
11001|43.21|61.29|20009
11001|43.81|60.72|20010
11024|42.70|74.09|30626
11003|43.02|67.28|40206
11003|43.02|67.45|40207
11003|43.02|67.17|40208
11003|43.02|67.30|40209
11003|43.02|67.16|40210
11003|44.52|67.01|40211
11003|44.52|67.18|40212
11003|44.52|67.32|40213
11003|44.52|67.04|40214
11012|50.26|85.45|10506
11025|51.52|108.03|20642
11006|50.83|77.03|30354
11006|50.83|76.11|30355
11006|50.83|76.51|30356
11006|50.83|75.62|30357
11006|50.83|76.84|30358
11006|50.83|76.36|30359
11027|51.57|91.34|40599
11021|55.85|85.15|10596
11021|57.13|86.12|20595
