100.09
11012|6.71|32.35|10511
11002|7.45|27.50|20101
11002|7.45|26.40|20102
11002|7.45|26.77|20103
11002|7.45|27.06|20104
11002|7.45|26.36|20105
11002|7.45|27.37|20106
11002|7.45|24.10|20107
11002|7.45|27.06|20108
11002|7.45|25.60|20109
11002|7.45|26.28|20110
11009|7.56|38.48|30468
11009|7.56|35.23|30469
11009|7.56|39.24|30470
11008|7.14|21.75|40443
11008|7.14|20.71|40444
11008|7.14|22.50|40445
11008|7.14|21.56|40446
11025|14.96|65.48|10641
11012|13.99|50.94|20512
11001|15.65|32.24|30061
11001|15.65|32.94|30062
11001|15.65|31.69|30063
11001|15.65|31.35|30064
11001|15.65|32.29|30065
11001|14.60|33.90|30066
11001|14.90|32.27|30067
11001|14.90|32.78|30068
11001|14.60|33.31|30069
11001|14.90|32.70|30070
11002|15.61|31.49|40141
11002|15.61|31.71|40142
11002|15.61|31.26|40143
11002|15.61|31.87|40144
11002|15.61|31.24|40145
11002|15.61|31.12|40146
11002|15.61|31.33|40147
11002|15.61|30.95|40148
11002|15.61|31.06|40149
11002|15.61|30.61|40150
11004|22.04|40.49|10265
11004|22.04|39.59|10266
11004|22.04|40.44|10267
11004|22.04|40.93|10268
11004|22.04|41.61|10269
11004|22.04|41.42|10270
11004|22.04|40.77|10271
11004|22.04|39.82|10272
11010|22.09|43.13|20486
11004|23.05|44.37|30297
11004|23.05|44.54|30298
11004|23.05|45.17|30299
11004|23.05|45.29|30300
11004|23.05|44.68|30301
11004|23.05|44.11|30302
11004|23.05|43.44|30303
11004|23.05|46.15|30304
11002|22.63|41.56|40121
11002|22.98|41.87|40122
11002|23.33|42.54|40123
11002|23.68|42.86|40124
11002|24.03|43.21|40125
11002|24.38|43.60|40126
11002|24.73|43.92|40127
11002|25.08|44.30|40128
11002|25.43|44.95|40129
11002|25.78|45.22|40130
11011|29.51|72.34|10500
11002|31.12|46.78|20141
11002|31.12|47.39|20142
11002|31.12|46.73|20143
11002|31.12|47.38|20144
11002|31.12|46.76|20145
11002|31.12|47.22|20146
11002|31.12|46.83|20147
11002|31.12|46.45|20148
11002|31.12|46.78|20149
11002|31.12|46.27|20150
11018|31.45|65.10|30570
11015|30.55|54.60|40534
11004|38.28|56.06|10257
11004|38.88|56.51|10258
11004|39.48|57.08|10259
11004|40.08|57.67|10260
11004|40.68|58.33|10261
11004|41.28|58.93|10262
11004|41.88|59.52|10263
11004|42.48|60.12|10264
11010|39.14|72.30|20492
11090|38.94|58.22|31085
11002|40.23|59.14|40111
11002|40.23|58.61|40112
11002|40.23|58.50|40113
11002|40.23|59.40|40114
11002|40.23|59.27|40115
11002|40.23|58.63|40116
11002|39.63|60.64|40117
11002|39.63|59.11|40118
11002|39.63|60.45|40119
11002|39.63|59.11|40120
11010|45.52|78.70|10492
11001|47.25|70.67|20071
11001|47.25|70.14|20072
11001|47.25|69.77|20073
11001|47.25|69.40|20074
11001|47.25|69.65|20075
11001|47.25|69.42|20076
11001|47.65|69.25|20077
11001|47.45|68.65|20078
11001|47.25|67.29|20079
11001|48.05|68.67|20080
11002|46.78|60.80|30091
11002|46.78|60.84|30092
11002|46.78|60.38|30093
11002|46.78|60.89|30094
11002|46.78|60.85|30095
11002|46.18|62.07|30096
11002|46.18|61.81|30097
11002|46.18|61.83|30098
11002|46.58|61.86|30099
11002|46.18|61.45|30100
11009|45.83|68.54|40459
11009|45.83|70.66|40460
11009|45.83|71.53|40461
11092|53.79|99.14|11003
11010|54.86|75.90|20486
11012|53.76|87.26|30505
11002|54.69|74.64|40101
11002|54.69|73.66|40102
11002|54.69|74.04|40103
11002|54.69|74.38|40104
11002|54.69|73.50|40105
11002|54.69|74.65|40106
11002|54.69|71.34|40107
11002|54.69|74.25|40108
11002|54.69|72.88|40109
11002|54.69|73.35|40110
