139.19
11003|5.53|28.88|10179
11003|5.53|29.33|10180
11003|5.53|27.89|10181
11003|5.53|29.84|10182
11003|5.53|28.72|10183
11003|5.53|27.94|10184
11003|5.53|32.06|10185
11003|5.53|28.59|10186
11003|5.53|29.28|10187
11006|5.06|25.82|20384
11006|5.76|26.54|20385
11006|6.46|27.17|20386
11006|7.16|27.89|20387
11006|7.86|28.57|20388
11006|8.56|29.35|20389
11025|4.66|78.56|30635
11006|5.32|25.53|40390
11006|5.32|24.95|40391
11006|5.32|26.01|40392
11006|5.32|25.76|40393
11006|5.32|24.71|40394
11006|5.32|25.10|40395
11214|13.10|45.41|10601
11092|12.69|35.42|21089
11021|13.13|42.91|30594
11085|12.36|29.41|41051
11085|11.86|29.44|41047
11085|12.36|28.97|41050
11085|11.86|28.73|41048
11085|12.16|29.23|41049
11085|12.86|29.73|41048
11085|12.66|30.24|41047
11016|17.99|55.54|10547
11012|18.49|55.44|20512
11214|18.56|58.38|30599
11027|18.36|58.13|40599
11214|26.11|58.42|10601
11002|26.17|41.83|20141
11002|26.17|42.44|20142
11002|26.17|41.78|20143
11002|26.17|42.43|20144
11002|26.17|41.81|20145
11002|26.17|42.27|20146
11002|26.17|41.88|20147
11002|26.17|41.50|20148
11002|26.17|41.83|20149
11002|26.17|41.32|20150
11021|25.01|53.91|30596
11013|25.51|58.57|40518
11214|32.23|71.94|10599
11015|30.99|60.66|20538
11026|31.05|72.47|30644
11013|32.41|55.69|40521
11008|39.56|55.14|10455
11008|39.56|55.11|10456
11008|39.56|52.43|10457
11008|39.56|50.95|10458
11001|39.08|55.87|20021
11001|39.50|56.43|20022
11001|39.92|56.79|20023
11001|40.34|57.21|20024
11001|40.76|57.68|20025
11001|41.18|58.11|20026
11001|41.60|58.49|20027
11001|42.02|58.90|20028
11001|42.44|59.43|20029
11001|42.86|59.68|20030
11027|38.73|80.73|30597
11024|38.98|93.10|40633
11007|44.59|64.60|10411
11007|44.59|64.37|10412
11007|44.59|63.65|10413
11007|44.59|64.94|10414
11007|44.59|61.28|10415
11090|45.96|62.30|21087
11016|45.99|76.27|30545
11003|45.37|63.96|40161
11003|45.37|63.02|40162
11003|45.37|64.59|40163
11003|46.17|64.54|40164
11003|45.77|65.50|40165
11003|44.77|63.02|40166
11003|44.77|62.89|40167
11003|44.77|65.06|40168
11003|44.77|64.97|40169
11005|52.41|66.21|10319
11005|53.06|66.81|10320
11005|53.71|67.50|10321
11005|54.36|68.18|10322
11005|55.01|68.76|10323
11005|55.66|69.39|10324
11005|56.31|70.04|10325
11004|53.33|74.60|20233
11004|53.33|74.10|20234
11004|53.33|74.40|20235
11004|53.33|74.08|20236
11004|53.33|74.42|20237
11004|53.33|74.25|20238
11004|53.33|74.61|20239
11004|53.33|74.69|20240
11003|52.92|76.52|30179
11003|52.92|76.94|30180
11003|52.92|75.25|30181
11003|52.92|77.36|30182
11003|52.92|76.07|30183
11003|52.92|75.00|30184
11003|52.92|79.06|30185
11003|52.92|75.90|30186
11003|52.92|76.63|30187
11024|51.90|89.25|40624
11024|58.64|97.18|10629
11017|58.83|92.17|20556
11003|59.93|75.58|30188
11003|59.93|75.14|30189
11003|59.93|75.62|30190
11003|59.93|76.06|30191
11003|59.93|75.34|30192
11003|59.93|76.42|30193
11003|59.93|75.51|30194
11003|59.93|75.23|30195
11003|59.93|76.09|30196
11092|58.79|137.06|41088
