64.44
33074|0.00|32.24|50408
33074|0.00|32.83|50409
33074|0.00|31.61|50410
33074|0.00|31.54|50411
33075|0.00|39.44|50412
33074|2.00|34.24|50408
33074|2.00|34.83|50409
33074|2.00|33.61|50410
33074|2.00|33.54|50411
33074|4.00|36.24|50408
33074|4.00|36.83|50409
33074|4.00|35.61|50410
33074|4.00|35.54|50411
33076|5.00|44.44|50412
33074|6.00|38.24|50408
33074|6.00|38.83|50409
33074|6.00|37.61|50410
33074|6.00|37.54|50411
33074|8.00|40.24|50408
33074|8.00|40.83|50409
33074|8.00|39.61|50410
33074|8.00|39.54|50411
34077|10.00|49.44|50412
33074|10.00|42.24|50408
33074|10.00|42.83|50409
33074|10.00|41.61|50410
33074|10.00|41.54|50411
33074|12.00|44.24|50408
33074|12.00|44.83|50409
33074|12.00|43.61|50410
33074|12.00|43.54|50411
33075|15.00|54.44|50412
33074|14.00|46.24|50408
33074|14.00|46.83|50409
33074|14.00|45.61|50410
33074|14.00|45.54|50411
33074|16.00|48.24|50408
33074|16.00|48.83|50409
33074|16.00|47.61|50410
33074|16.00|47.54|50411
33076|20.00|59.44|50412
33074|18.00|50.24|50408
33074|18.00|50.83|50409
33074|18.00|49.61|50410
33074|18.00|49.54|50411
33074|20.00|52.24|50408
33074|20.00|52.83|50409
33074|20.00|51.61|50410
33074|20.00|51.54|50411
33075|25.00|64.44|50412
33074|22.00|54.24|50408
33074|22.00|54.83|50409
33074|22.00|53.61|50410
33074|22.00|53.54|50411
33074|24.00|56.24|50408
33074|24.00|56.83|50409
33074|24.00|55.61|50410
33074|24.00|55.54|50411
33074|26.00|58.24|50408
33074|26.00|58.83|50409
33074|26.00|57.61|50410
33074|26.00|57.54|50411
33074|28.00|60.24|50408
33074|28.00|60.83|50409
33074|28.00|59.61|50410
33074|28.00|59.54|50411
33074|30.00|62.24|50408
33074|30.00|62.83|50409
33074|30.00|61.61|50410
33074|30.00|61.54|50411
