105.97
14011|2.55|33.98|10677
11009|1.24|23.98|20459
11009|1.24|26.06|20460
11009|1.24|27.26|20461
11002|2.32|21.25|30111
11002|2.32|20.85|30112
11002|2.32|20.57|30113
11002|2.32|21.12|30114
11002|2.32|21.39|30115
11002|2.32|20.74|30116
11002|1.72|22.71|30117
11002|1.72|21.19|30118
11002|1.72|23.21|30119
11002|1.72|21.73|30120
11001|2.64|19.94|40001
11001|3.44|20.25|40002
11001|3.54|20.17|40003
11001|3.34|21.31|40004
11001|3.24|20.73|40005
11001|3.14|20.23|40006
11001|3.44|19.59|40007
11001|3.24|21.13|40008
11001|2.64|20.57|40009
11001|3.24|20.18|40010
11019|4.99|43.50|10583
11021|5.56|49.12|20600
11005|5.26|23.86|30333
11005|5.26|23.09|30334
11005|5.26|24.08|30335
11005|5.26|23.33|30336
11005|5.26|24.68|30337
11005|5.26|25.10|30338
11005|5.26|23.88|30339
11001|5.90|22.41|40061
11001|5.90|23.09|40062
11001|5.90|21.93|40063
11001|5.90|21.42|40064
11001|5.90|22.53|40065
11001|4.85|23.97|40066
11001|5.15|22.60|40067
11001|5.15|23.14|40068
11001|4.85|23.61|40069
11001|5.15|22.73|40070
11004|10.05|27.83|10257
11004|10.65|28.28|10258
11004|11.25|28.85|10259
11004|11.85|29.44|10260
11004|12.45|30.10|10261
11004|13.05|30.70|10262
11004|13.65|31.29|10263
11004|14.25|31.89|10264
11001|10.78|27.28|20061
11001|10.78|27.98|20062
11001|10.78|26.75|20063
11001|10.78|26.67|20064
11001|10.78|27.30|20065
11001|9.73|28.84|20066
11001|10.03|27.68|20067
11001|10.03|27.86|20068
11001|9.73|28.57|20069
11001|10.03|28.04|20070
11018|8.95|42.60|30570
14021|10.70|47.72|40750
11007|13.56|33.57|10411
11007|13.56|33.34|10412
11007|13.56|32.62|10413
11007|13.56|33.91|10414
11007|13.56|30.25|10415
11004|14.31|29.41|20273
11004|14.31|29.70|20274
11004|14.31|30.15|20275
11004|14.31|29.87|20276
11004|14.31|30.02|20277
11004|14.31|30.54|20278
11004|14.31|30.25|20279
11004|14.31|30.50|20280
11025|13.83|60.18|30639
11007|14.07|40.51|40416
11007|14.07|37.82|40417
11007|14.07|44.51|40418
11007|14.07|42.48|40419
11007|14.07|41.32|40420
11010|17.99|45.15|10484
11010|17.99|44.25|10485
11005|18.73|38.89|20326
11005|18.73|37.64|20327
11005|18.73|39.43|20328
11005|18.73|39.75|20329
11005|18.73|42.69|20330
11005|18.73|40.19|20331
11005|18.73|37.83|20332
11022|17.36|46.35|30604
11002|18.65|38.60|40101
11002|18.65|37.62|40102
11002|18.65|38.00|40103
11002|18.65|38.34|40104
11002|18.65|37.46|40105
11002|18.65|38.61|40106
11002|18.65|35.30|40107
11002|18.65|38.21|40108
11002|18.65|36.84|40109
11002|18.65|37.31|40110
11005|22.62|37.89|10340
11005|22.62|37.99|10341
11005|22.62|38.23|10342
11005|22.62|38.08|10343
11005|22.62|37.84|10344
11005|22.62|38.08|10345
11005|22.62|38.37|10346
11002|21.91|40.89|20111
11002|21.91|40.48|20112
11002|21.91|40.32|20113
11002|21.91|40.81|20114
11002|21.91|41.02|20115
11002|21.91|40.41|20116
11002|21.31|41.57|20117
11002|21.31|40.87|20118
11002|21.31|42.11|20119
11002|21.31|41.34|20120
11001|22.03|38.62|30061
11001|22.03|39.32|30062
11001|22.03|38.07|30063
11001|22.03|37.73|30064
11001|22.03|38.67|30065
11001|20.98|40.28|30066
11001|21.28|38.65|30067
11001|21.28|39.16|30068
11001|20.98|39.69|30069
11001|21.28|39.08|30070
11003|21.66|47.65|40215
11003|21.66|47.86|40216
11003|21.66|48.51|40217
11003|21.66|47.78|40218
11003|21.66|48.01|40219
11003|21.66|48.27|40220
11003|21.66|48.28|40221
11003|21.66|50.00|40222
11003|21.66|50.07|40223
11004|26.38|44.83|10265
11004|26.38|43.93|10266
11004|26.38|44.78|10267
11004|26.38|45.27|10268
11004|26.38|45.95|10269
11004|26.38|45.76|10270
11004|26.38|45.11|10271
11004|26.38|44.16|10272
11004|25.14|46.63|20297
11004|25.14|46.65|20298
11004|25.14|47.35|20299
11004|25.14|47.42|20300
11004|25.14|47.10|20301
11004|25.14|46.25|20302
11004|25.14|45.56|20303
11004|25.14|48.01|20304
11006|25.90|46.26|30360
11006|25.90|45.96|30361
11006|25.90|46.25|30362
11006|25.90|45.77|30363
11006|25.90|44.99|30364
11006|25.90|44.86|30365
11010|26.46|56.16|40482
11010|26.46|51.15|40483
11006|30.80|51.62|10384
11006|31.50|52.23|10385
11006|32.20|52.91|10386
11006|32.90|53.56|10387
11006|33.60|54.32|10388
11006|34.30|54.97|10389
11001|28.99|50.23|20041
11001|28.99|50.11|20042
11001|28.99|49.83|20043
11001|28.99|50.35|20044
11001|28.99|50.98|20045
11001|28.99|50.44|20046
11001|28.99|49.97|20047
11001|28.99|50.22|20048
11001|28.99|49.58|20049
11001|28.99|50.99|20050
11011|30.77|58.80|30495
11004|30.03|45.17|40281
11004|30.03|45.47|40282
11004|30.03|45.77|40283
11004|30.03|46.66|40284
11004|30.03|46.79|40285
11004|30.03|45.66|40286
11004|30.03|45.97|40287
11004|30.03|45.86|40288
11008|33.07|61.76|10435
11008|33.07|61.44|10436
11008|33.07|53.99|10437
11008|33.07|57.10|10438
11003|32.80|54.69|20197
11003|32.80|54.96|20198
11003|32.80|54.31|20199
11003|32.80|55.02|20200
11003|32.80|54.82|20201
11003|32.80|53.72|20202
11003|32.80|54.13|20203
11003|32.80|53.80|20204
11003|32.80|53.62|20205
11006|33.90|52.65|30366
11006|33.90|51.97|30367
11006|33.90|52.19|30368
11006|33.90|52.60|30369
11006|33.90|52.45|30370
11006|33.90|52.01|30371
11007|34.80|54.65|40411
11007|34.80|54.69|40412
11007|34.80|53.80|40413
11007|34.80|55.34|40414
11007|34.80|51.57|40415
11007|38.64|59.07|10421
11007|38.64|58.48|10422
11007|38.64|57.71|10423
11007|38.64|57.24|10424
11007|38.64|57.25|10425
11004|38.16|53.24|20281
11004|38.16|53.38|20282
11004|38.16|54.15|20283
11004|38.16|54.70|20284
11004|38.16|54.74|20285
11004|38.16|53.78|20286
11004|38.16|54.07|20287
11004|38.16|54.28|20288
11004|38.08|55.75|30257
11004|38.68|56.23|30258
11004|39.28|56.90|30259
11004|39.88|57.57|30260
11004|40.48|58.09|30261
11004|41.08|58.70|30262
11004|41.68|59.29|30263
11004|42.28|59.85|30264
11004|37.75|58.83|40241
11004|37.75|58.64|40242
11004|37.75|57.98|40243
11004|37.75|58.21|40244
11004|37.75|58.39|40245
11004|37.75|59.37|40246
11004|37.75|59.30|40247
11004|37.75|60.33|40248
11004|42.94|58.06|10273
11004|42.94|58.32|10274
11004|42.94|58.82|10275
11004|42.94|58.52|10276
11004|42.94|58.66|10277
11004|42.94|59.19|10278
11004|42.94|58.86|10279
11004|42.94|59.16|10280
11020|41.19|61.42|20590
11002|41.83|57.42|30131
11002|41.83|57.10|30132
11002|41.83|55.88|30133
11002|41.83|56.88|30134
11002|41.83|55.18|30135
11002|41.83|54.87|30136
11002|41.83|55.95|30137
11002|41.83|56.26|30138
11002|41.83|55.22|30139
11002|41.83|54.30|30140
11001|42.17|59.47|40001
11001|42.97|59.78|40002
11001|43.07|59.70|40003
11001|42.87|60.84|40004
11001|42.77|60.26|40005
11001|42.67|59.76|40006
11001|42.97|59.12|40007
11001|42.77|60.66|40008
11001|42.17|60.10|40009
11001|42.77|59.71|40010
11018|46.14|84.55|10573
11015|46.32|95.29|20541
11002|45.94|59.96|30091
11002|45.94|60.00|30092
11002|45.94|59.54|30093
11002|45.94|60.05|30094
11002|45.94|60.01|30095
11002|45.34|61.23|30096
11002|45.34|60.97|30097
11002|45.34|60.99|30098
11002|45.74|61.02|30099
11002|45.34|60.61|30100
11005|45.49|65.42|40305
11005|45.49|65.22|40306
11005|45.49|65.31|40307
11005|45.49|65.49|40308
11005|45.49|65.86|40309
11005|45.49|65.28|40310
11005|45.49|64.62|40311
11003|50.61|74.93|10206
11003|50.61|75.25|10207
11003|50.61|74.89|10208
11003|50.61|74.89|10209
11003|50.61|74.80|10210
11003|52.11|74.84|10211
11003|52.11|75.04|10212
11003|52.11|75.35|10213
11003|52.11|74.61|10214
11001|49.21|67.19|20011
11001|49.11|67.26|20012
11001|49.21|66.89|20013
11001|49.21|67.58|20014
11001|49.21|66.95|20015
11001|49.21|67.49|20016
11001|49.71|66.26|20017
11001|50.01|66.52|20018
11001|49.71|66.55|20019
11001|49.71|66.47|20020
11025|49.46|105.97|30642
11005|49.21|69.14|40305
11005|49.21|68.94|40306
11005|49.21|69.03|40307
11005|49.21|69.21|40308
11005|49.21|69.58|40309
11005|49.21|69.00|40310
11005|49.21|68.34|40311
11012|54.19|89.38|10506
11011|53.73|86.81|20498
11008|53.43|68.08|30443
11008|53.43|67.01|30444
11008|53.43|68.83|30445
11008|53.43|67.89|30446
11003|53.96|77.61|40179
11003|53.96|78.07|40180
11003|53.96|76.23|40181
11003|53.96|78.47|40182
11003|53.96|77.11|40183
11003|53.96|76.05|40184
11003|53.96|80.04|40185
11003|53.96|76.98|40186
11003|53.96|77.70|40187
11009|58.50|80.47|10471
11009|58.50|79.73|10472
11009|58.50|80.86|10473
11009|57.63|79.49|20471
11009|57.63|78.78|20472
11009|57.63|80.00|20473
11019|56.98|90.45|30574
11006|59.03|77.81|40372
11006|59.03|77.94|40373
11006|59.03|78.27|40374
11006|59.03|78.51|40375
11006|59.03|77.44|40376
11006|59.03|77.59|40377
