135.76
11214|6.22|43.15|10602
11010|5.29|32.55|20484
11003|5.41|28.72|30170
11003|5.41|27.76|30171
11003|5.41|26.87|30172
11003|6.21|26.87|30173
11003|6.21|29.25|30174
11003|6.21|30.56|30175
11003|6.21|32.50|30176
11003|5.41|31.05|30177
11003|6.51|31.08|30178
11004|4.62|24.12|40289
11004|4.62|25.56|40290
11004|4.62|22.55|40291
11004|4.62|20.88|40292
11004|4.62|23.72|40293
11004|4.62|23.91|40294
11004|4.62|22.05|40295
11004|4.62|23.85|40296
11011|13.08|43.36|10494
11001|13.41|28.99|20051
11001|13.41|26.99|20052
11001|13.41|25.79|20053
11001|13.41|27.00|20054
11001|13.41|26.96|20055
11001|13.41|26.34|20056
11001|13.41|26.26|20057
11001|13.41|25.60|20058
11001|13.41|27.56|20059
11001|13.41|27.67|20060
11025|12.10|68.35|30638
11021|13.29|48.33|40598
11010|17.86|42.40|10490
11012|18.88|51.27|20505
11009|18.73|40.60|30471
11009|18.73|39.85|30472
11009|18.73|40.86|30473
11015|18.21|47.18|40535
11015|24.73|54.13|10538
11011|24.15|57.23|20498
11015|25.25|49.61|30534
11008|25.28|44.07|40439
11008|25.28|44.25|40440
11008|25.28|43.86|40441
11008|25.28|44.44|40442
11003|33.33|49.01|10188
11003|33.33|48.51|10189
11003|33.33|49.07|10190
11003|33.33|49.60|10191
11003|33.33|48.76|10192
11003|33.33|49.70|10193
11003|33.33|48.84|10194
11003|33.33|48.66|10195
11003|33.33|49.48|10196
11012|31.54|67.34|20510
11012|32.25|63.63|30504
11017|31.43|65.64|40556
11021|39.95|78.29|10603
11001|39.05|55.84|20021
11001|39.47|56.40|20022
11001|39.89|56.76|20023
11001|40.31|57.18|20024
11001|40.73|57.65|20025
11001|41.15|58.08|20026
11001|41.57|58.46|20027
11001|41.99|58.87|20028
11001|42.41|59.40|20029
11001|42.83|59.65|20030
11092|38.61|80.74|31090
11214|38.69|73.73|40598
11025|45.18|118.32|10635
11025|45.54|101.79|20638
11004|45.98|61.16|30281
11004|45.98|61.47|30282
11004|45.98|61.85|30283
11004|45.98|62.68|30284
11004|45.98|62.82|30285
11004|45.98|61.58|30286
11004|45.98|62.04|30287
11004|45.98|61.77|30288
11008|45.78|61.52|40455
11008|45.78|61.20|40456
11008|45.78|58.52|40457
11008|45.78|57.28|40458
11008|52.50|68.08|10455
11008|52.50|68.05|10456
11008|52.50|65.37|10457
11008|52.50|63.89|10458
11015|52.18|81.85|20538
11025|51.51|115.09|30643
11015|52.17|81.26|40538
11002|58.40|74.28|10141
11002|58.40|74.64|10142
11002|58.40|74.06|10143
11002|58.40|74.67|10144
11002|58.40|74.00|10145
11002|58.40|74.42|10146
11002|58.40|74.07|10147
11002|58.40|73.73|10148
11002|58.40|73.89|10149
11002|58.40|73.58|10150
11016|58.54|98.80|20552
11092|57.50|135.76|31088
11002|58.05|76.96|40111
11002|58.05|76.43|40112
11002|58.05|76.32|40113
11002|58.05|77.22|40114
11002|58.05|77.09|40115
11002|58.05|76.45|40116
11002|57.45|78.46|40117
11002|57.45|76.93|40118
11002|57.45|78.27|40119
11002|57.45|76.93|40120
