56.19
11001|5.14|20.94|10051
11001|5.14|18.70|10052
11001|5.14|17.48|10053
11001|5.14|18.90|10054
11001|5.14|18.84|10055
11001|5.14|18.08|10056
11001|5.14|17.97|10057
11005|5.95|27.26|20347
11005|5.95|28.54|20348
11005|5.95|27.23|20349
11005|5.95|26.64|20350
11005|5.95|28.20|20351
11002|5.84|20.04|30151
11002|5.84|18.65|30152
11002|5.84|20.70|30153
11002|5.84|21.13|30154
11002|5.84|19.07|30155
11002|5.84|19.84|30156
11002|5.84|19.89|30157
11002|6.30|20.39|40091
11002|6.30|20.37|40092
11002|6.30|19.88|40093
11002|6.30|20.36|40094
11002|6.30|20.38|40095
11002|5.70|21.69|40096
11002|5.70|21.39|40097
11002|10.93|25.11|10151
11002|10.93|23.34|10152
11002|10.93|25.69|10153
11002|10.93|26.19|10154
11002|10.93|23.86|10155
11002|10.93|24.83|10156
11002|10.93|24.89|10157
11010|10.98|35.75|20490
11010|10.98|41.57|20491
11003|11.05|26.70|30188
11003|11.05|26.26|30189
11003|11.05|26.74|30190
11003|11.05|27.18|30191
11003|11.05|26.46|30192
11003|11.05|27.54|30193
11002|11.43|25.52|40091
11002|11.43|25.50|40092
11002|11.43|25.01|40093
11002|11.43|25.49|40094
11002|11.43|25.51|40095
11002|10.83|26.82|40096
11002|10.83|26.52|40097
11002|16.59|35.63|10121
11002|16.94|36.10|10122
11002|17.29|36.40|10123
11002|17.64|36.87|10124
11002|17.99|37.43|10125
11002|18.34|37.57|10126
11002|18.69|37.90|10127
11010|15.78|48.94|20492
11010|15.78|48.71|20493
11005|15.85|29.79|30319
11005|16.50|30.32|30320
11005|17.15|30.94|30321
11005|17.80|31.73|30322
11005|18.45|32.15|30323
11007|16.17|46.31|40396
11007|16.17|42.43|40397
11007|16.17|53.88|40398
11007|16.17|49.23|40399
11010|23.01|56.19|10492
11010|23.01|55.80|10493
11002|23.22|37.20|20151
11002|23.22|36.07|20152
11002|23.22|37.88|20153
11002|23.22|38.55|20154
11002|23.22|36.47|20155
11002|23.22|37.18|20156
11002|23.22|37.14|20157
11003|22.98|44.85|30197
11003|22.98|45.19|30198
11003|22.98|44.61|30199
11003|22.98|45.20|30200
11003|22.98|44.99|30201
11003|22.98|43.91|30202
11004|22.76|44.03|40233
11004|22.76|43.53|40234
11004|22.76|43.83|40235
11004|22.76|43.55|40236
11004|22.76|43.86|40237
11004|22.76|43.74|40238
