58.16
33074|0.00|26.30|50425
33074|2.00|28.30|50425
33074|4.00|30.30|50425
33074|6.00|32.30|50425
33074|8.00|34.30|50425
33074|10.00|36.30|50425
33074|12.00|38.30|50425
33074|14.00|40.30|50425
33074|16.00|42.30|50425
33074|18.00|44.30|50425
33074|20.00|46.30|50425
33074|22.00|48.30|50425
33074|24.00|50.30|50425
33074|26.00|52.30|50425
33074|28.00|54.30|50425
33074|30.00|56.30|50425
33074|0.50|26.96|50426
33074|2.50|28.96|50426
33074|4.50|30.96|50426
33074|6.50|32.96|50426
33074|8.50|34.96|50426
33074|10.50|36.96|50426
33074|12.50|38.96|50426
33074|14.50|40.96|50426
33074|16.50|42.96|50426
33074|18.50|44.96|50426
33074|20.50|46.96|50426
33074|22.50|48.96|50426
33074|24.50|50.96|50426
33074|26.50|52.96|50426
33074|28.50|54.96|50426
33074|30.50|56.96|50426
33075|1.00|40.04|50427
33075|4.50|43.54|50427
33076|8.00|47.04|50427
34077|11.50|50.54|50427
33075|15.00|54.04|50427
33075|18.50|57.54|50427
34077|1.50|40.66|50428
33076|5.00|44.16|50428
33075|8.50|47.66|50428
33075|12.00|51.16|50428
33075|15.50|54.66|50428
34077|19.00|58.16|50428
