75.91
33074|0.00|33.02|50433
33074|1.50|34.52|50433
33074|3.00|36.02|50433
33074|4.50|37.52|50433
33074|6.00|39.02|50433
33074|7.50|40.52|50433
33074|9.00|42.02|50433
33074|10.50|43.52|50433
33074|12.00|45.02|50433
33074|13.50|46.52|50433
33074|15.00|48.02|50433
33074|16.50|49.52|50433
33074|18.00|51.02|50433
33074|19.50|52.52|50433
33074|21.00|54.02|50433
33074|22.50|55.52|50433
33074|24.00|57.02|50433
33074|25.50|58.52|50433
33074|27.00|60.02|50433
33074|28.50|61.52|50433
33074|30.00|63.02|50433
33074|31.50|64.52|50433
33074|33.00|66.02|50433
33074|34.50|67.52|50433
33074|36.00|69.02|50433
33074|0.50|39.91|50434
33074|2.00|41.41|50434
33074|3.50|42.91|50434
33074|5.00|44.41|50434
33074|6.50|45.91|50434
33074|8.00|47.41|50434
33074|9.50|48.91|50434
33074|11.00|50.41|50434
33074|12.50|51.91|50434
33074|14.00|53.41|50434
33074|15.50|54.91|50434
33074|17.00|56.41|50434
33074|18.50|57.91|50434
33074|20.00|59.41|50434
33074|21.50|60.91|50434
33074|23.00|62.41|50434
33074|24.50|63.91|50434
33074|26.00|65.41|50434
33074|27.50|66.91|50434
33074|29.00|68.41|50434
33074|30.50|69.91|50434
33074|32.00|71.41|50434
33074|33.50|72.91|50434
33074|35.00|74.41|50434
33074|36.50|75.91|50434
33075|1.00|36.54|50435
33076|4.00|39.54|50435
33075|7.00|42.54|50435
34077|10.00|45.54|50435
33075|13.00|48.54|50435
33075|16.00|51.54|50435
33076|19.00|54.54|50435
33075|22.00|57.54|50435
34077|25.00|60.54|50435
