52.62
11001|5.28|21.08|10051
11001|5.28|18.84|10052
11001|5.28|17.62|10053
11001|5.28|19.04|10054
11001|5.28|18.98|10055
11001|5.28|18.22|10056
11001|5.28|18.11|10057
11007|5.41|34.87|20396
11007|5.41|31.40|20397
11007|5.41|41.93|20398
11007|5.41|38.98|20399
11001|6.04|24.02|20011
11001|5.94|24.09|20012
11001|6.04|23.72|20013
11001|6.04|24.41|20014
11001|6.04|23.78|20015
11001|6.04|24.32|20016
11001|6.54|23.09|20017
11001|12.86|29.98|10021
11001|13.28|30.20|10022
11001|13.70|30.68|10023
11001|14.12|31.04|10024
11001|14.54|31.43|10025
11001|14.96|31.88|10026
11001|15.38|32.32|10027
11007|13.41|42.87|20396
11007|13.41|39.40|20397
11007|13.41|49.93|20398
11007|13.41|46.98|20399
11007|13.41|39.95|20400
11001|13.30|36.51|40071
11001|13.30|36.20|40072
11001|13.30|36.03|40073
11001|13.30|35.50|40074
11001|13.30|35.96|40075
11001|13.30|35.69|40076
11001|13.70|35.30|40077
11010|19.44|52.62|10492
11010|19.44|52.23|10493
11001|19.24|37.22|20011
11001|19.14|37.29|20012
11001|19.24|36.92|20013
11001|19.24|37.61|20014
11001|19.24|36.98|20015
11001|19.24|37.52|20016
11001|19.74|36.29|20017
11007|18.68|42.54|40401
11007|18.68|44.93|40402
11007|18.68|44.15|40403
11007|18.68|44.12|40404
11007|18.68|43.41|40405
11001|26.49|42.99|20061
11001|26.49|43.69|20062
11001|26.49|42.46|20063
11001|26.49|42.38|20064
11001|26.49|43.01|20065
11001|25.44|44.55|20066
11001|25.74|43.39|20067
11001|25.45|42.76|30001
11001|26.25|43.07|30002
11001|26.35|42.88|30003
11001|26.15|44.14|30004
11001|26.05|43.59|30005
11001|25.95|43.05|30006
11001|26.25|42.36|30007
11001|26.05|44.00|30008
11001|25.45|43.52|30009
11001|26.05|43.02|30010
11001|25.39|42.34|40021
11001|25.81|42.72|40022
11001|26.23|43.15|40023
11001|26.65|43.56|40024
