111.22
11010|2.61|35.79|10492
11010|2.61|35.40|10493
11024|2.40|38.79|20625
11009|2.24|24.87|30459
11009|2.24|27.08|30460
11009|2.24|27.96|30461
11018|0.81|33.34|40568
11002|4.70|18.88|10151
11002|4.70|17.11|10152
11002|4.70|19.46|10153
11002|4.70|19.96|10154
11002|4.70|17.63|10155
11002|4.70|18.60|10156
11002|4.70|18.66|10157
11002|4.70|18.22|10158
11002|4.70|19.55|10159
11002|4.70|17.24|10160
14011|5.05|37.11|20675
11024|5.84|63.29|30631
11011|4.77|30.16|40497
11002|9.14|37.66|10081
11002|9.39|37.49|10082
11002|9.44|37.74|10083
11002|9.64|37.45|10084
11002|9.14|39.05|10085
11002|10.14|38.52|10086
11002|10.74|38.80|10087
11002|10.74|39.31|10088
11002|10.74|38.83|10089
11002|10.74|37.81|10090
11007|10.24|39.70|20396
11007|10.24|36.23|20397
11007|10.24|46.76|20398
11007|10.24|43.81|20399
11007|10.24|36.78|20400
11026|9.51|50.93|30644
14009|10.58|43.00|40673
14007|13.26|53.35|10660
11014|14.80|39.20|20525
11015|12.86|45.43|30539
11001|14.17|35.48|40041
11001|14.17|35.32|40042
11001|14.17|35.07|40043
11001|14.17|35.44|40044
11001|14.17|36.13|40045
11001|14.17|35.68|40046
11001|14.17|35.20|40047
11001|14.17|35.50|40048
11001|14.17|34.74|40049
11001|14.17|36.13|40050
11004|17.64|38.91|10233
11004|17.64|38.41|10234
11004|17.64|38.71|10235
11004|17.64|38.50|10236
11004|17.64|38.76|10237
11004|17.64|38.64|10238
11004|17.64|38.92|10239
11004|17.64|39.03|10240
11009|17.81|48.83|20477
11009|17.81|48.98|20478
11009|17.81|48.51|20479
11002|17.86|36.75|30121
11002|18.21|37.00|30122
11002|18.56|37.77|30123
11002|18.91|38.08|30124
11002|19.26|38.38|30125
11002|19.61|38.80|30126
11002|19.96|39.08|30127
11002|20.31|39.47|30128
11002|20.66|40.13|30129
11002|21.01|40.46|30130
11017|17.54|65.65|40561
11015|21.95|51.79|10535
11013|22.69|62.87|20519
11014|21.02|43.02|30531
11009|21.17|43.01|40471
11009|21.17|42.34|40472
11009|21.17|43.19|40473
11011|26.14|62.62|10496
14013|26.89|48.15|20691
11003|26.85|42.50|30188
11003|26.85|42.06|30189
11003|26.85|42.54|30190
11003|26.85|42.98|30191
11003|26.85|42.26|30192
11003|26.85|43.34|30193
11003|26.85|42.43|30194
11003|26.85|42.15|30195
11003|26.85|43.01|30196
11022|25.88|63.56|40608
14016|29.80|66.86|10710
11003|30.26|49.10|20161
11003|30.26|48.14|20162
11003|30.26|49.62|20163
11003|31.06|49.33|20164
11003|30.66|50.37|20165
11003|29.66|47.91|20166
11003|29.66|47.79|20167
11003|29.66|49.75|20168
11003|29.66|49.75|20169
11007|30.25|46.52|30426
11007|30.25|46.55|30427
11007|30.25|46.75|30428
11007|30.25|47.11|30429
11007|30.25|46.75|30430
11023|30.06|55.09|40621
11003|33.59|59.52|10215
11003|33.59|59.76|10216
11003|33.59|60.42|10217
11003|33.59|59.76|10218
11003|33.59|59.91|10219
11003|33.59|60.23|10220
11003|33.59|60.27|10221
11003|33.59|61.72|10222
11003|33.59|61.86|10223
11016|34.40|61.97|20544
11007|34.17|54.34|30421
11007|34.17|53.85|30422
11007|34.17|53.25|30423
11007|34.17|52.79|30424
11007|34.17|52.67|30425
11005|33.14|53.16|40326
11005|33.14|51.95|40327
11005|33.14|54.18|40328
11005|33.14|54.00|40329
11005|33.14|56.21|40330
11005|33.14|54.82|40331
11005|33.14|52.26|40332
11006|38.79|64.63|10354
11006|38.79|63.91|10355
11006|38.79|64.47|10356
11006|38.79|63.64|10357
11006|38.79|64.99|10358
11006|38.79|64.55|10359
11001|37.11|58.35|20041
11001|37.11|58.23|20042
11001|37.11|57.95|20043
11001|37.11|58.47|20044
11001|37.11|59.10|20045
11001|37.11|58.56|20046
11001|37.11|58.09|20047
11001|37.11|58.34|20048
11001|37.11|57.70|20049
11001|37.11|59.11|20050
11006|38.04|64.24|30354
11006|38.04|63.32|30355
11006|38.04|63.72|30356
11006|38.04|62.83|30357
11006|38.04|64.05|30358
11006|38.04|63.57|30359
11007|39.04|58.89|40411
11007|39.04|58.93|40412
11007|39.04|58.04|40413
11007|39.04|59.58|40414
11007|39.04|55.81|40415
11002|41.09|56.97|10141
11002|41.09|57.33|10142
11002|41.09|56.75|10143
11002|41.09|57.36|10144
11002|41.09|56.69|10145
11002|41.09|57.11|10146
11002|41.09|56.76|10147
11002|41.09|56.42|10148
11002|41.09|56.58|10149
11002|41.09|56.27|10150
11005|43.04|62.97|20305
11005|43.04|62.78|20306
11005|43.04|62.97|20307
11005|43.04|63.09|20308
11005|43.04|63.44|20309
11005|43.04|62.79|20310
11005|43.04|62.11|20311
11003|42.05|57.70|30188
11003|42.05|57.26|30189
11003|42.05|57.74|30190
11003|42.05|58.18|30191
11003|42.05|57.46|30192
11003|42.05|58.54|30193
11003|42.05|57.63|30194
11003|42.05|57.35|30195
11003|42.05|58.21|30196
11011|41.13|74.17|40498
11018|46.43|80.96|10566
11006|46.37|66.68|20360
11006|46.37|66.34|20361
11006|46.37|67.14|20362
11006|46.37|66.23|20363
11006|46.37|65.54|20364
11006|46.37|65.34|20365
11001|45.21|68.58|30071
11001|45.21|67.95|30072
11001|45.21|68.02|30073
11001|45.21|67.33|30074
11001|45.21|67.93|30075
11001|45.21|67.56|30076
11001|45.61|67.30|30077
11001|45.41|66.33|30078
11001|45.21|65.27|30079
11001|46.01|66.51|30080
11001|45.14|62.09|40021
11001|45.56|62.47|40022
11001|45.98|62.90|40023
11001|46.40|63.31|40024
11001|46.82|63.78|40025
11001|47.24|64.12|40026
11001|47.66|64.59|40027
11001|48.08|64.96|40028
11001|48.50|65.43|40029
11001|48.92|65.91|40030
11010|49.21|78.83|10482
11010|49.21|73.48|10483
11025|49.18|82.43|20634
11014|50.07|74.50|30525
11005|49.14|67.84|40333
11005|49.14|67.03|40334
11005|49.14|67.97|40335
11005|49.14|67.29|40336
11005|49.14|68.46|40337
11005|49.14|68.88|40338
11005|49.14|67.78|40339
11013|53.58|85.53|10523
11007|53.89|83.35|20396
11007|53.89|79.88|20397
11007|53.89|90.41|20398
11007|53.89|87.46|20399
11007|53.89|80.43|20400
11023|54.78|79.70|30617
11008|54.59|73.38|40439
11008|54.59|73.56|40440
11008|54.59|73.17|40441
11008|54.59|73.75|40442
11020|58.66|81.48|10591
11026|57.90|111.22|20651
11018|57.50|96.15|30573
11010|57.44|87.14|40482
11010|57.44|82.13|40483
