93.13
11092|5.05|42.79|11001
11007|5.14|25.23|20406
11007|5.14|25.35|20407
11007|5.14|24.75|20408
11007|5.14|24.54|20409
11007|5.14|24.58|20410
11007|4.81|28.86|30401
11007|4.81|31.07|30402
11007|4.81|30.28|30403
11007|4.81|30.37|30404
11007|4.81|29.44|30405
11017|5.31|53.42|40561
11024|13.47|60.39|10628
11214|12.07|41.29|20596
11017|11.92|48.16|30559
11214|13.57|55.61|40597
11214|18.90|54.05|10598
11025|18.78|75.29|20642
11016|19.92|59.09|30547
11090|19.34|35.55|41087
11006|26.90|45.68|10372
11006|26.90|45.84|10373
11006|26.90|46.21|10374
11006|26.90|46.29|10375
11006|26.90|45.23|10376
11006|26.90|45.55|10377
11001|25.79|42.58|20021
11001|26.21|43.14|20022
11001|26.63|43.50|20023
11001|27.05|43.92|20024
11001|27.47|44.39|20025
11001|27.89|44.82|20026
11001|28.31|45.20|20027
11001|28.73|45.61|20028
11001|29.15|46.14|20029
11001|29.57|46.39|20030
11012|26.34|62.10|30510
11001|28.03|44.54|40061
11001|28.03|45.22|40062
11001|28.03|44.06|40063
11001|28.03|43.55|40064
11001|28.03|44.66|40065
11001|26.98|46.10|40066
11001|27.28|44.73|40067
11001|27.28|45.27|40068
11001|26.98|45.74|40069
11001|27.28|44.86|40070
11026|32.85|87.19|10649
11214|32.93|65.37|20601
11013|33.73|65.31|30515
11013|32.78|64.02|40517
11085|39.32|52.99|11004
11085|39.82|53.49|11004
11085|40.32|53.99|11004
11085|40.82|54.49|11004
11085|41.32|54.99|11004
11085|41.82|55.49|11004
11085|42.32|55.99|11004
11085|42.82|56.49|11004
11085|40.47|62.61|21011
11085|39.97|61.78|21012
11085|39.97|63.28|21013
11085|40.97|61.66|21014
11085|39.97|62.21|21015
11085|39.97|63.01|21016
11085|39.97|63.54|21017
11214|40.70|83.96|30600
11003|39.76|63.41|40179
11003|39.76|63.87|40180
11003|39.76|62.03|40181
11003|39.76|64.27|40182
11003|39.76|62.91|40183
11003|39.76|61.85|40184
11003|39.76|65.84|40185
11003|39.76|62.78|40186
11003|39.76|63.50|40187
11027|46.86|83.79|10602
11021|45.97|80.96|20598
11004|45.09|69.00|30249
11004|45.09|67.78|30250
11004|45.09|69.37|30251
11004|45.09|68.54|30252
11004|45.09|68.84|30253
11004|45.09|68.77|30254
11004|45.09|68.66|30255
11004|45.09|69.58|30256
11007|46.86|70.72|40401
11007|46.86|73.11|40402
11007|46.86|72.33|40403
11007|46.86|72.30|40404
11007|46.86|71.59|40405
11214|52.28|84.59|10601
11090|52.40|74.86|21025
11017|53.67|89.91|30559
11085|54.32|73.13|41052
11085|54.02|72.84|41053
11085|54.52|72.02|41054
11085|54.02|75.66|41055
11085|54.52|72.96|41056
11085|54.82|73.63|41052
11085|55.02|73.46|41056
11085|55.02|72.52|41054
