83.97
33074|0.00|36.81|50444
33074|2.00|38.81|50444
33074|4.00|40.81|50444
33074|6.00|42.81|50444
33074|8.00|44.81|50444
33074|10.00|46.81|50444
33074|12.00|48.81|50444
33074|14.00|50.81|50444
33074|16.00|52.81|50444
33074|18.00|54.81|50444
33074|20.00|56.81|50444
33074|22.00|58.81|50444
33074|24.00|60.81|50444
33074|26.00|62.81|50444
33074|28.00|64.81|50444
33074|30.00|66.81|50444
33074|32.00|68.81|50444
33074|34.00|70.81|50444
33074|36.00|72.81|50444
33074|38.00|74.81|50444
33074|40.00|76.81|50444
33074|42.00|78.81|50444
33074|44.00|80.81|50444
33074|46.00|82.81|50444
33074|1.00|37.97|50445
33074|3.00|39.97|50445
33074|5.00|41.97|50445
33074|7.00|43.97|50445
33074|9.00|45.97|50445
33074|11.00|47.97|50445
33074|13.00|49.97|50445
33074|15.00|51.97|50445
33074|17.00|53.97|50445
33074|19.00|55.97|50445
33074|21.00|57.97|50445
33074|23.00|59.97|50445
33074|25.00|61.97|50445
33074|27.00|63.97|50445
33074|29.00|65.97|50445
33074|31.00|67.97|50445
33074|33.00|69.97|50445
33074|35.00|71.97|50445
33074|37.00|73.97|50445
33074|39.00|75.97|50445
33074|41.00|77.97|50445
33074|43.00|79.97|50445
33074|45.00|81.97|50445
33074|47.00|83.97|50445
33076|0.50|33.89|50446
33075|4.00|37.39|50446
33075|7.50|40.89|50446
34077|11.00|44.39|50446
33075|14.50|47.89|50446
33076|18.00|51.39|50446
33075|21.50|54.89|50446
34077|25.00|58.39|50446
33075|28.50|61.89|50446
33075|32.00|65.39|50446
