109.82
11092|7.44|52.79|11003
11214|6.07|45.83|20599
11015|6.69|32.41|30536
11013|6.13|44.01|40520
11025|14.23|70.48|10638
11018|12.50|51.03|20573
11214|14.10|43.88|30594
11011|13.36|46.40|40498
11018|21.57|55.77|10570
11011|20.41|47.24|20501
11011|21.17|55.58|30499
11008|21.44|40.74|40431
11008|21.44|40.82|40432
11008|21.44|42.20|40433
11008|21.44|40.65|40434
11008|28.33|47.79|10451
11008|28.33|46.93|10452
11008|28.33|46.38|10453
11008|28.33|47.12|10454
11009|27.66|58.65|20468
11009|27.66|55.35|20469
11009|27.66|59.41|20470
11214|28.20|66.56|30603
11011|28.29|56.31|40495
11017|36.03|79.90|10560
11025|35.49|109.40|20635
11004|36.07|54.05|30265
11004|36.07|53.72|30266
11004|36.07|54.30|30267
11004|36.07|54.72|30268
11004|36.07|55.64|30269
11004|36.07|55.29|30270
11004|36.07|54.81|30271
11004|36.07|53.90|30272
11015|35.97|65.52|40543
11011|42.77|76.45|10498
11092|41.54|79.16|21001
11001|41.31|59.51|30011
11001|41.21|59.47|30012
11001|41.31|59.11|30013
11001|41.31|59.53|30014
11001|41.31|59.30|30015
11001|41.31|59.73|30016
11001|41.81|58.52|30017
11001|42.11|58.54|30018
11001|41.81|58.60|30019
11001|41.81|58.48|30020
11012|41.09|73.59|40504
11012|50.53|86.41|10510
11010|50.54|71.58|20486
11013|50.44|96.01|30522
11008|49.42|68.91|40451
11008|49.42|68.05|40452
11008|49.42|67.51|40453
11008|49.42|68.13|40454
11025|58.72|91.85|10634
11017|58.44|94.42|20559
11002|59.60|78.53|30111
11002|59.60|78.13|30112
11002|59.60|77.85|30113
11002|59.60|78.40|30114
11002|59.60|78.67|30115
11002|59.60|78.02|30116
11002|59.00|79.99|30117
11002|59.00|78.47|30118
11002|59.00|80.49|30119
11002|59.00|79.01|30120
11012|58.94|86.45|40509
