120.77
11011|1.09|31.37|10494
11003|1.63|24.99|20179
11003|1.63|25.34|20180
11003|1.63|23.97|20181
11003|1.63|25.85|20182
11003|1.63|24.72|20183
11003|1.63|23.67|20184
11003|1.63|27.76|20185
11003|1.63|24.68|20186
11003|1.63|25.26|20187
11002|1.37|17.05|30141
11002|1.37|17.58|30142
11002|1.37|17.06|30143
11002|1.37|17.50|30144
11002|1.37|16.99|30145
11002|1.37|17.40|30146
11002|1.37|17.06|30147
11002|1.37|16.71|30148
11002|1.37|16.91|30149
11002|1.37|16.51|30150
11012|2.51|37.50|40506
11001|6.43|29.67|10071
11001|6.43|29.39|10072
11001|6.43|28.95|10073
11001|6.43|28.80|10074
11001|6.43|28.91|10075
11001|6.43|28.62|10076
11001|6.83|28.60|10077
11001|6.63|28.10|10078
11001|6.43|26.51|10079
11001|7.23|27.88|10080
14007|6.25|46.48|20662
11021|6.11|43.40|30602
11011|5.51|35.97|40494
11006|10.38|30.63|10360
11006|10.38|30.36|10361
11006|10.38|31.06|10362
11006|10.38|30.17|10363
11006|10.38|29.53|10364
11006|10.38|29.45|10365
11025|8.87|82.78|20635
11010|10.20|43.50|30492
11010|10.20|42.77|30493
11003|9.52|35.51|40215
11003|9.52|35.72|40216
11003|9.52|36.37|40217
11003|9.52|35.64|40218
11003|9.52|35.87|40219
11003|9.52|36.13|40220
11003|9.52|36.14|40221
11003|9.52|37.86|40222
11003|9.52|37.93|40223
11001|12.96|34.14|10041
11001|12.96|34.05|10042
11001|12.96|33.80|10043
11001|12.96|34.28|10044
11001|12.96|34.73|10045
11001|12.96|34.47|10046
11001|12.96|33.90|10047
11001|12.96|34.25|10048
11001|12.96|33.49|10049
11001|12.96|34.93|10050
11001|14.40|37.82|20071
11001|14.40|37.29|20072
11001|14.40|36.92|20073
11001|14.40|36.55|20074
11001|14.40|36.80|20075
11001|14.40|36.57|20076
11001|14.80|36.40|20077
11001|14.60|35.80|20078
11001|14.40|34.44|20079
11001|15.20|35.82|20080
11007|13.55|43.56|30396
11007|13.55|39.54|30397
11007|13.55|51.14|30398
11007|13.55|46.70|30399
11007|13.55|40.06|30400
11003|13.21|36.86|40179
11003|13.21|37.32|40180
11003|13.21|35.48|40181
11003|13.21|37.72|40182
11003|13.21|36.36|40183
11003|13.21|35.30|40184
11003|13.21|39.29|40185
11003|13.21|36.23|40186
11003|13.21|36.95|40187
11004|18.50|39.64|10241
11004|18.50|39.40|10242
11004|18.50|38.71|10243
11004|18.50|38.92|10244
11004|18.50|39.96|10245
11004|18.50|40.50|10246
11004|18.50|41.37|10247
11004|18.50|41.47|10248
11017|18.06|49.77|20554
11008|17.73|36.48|30447
11008|17.73|38.29|30448
11008|17.73|37.78|30449
11008|17.73|37.35|30450
14007|17.25|41.84|40661
11003|21.94|40.52|10161
11003|21.94|39.76|10162
11003|21.94|41.09|10163
11003|22.74|40.97|10164
11003|22.34|42.12|10165
11003|21.34|39.57|10166
11003|21.34|39.45|10167
11003|21.34|41.73|10168
11003|21.34|41.51|10169
11020|21.76|40.07|20587
11016|22.83|57.13|30551
11012|22.05|58.42|40512
11005|26.47|45.20|10333
11005|26.47|44.42|10334
11005|26.47|45.27|10335
11005|26.47|44.62|10336
11005|26.47|45.99|10337
11005|26.47|46.22|10338
11005|26.47|45.31|10339
11008|25.86|41.42|20455
11008|25.86|41.04|20456
11008|25.86|38.69|20457
11008|25.86|37.34|20458
11001|26.57|49.94|30071
11001|26.57|49.31|30072
11001|26.57|49.38|30073
11001|26.57|48.69|30074
11001|26.57|49.29|30075
11001|26.57|48.92|30076
11001|26.97|48.66|30077
11001|26.77|47.69|30078
11001|26.57|46.63|30079
11001|27.37|47.87|30080
11002|25.24|40.50|40131
11002|25.24|40.83|40132
11002|25.24|39.15|40133
11002|25.24|40.23|40134
11002|25.24|38.58|40135
11002|25.24|38.17|40136
11002|25.24|39.52|40137
11002|25.24|40.05|40138
11002|25.24|38.63|40139
11002|25.24|38.11|40140
11025|29.29|79.81|10641
11004|29.29|47.49|20265
11004|29.29|47.14|20266
11004|29.29|47.72|20267
11004|29.29|48.17|20268
11004|29.29|48.62|20269
11004|29.29|48.38|20270
11004|29.29|48.04|20271
11004|29.29|47.64|20272
11007|29.10|55.91|30416
11007|29.10|52.81|30417
11007|29.10|59.58|30418
11007|29.10|57.50|30419
11007|29.10|56.55|30420
11008|29.86|59.42|40435
11008|29.86|59.05|40436
11008|29.86|50.83|40437
11008|29.86|54.87|40438
11004|33.56|54.83|10233
11004|33.56|54.33|10234
11004|33.56|54.63|10235
11004|33.56|54.42|10236
11004|33.56|54.68|10237
11004|33.56|54.56|10238
11004|33.56|54.84|10239
11004|33.56|54.95|10240
11012|33.18|58.89|20511
11015|33.63|63.01|30538
11019|34.64|70.25|40579
11007|36.94|53.29|10426
11007|36.94|53.29|10427
11007|36.94|53.44|10428
11007|36.94|53.80|10429
11007|36.94|53.42|10430
11001|38.40|56.38|20011
11001|38.30|56.45|20012
11001|38.40|56.08|20013
11001|38.40|56.77|20014
11001|38.40|56.14|20015
11001|38.40|56.68|20016
11001|38.90|55.45|20017
11001|39.20|55.71|20018
11001|38.90|55.74|20019
11001|38.90|55.66|20020
11001|38.26|59.56|30041
11001|38.26|59.46|30042
11001|38.26|59.17|30043
11001|38.26|59.55|30044
11001|38.26|60.12|30045
11001|38.26|59.78|30046
11001|38.26|59.21|30047
11001|38.26|59.57|30048
11001|38.26|58.92|30049
11001|38.26|60.27|30050
11001|37.92|54.87|40021
11001|38.34|55.25|40022
11001|38.76|55.68|40023
11001|39.18|56.09|40024
11001|39.60|56.56|40025
11001|40.02|56.90|40026
11001|40.44|57.37|40027
11001|40.86|57.74|40028
11001|41.28|58.21|40029
11001|41.70|58.69|40030
11007|41.53|67.23|10416
11007|41.53|65.20|10417
11007|41.53|70.72|10418
11007|41.53|70.00|10419
11007|41.53|68.92|10420
11004|42.04|63.53|20297
11004|42.04|63.55|20298
11004|42.04|64.25|20299
11004|42.04|64.32|20300
11004|42.04|64.00|20301
11004|42.04|63.15|20302
11004|42.04|62.46|20303
11004|42.04|64.91|20304
11009|42.99|58.99|30474
11009|42.99|57.50|30475
11009|42.99|60.74|30476
11003|42.32|68.31|40215
11003|42.32|68.52|40216
11003|42.32|69.17|40217
11003|42.32|68.44|40218
11003|42.32|68.67|40219
11003|42.32|68.93|40220
11003|42.32|68.94|40221
11003|42.32|70.66|40222
11003|42.32|70.73|40223
11007|45.85|71.55|10416
11007|45.85|69.52|10417
11007|45.85|75.04|10418
11007|45.85|74.32|10419
11007|45.85|73.24|10420
11002|47.37|66.35|20111
11002|47.37|65.94|20112
11002|47.37|65.78|20113
11002|47.37|66.27|20114
11002|47.37|66.48|20115
11002|47.37|65.87|20116
11002|46.77|67.03|20117
11002|46.77|66.33|20118
11002|46.77|67.57|20119
11002|46.77|66.80|20120
14009|45.57|66.82|30671
11001|45.35|60.68|40051
11001|45.35|58.76|40052
11001|45.35|57.73|40053
11001|45.35|58.90|40054
11001|45.35|58.85|40055
11001|45.35|58.27|40056
11001|45.35|58.08|40057
11001|45.35|57.45|40058
11001|45.35|59.45|40059
11001|45.35|59.49|40060
11017|49.79|85.49|10559
14009|50.44|92.69|20667
11003|52.88|69.12|30224
11003|52.88|71.52|30225
11003|53.28|70.79|30226
11003|53.88|70.51|30227
11003|53.98|69.75|30228
11003|54.88|69.84|30229
11003|50.88|71.26|30230
11003|53.68|69.11|30231
11003|52.88|69.20|30232
11010|50.62|75.50|40490
11010|50.62|81.35|40491
11026|54.16|95.58|10644
11023|53.72|78.59|20617
11005|55.09|69.03|30319
11005|55.74|69.56|30320
11005|56.39|70.18|30321
11005|57.04|70.97|30322
11005|57.69|71.39|30323
11005|58.34|72.16|30324
11005|58.99|72.80|30325
11002|54.32|74.27|40101
11002|54.32|73.29|40102
11002|54.32|73.67|40103
11002|54.32|74.01|40104
11002|54.32|73.13|40105
11002|54.32|74.28|40106
11002|54.32|70.97|40107
11002|54.32|73.88|40108
11002|54.32|72.51|40109
11002|54.32|72.98|40110
11026|58.56|120.77|10647
11018|58.56|97.09|20573
11004|57.88|79.15|30233
11004|57.88|78.65|30234
11004|57.88|78.95|30235
11004|57.88|78.63|30236
11004|57.88|78.96|30237
11004|57.88|78.84|30238
11004|57.88|79.17|30239
11004|57.88|79.23|30240
14021|57.47|108.17|40753
