124.78
11012|7.42|33.06|10511
11004|5.93|21.01|20281
11004|5.93|21.15|20282
11004|5.93|21.92|20283
11004|5.93|22.47|20284
11004|5.93|22.51|20285
11004|5.93|21.55|20286
11004|5.93|21.84|20287
11004|5.93|22.05|20288
11013|5.66|46.33|30519
11008|7.42|26.91|40451
11008|7.42|26.05|40452
11008|7.42|25.51|40453
11008|7.42|26.13|40454
11001|15.43|31.74|10031
11001|15.43|31.81|10032
11001|15.43|31.68|10033
11001|15.43|31.52|10034
11001|15.43|32.12|10035
11001|15.43|31.36|10036
11001|15.43|30.80|10037
11001|15.43|31.38|10038
11001|15.43|31.80|10039
11001|15.43|31.21|10040
11002|14.26|29.82|20131
11002|14.26|24.74|20132
11002|14.26|28.26|20133
11002|14.26|29.03|20134
11002|14.26|27.81|20135
11002|14.26|27.16|20136
11002|14.26|28.28|20137
11002|14.26|28.75|20138
11002|14.26|27.82|20139
11002|14.26|26.88|20140
11013|14.29|46.17|30523
11002|15.65|34.56|40111
11002|15.65|34.03|40112
11002|15.65|33.92|40113
11002|15.65|34.82|40114
11002|15.65|34.69|40115
11002|15.65|34.05|40116
11002|15.05|36.06|40117
11002|15.05|34.53|40118
11002|15.05|35.87|40119
11002|15.05|34.53|40120
11003|21.80|43.52|10197
11003|21.80|43.91|10198
11003|21.80|43.27|10199
11003|21.80|44.01|10200
11003|21.80|43.80|10201
11003|21.80|42.80|10202
11003|21.80|43.12|10203
11003|21.80|42.81|10204
11003|21.80|42.60|10205
11011|21.50|65.17|20502
11025|21.22|67.57|30639
11017|21.10|74.03|40563
11092|29.04|54.25|11089
11012|28.38|79.04|20507
11002|27.27|42.86|30131
11002|27.27|42.54|30132
11002|27.27|41.32|30133
11002|27.27|42.32|30134
11002|27.27|40.62|30135
11002|27.27|40.31|30136
11002|27.27|41.39|30137
11002|27.27|41.70|30138
11002|27.27|40.66|30139
11002|27.27|39.74|30140
11018|29.15|67.61|40573
11004|34.73|49.87|10281
11004|34.73|49.95|10282
11004|34.73|50.71|10283
11004|34.73|51.38|10284
11004|34.73|51.48|10285
11004|34.73|50.30|10286
11004|34.73|51.04|10287
11004|34.73|50.54|10288
11008|36.04|54.65|20447
11008|36.04|56.41|20448
11008|36.04|55.94|20449
11008|36.04|56.04|20450
11013|35.82|63.16|30516
11008|34.41|49.02|40443
11008|34.41|47.98|40444
11008|34.41|49.77|40445
11008|34.41|48.83|40446
11004|43.40|58.52|10273
11004|43.40|58.78|10274
11004|43.40|59.28|10275
11004|43.40|58.98|10276
11004|43.40|59.12|10277
11004|43.40|59.65|10278
11004|43.40|59.32|10279
11004|43.40|59.62|10280
11004|42.99|64.01|20241
11004|42.99|64.24|20242
11004|42.99|63.59|20243
11004|42.99|63.80|20244
11004|42.99|63.86|20245
11004|42.99|64.62|20246
11004|42.99|65.81|20247
11004|42.99|65.56|20248
11009|42.90|64.77|30471
11009|42.90|64.02|30472
11009|42.90|65.03|30473
11010|43.81|77.04|40492
11214|51.06|89.40|10603
11009|50.64|69.60|20462
11009|51.84|70.74|20463
11009|53.04|71.99|20464
11025|50.88|124.78|30635
11025|51.00|102.16|40640
11002|57.43|71.61|10151
11002|57.43|69.84|10152
11002|57.43|72.19|10153
11002|57.43|72.69|10154
11002|57.43|70.36|10155
11002|57.43|71.33|10156
11002|57.43|71.39|10157
11002|57.43|70.95|10158
11002|57.43|72.28|10159
11002|57.43|69.97|10160
11001|56.96|72.54|20051
11001|56.96|70.54|20052
11001|56.96|69.34|20053
11001|56.96|70.55|20054
11001|56.96|70.51|20055
11001|56.96|69.89|20056
11001|56.96|69.81|20057
11001|56.96|69.15|20058
11001|56.96|71.11|20059
11001|56.96|71.22|20060
11092|57.10|80.71|31089
11011|57.69|85.71|40495
