58.97
11004|5.90|27.36|10297
11004|5.90|27.32|10298
11004|5.90|28.06|10299
11004|5.90|28.08|10300
11004|5.90|27.64|10301
11004|5.90|26.86|10302
11001|6.91|23.41|20061
11001|6.91|24.11|20062
11001|6.91|22.88|20063
11001|6.91|22.80|20064
11001|6.91|23.43|20065
11001|5.86|24.97|20066
11001|6.16|23.81|20067
11007|5.72|25.89|30421
11007|5.72|25.40|30422
11007|5.72|24.80|30423
11007|5.72|24.34|30424
11007|5.72|24.22|30425
11001|6.20|22.71|40061
11001|6.20|23.39|40062
11001|6.20|22.23|40063
11001|6.20|21.72|40064
11001|6.20|22.83|40065
11001|5.15|24.27|40066
11001|5.45|22.90|40067
11001|13.89|35.07|10041
11001|13.89|34.98|10042
11001|13.89|34.73|10043
11001|13.89|35.21|10044
11001|13.89|35.66|10045
11001|13.89|35.40|10046
11001|13.89|34.83|10047
11003|13.22|36.58|20179
11003|13.22|36.93|20180
11003|13.22|35.56|20181
11003|13.22|37.44|20182
11003|13.22|36.31|20183
11003|13.22|35.26|20184
11017|13.35|41.44|30555
11004|13.72|28.86|40281
11004|13.72|29.16|40282
11004|13.72|29.46|40283
11004|13.72|30.35|40284
11004|13.72|30.48|40285
11004|13.72|29.35|40286
11006|20.15|38.85|10366
11006|20.15|38.39|10367
11006|20.15|38.54|10368
11006|20.15|38.91|10369
11006|20.15|38.43|10370
11006|20.15|38.22|10371
11001|20.13|36.92|20021
11001|20.55|37.48|20022
11001|20.97|37.84|20023
11001|21.39|38.26|20024
11001|21.81|38.73|20025
11001|22.23|39.16|20026
11001|22.65|39.54|20027
11006|20.00|40.36|30360
11006|20.00|40.06|30361
11006|20.00|40.35|30362
11006|20.00|39.87|30363
11006|20.00|39.09|30364
11006|20.00|38.96|30365
11001|20.28|37.58|40001
11001|21.08|37.89|40002
11001|21.18|37.81|40003
11001|20.98|38.95|40004
11001|20.88|38.37|40005
11001|20.78|37.87|40006
11001|21.08|37.23|40007
11001|20.88|38.77|40008
11001|20.28|38.21|40009
11001|20.88|37.82|40010
11001|27.50|44.73|10001
11001|28.30|45.16|10002
11001|28.40|44.91|10003
11001|28.20|46.13|10004
11005|28.23|48.39|20326
11005|28.23|47.14|20327
11005|28.23|48.93|20328
11005|28.23|49.25|20329
11005|28.23|52.19|20330
11013|27.39|58.97|30515
11003|28.27|51.59|40170
11003|28.27|50.74|40171
11003|28.27|49.76|40172
11003|29.07|49.85|40173
11003|29.07|52.40|40174
11003|29.07|53.45|40175
