95.18
11004|6.27|24.72|10265
11004|6.27|23.82|10266
11004|6.27|24.67|10267
11004|6.27|25.16|10268
11004|6.27|25.84|10269
11004|6.27|25.65|10270
11004|6.27|25.00|10271
11004|6.27|24.05|10272
11003|5.51|21.19|20188
11003|5.51|20.77|20189
11003|5.51|21.17|20190
11003|5.51|21.82|20191
11003|5.51|20.95|20192
11003|5.51|21.84|20193
11003|5.51|21.00|20194
11003|5.51|20.80|20195
11003|5.51|21.63|20196
11016|6.27|45.44|30547
11001|5.78|22.29|40061
11001|5.78|22.97|40062
11001|5.78|21.81|40063
11001|5.78|21.30|40064
11001|5.78|22.41|40065
11001|4.73|23.85|40066
11001|5.03|22.48|40067
11001|5.03|23.02|40068
11001|4.73|23.49|40069
11001|5.03|22.61|40070
11009|13.51|35.48|10471
11009|13.51|34.74|10472
11009|13.51|35.87|10473
11002|12.66|28.32|20141
11002|12.66|28.93|20142
11002|12.66|28.27|20143
11002|12.66|28.92|20144
11002|12.66|28.30|20145
11002|12.66|28.76|20146
11002|12.66|28.37|20147
11002|12.66|27.99|20148
11002|12.66|28.32|20149
11002|12.66|27.81|20150
11011|13.15|47.56|30499
11003|12.32|34.14|40197
11003|12.32|34.52|40198
11003|12.32|33.94|40199
11003|12.32|34.52|40200
11003|12.32|34.36|40201
11003|12.32|33.39|40202
11003|12.32|33.67|40203
11003|12.32|33.43|40204
11003|12.32|33.35|40205
11013|18.05|45.59|10516
11025|18.78|69.30|20641
11008|18.17|37.68|30451
11008|18.17|36.91|30452
11008|18.17|36.27|30453
11008|18.17|36.94|30454
11012|18.42|53.56|40508
11090|25.93|59.20|11024
11008|24.19|39.75|20455
11008|24.19|39.37|20456
11008|24.19|37.02|20457
11008|24.19|35.67|20458
11016|25.80|62.07|30550
11011|25.02|51.88|40501
11021|30.52|70.33|10597
11009|30.96|54.85|20465
11009|30.96|60.88|20466
11009|30.96|53.02|20467
11018|30.54|74.87|30564
11013|30.84|54.12|40521
11020|37.88|60.70|10591
11010|38.13|71.29|20492
11009|36.76|58.63|30471
11009|36.76|57.88|30472
11009|36.76|58.89|30473
11002|37.32|57.27|40101
11002|37.32|56.29|40102
11002|37.32|56.67|40103
11002|37.32|57.01|40104
11002|37.32|56.13|40105
11002|37.32|57.28|40106
11002|37.32|53.97|40107
11002|37.32|56.88|40108
11002|37.32|55.51|40109
11002|37.32|55.98|40110
11013|42.64|74.07|10517
11011|42.68|86.35|20502
11017|43.79|89.08|30560
11018|42.50|68.98|40567
11001|50.05|68.15|10011
11001|49.95|68.08|10012
11001|50.05|68.07|10013
11001|50.05|68.43|10014
11001|50.05|67.77|10015
11001|50.05|68.50|10016
11001|50.55|67.12|10017
11001|50.85|67.25|10018
11001|50.55|67.30|10019
11001|50.55|67.16|10020
11002|50.27|69.43|20121
11002|50.62|69.48|20122
11002|50.97|70.09|20123
11002|51.32|70.75|20124
11002|51.67|71.09|20125
11002|52.02|71.16|20126
11002|52.37|71.52|20127
11002|52.72|72.14|20128
11002|53.07|72.84|20129
11002|53.42|72.85|20130
11021|48.66|77.65|30595
11010|50.28|88.65|40488
11012|56.24|83.86|10509
11012|56.19|91.27|20508
11015|56.38|95.18|30542
