65.31
33074|0.00|28.09|50460
33074|1.50|29.59|50460
33074|3.00|31.09|50460
33074|4.50|32.59|50460
33074|6.00|34.09|50460
33074|7.50|35.59|50460
33074|9.00|37.09|50460
33074|10.50|38.59|50460
33074|12.00|40.09|50460
33074|13.50|41.59|50460
33074|15.00|43.09|50460
33074|16.50|44.59|50460
33074|18.00|46.09|50460
33074|19.50|47.59|50460
33074|21.00|49.09|50460
33074|22.50|50.59|50460
33074|24.00|52.09|50460
33074|25.50|53.59|50460
33074|27.00|55.09|50460
33074|28.50|56.59|50460
33074|30.00|58.09|50460
33074|31.50|59.59|50460
33074|33.00|61.09|50460
33074|34.50|62.59|50460
33074|0.50|30.81|50461
33074|2.00|32.31|50461
33074|3.50|33.81|50461
33074|5.00|35.31|50461
33074|6.50|36.81|50461
33074|8.00|38.31|50461
33074|9.50|39.81|50461
33074|11.00|41.31|50461
33074|12.50|42.81|50461
33074|14.00|44.31|50461
33074|15.50|45.81|50461
33074|17.00|47.31|50461
33074|18.50|48.81|50461
33074|20.00|50.31|50461
33074|21.50|51.81|50461
33074|23.00|53.31|50461
33074|24.50|54.81|50461
33074|26.00|56.31|50461
33074|27.50|57.81|50461
33074|29.00|59.31|50461
33074|30.50|60.81|50461
33074|32.00|62.31|50461
33074|33.50|63.81|50461
33074|35.00|65.31|50461
33074|1.00|30.32|50462
33074|2.50|31.82|50462
33074|4.00|33.32|50462
33074|5.50|34.82|50462
33074|7.00|36.32|50462
33074|8.50|37.82|50462
33074|10.00|39.32|50462
33074|11.50|40.82|50462
33074|13.00|42.32|50462
33074|14.50|43.82|50462
33074|16.00|45.32|50462
33074|17.50|46.82|50462
33074|19.00|48.32|50462
33074|20.50|49.82|50462
33074|22.00|51.32|50462
33074|23.50|52.82|50462
33074|25.00|54.32|50462
33074|26.50|55.82|50462
33074|28.00|57.32|50462
33074|29.50|58.82|50462
33074|31.00|60.32|50462
33074|32.50|61.82|50462
33074|34.00|63.32|50462
33074|35.50|64.82|50462
33075|0.00|33.72|50463
33075|3.00|36.72|50463
33076|6.00|39.72|50463
33075|9.00|42.72|50463
33075|12.00|45.72|50463
34077|15.00|48.72|50463
33076|18.00|51.72|50463
33075|21.00|54.72|50463
33075|24.00|57.72|50463
34077|27.00|60.72|50463
