107.33
11004|1.56|22.70|10241
11004|1.56|22.46|10242
11004|1.56|21.77|10243
11004|1.56|21.98|10244
11004|1.56|23.02|10245
11004|1.56|23.56|10246
11004|1.56|24.43|10247
11004|1.56|24.53|10248
11004|2.11|23.38|20233
11004|2.11|22.88|20234
11004|2.11|23.18|20235
11004|2.11|22.86|20236
11004|2.11|23.20|20237
11004|2.11|23.03|20238
11004|2.11|23.39|20239
11004|2.11|23.47|20240
11005|2.62|17.86|30340
11005|2.62|18.01|30341
11005|2.62|18.29|30342
11005|2.62|18.07|30343
11005|2.62|17.95|30344
11005|2.62|18.01|30345
11005|2.62|18.39|30346
11015|1.83|34.18|40539
11019|5.20|39.43|10581
11007|6.65|26.59|20411
11007|6.65|26.48|20412
11007|6.65|25.80|20413
11007|6.65|27.13|20414
11007|6.65|23.39|20415
11017|5.45|37.14|30554
11002|5.02|18.96|40151
11002|5.02|17.99|40152
11002|5.02|19.69|40153
11002|5.02|20.38|40154
11002|5.02|18.39|40155
11002|5.02|18.87|40156
11002|5.02|19.09|40157
11002|5.02|18.50|40158
11002|5.02|19.94|40159
11002|5.02|17.65|40160
14007|9.73|40.99|10659
11006|8.90|27.35|20366
11006|8.90|27.12|20367
11006|8.90|27.31|20368
11006|8.90|27.51|20369
11006|8.90|27.34|20370
11006|8.90|26.99|20371
11003|9.00|24.65|30188
11003|9.00|24.21|30189
11003|9.00|24.69|30190
11003|9.00|25.13|30191
11003|9.00|24.41|30192
11003|9.00|25.49|30193
11003|9.00|24.58|30194
11003|9.00|24.30|30195
11003|9.00|25.16|30196
11015|8.63|40.98|40539
11002|12.82|28.70|10141
11002|12.82|29.06|10142
11002|12.82|28.48|10143
11002|12.82|29.09|10144
11002|12.82|28.42|10145
11002|12.82|28.84|10146
11002|12.82|28.49|10147
11002|12.82|28.15|10148
11002|12.82|28.31|10149
11002|12.82|28.00|10150
11007|13.34|33.43|20406
11007|13.34|33.55|20407
11007|13.34|32.95|20408
11007|13.34|32.74|20409
11007|13.34|32.78|20410
11011|13.01|41.04|30495
11012|12.93|45.43|40504
11010|18.08|56.32|10488
11010|18.08|50.41|10489
11007|18.64|38.92|20421
11007|18.64|38.33|20422
11007|18.64|37.75|20423
11007|18.64|37.14|20424
11007|18.64|37.29|20425
11013|17.15|54.65|30520
11018|17.66|56.12|40573
14009|21.85|63.98|10667
11004|22.20|43.69|20297
11004|22.20|43.71|20298
11004|22.20|44.41|20299
11004|22.20|44.48|20300
11004|22.20|44.16|20301
11004|22.20|43.31|20302
11004|22.20|42.62|20303
11004|22.20|45.07|20304
11016|20.82|56.00|30553
11002|22.38|36.47|40091
11002|22.38|36.45|40092
11002|22.38|35.96|40093
11002|22.38|36.44|40094
11002|22.38|36.46|40095
11002|21.78|37.77|40096
11002|21.78|37.47|40097
11002|21.78|37.62|40098
11002|22.18|37.56|40099
11002|21.78|37.16|40100
11005|26.02|41.29|10340
11005|26.02|41.39|10341
11005|26.02|41.63|10342
11005|26.02|41.48|10343
11005|26.02|41.24|10344
11005|26.02|41.48|10345
11005|26.02|41.77|10346
11002|25.46|41.12|20141
11002|25.46|41.73|20142
11002|25.46|41.07|20143
11002|25.46|41.72|20144
11002|25.46|41.10|20145
11002|25.46|41.56|20146
11002|25.46|41.17|20147
11002|25.46|40.79|20148
11002|25.46|41.12|20149
11002|25.46|40.61|20150
11005|26.38|46.28|30305
11005|26.38|46.18|30306
11005|26.38|46.27|30307
11005|26.38|46.46|30308
11005|26.38|46.70|30309
11005|26.38|46.07|30310
11005|26.38|45.61|30311
11013|25.99|53.10|40514
11002|30.27|50.28|10101
11002|30.27|49.24|10102
11002|30.27|49.57|10103
11002|30.27|49.94|10104
11002|30.27|49.16|10105
11002|30.27|50.19|10106
11002|30.27|46.92|10107
11002|30.27|49.93|10108
11002|30.27|48.46|10109
11002|30.27|49.10|10110
11005|30.26|49.05|20333
11005|30.26|48.09|20334
11005|30.26|49.14|20335
11005|30.26|48.45|20336
11005|30.26|49.85|20337
11005|30.26|50.17|20338
11005|30.26|49.06|20339
11018|30.30|68.85|30569
11018|30.25|68.71|40573
11005|34.96|56.23|10347
11005|34.96|57.61|10348
11005|34.96|56.22|10349
11005|34.96|55.65|10350
11005|34.96|57.25|10351
11005|34.96|58.35|10352
11005|34.96|57.34|10353
11002|34.15|48.45|20091
11002|34.15|48.30|20092
11002|34.15|47.73|20093
11002|34.15|48.26|20094
11002|34.15|48.29|20095
11002|33.55|49.44|20096
11002|33.55|49.32|20097
11002|33.55|49.24|20098
11002|33.95|49.24|20099
11002|33.55|48.87|20100
11007|34.52|50.79|30426
11007|34.52|50.82|30427
11007|34.52|51.02|30428
11007|34.52|51.38|30429
11007|34.52|51.02|30430
11013|33.62|74.37|40519
11002|37.65|56.45|10111
11002|37.65|56.08|10112
11002|37.65|55.91|10113
11002|37.65|56.84|10114
11002|37.65|57.07|10115
11002|37.65|56.04|10116
11002|37.05|57.61|10117
11002|37.05|56.58|10118
11002|37.05|57.69|10119
11002|37.05|57.12|10120
11003|37.36|59.25|20197
11003|37.36|59.52|20198
11003|37.36|58.87|20199
11003|37.36|59.58|20200
11003|37.36|59.38|20201
11003|37.36|58.28|20202
11003|37.36|58.69|20203
11003|37.36|58.36|20204
11003|37.36|58.18|20205
11024|37.96|75.28|30624
11012|37.22|69.72|40504
11002|42.26|62.27|10101
11002|42.26|61.23|10102
11002|42.26|61.56|10103
11002|42.26|61.93|10104
11002|42.26|61.15|10105
11002|42.26|62.18|10106
11002|42.26|58.91|10107
11002|42.26|61.92|10108
11002|42.26|60.45|10109
11002|42.26|61.09|10110
11019|43.08|76.42|20574
11015|42.95|68.67|30536
11008|42.92|61.71|40439
11008|42.92|61.89|40440
11008|42.92|61.50|40441
11008|42.92|62.08|40442
11002|45.56|60.97|10131
11002|45.56|61.21|10132
11002|45.56|59.57|10133
11002|45.56|60.85|10134
11002|45.56|59.07|10135
11002|45.56|58.78|10136
11002|45.56|59.53|10137
11002|45.56|60.51|10138
11002|45.56|59.35|10139
11002|45.56|58.47|10140
11019|45.09|75.21|20577
11010|46.27|84.73|30488
11010|46.27|79.37|30489
11015|45.54|69.59|40534
11008|49.21|67.88|10447
11008|49.21|69.66|10448
11008|49.21|68.99|10449
11008|49.21|69.35|10450
14011|49.75|95.88|20682
11020|50.37|67.91|30585
11005|50.76|69.46|40333
11005|50.76|68.65|40334
11005|50.76|69.59|40335
11005|50.76|68.91|40336
11005|50.76|70.08|40337
11005|50.76|70.50|40338
11005|50.76|69.40|40339
11026|53.84|103.59|10653
11010|54.44|92.75|20488
11010|54.44|87.01|20489
11017|53.96|107.33|30563
11016|54.31|90.94|40550
11015|58.42|82.76|10534
11018|59.37|93.66|20570
11021|59.33|102.59|30600
11008|57.94|87.50|40435
11008|57.94|87.13|40436
11008|57.94|78.91|40437
11008|57.94|82.95|40438
