103.90
11009|5.64|37.05|10477
11009|5.64|36.82|10478
11009|5.64|36.29|10479
11002|5.61|19.59|20151
11002|5.61|18.46|20152
11002|5.61|20.27|20153
11002|5.61|20.94|20154
11002|5.61|18.86|20155
11002|5.61|19.57|20156
11002|5.61|19.53|20157
11002|5.61|19.26|20158
11002|5.61|20.44|20159
11002|5.61|18.25|20160
11011|6.08|42.80|30496
11003|4.85|28.50|40179
11003|4.85|28.96|40180
11003|4.85|27.12|40181
11003|4.85|29.36|40182
11003|4.85|28.00|40183
11003|4.85|26.94|40184
11003|4.85|30.93|40185
11003|4.85|27.87|40186
11003|4.85|28.59|40187
11015|12.37|42.79|10543
11003|12.57|35.93|20179
11003|12.57|36.28|20180
11003|12.57|34.91|20181
11003|12.57|36.79|20182
11003|12.57|35.66|20183
11003|12.57|34.61|20184
11003|12.57|38.70|20185
11003|12.57|35.62|20186
11003|12.57|36.20|20187
11010|12.55|39.92|30484
11011|11.36|48.13|40496
11016|17.54|55.09|10547
11004|17.37|35.57|20265
11004|17.37|35.22|20266
11004|17.37|35.80|20267
11004|17.37|36.25|20268
11004|17.37|36.70|20269
11004|17.37|36.46|20270
11004|17.37|36.12|20271
11004|17.37|35.72|20272
11011|17.41|62.16|30500
11004|18.22|39.63|40297
11004|18.22|39.64|40298
11004|18.22|40.40|40299
11004|18.22|40.51|40300
11004|18.22|40.12|40301
11004|18.22|39.31|40302
11004|18.22|38.63|40303
11004|18.22|41.38|40304
11026|24.85|64.62|10646
11024|24.82|76.48|20630
11025|24.56|88.14|30643
11020|26.21|49.49|40588
11021|32.85|72.66|10597
11016|31.75|62.67|20549
11011|31.32|64.47|30498
11020|32.47|47.04|40591
11024|39.96|72.49|10627
11015|40.15|66.30|20537
11026|40.48|102.69|30647
11020|40.14|59.79|40584
11002|46.51|65.55|10121
11002|46.86|66.02|10122
11002|47.21|66.32|10123
11002|47.56|66.79|10124
11002|47.91|67.35|10125
11002|48.26|67.49|10126
11002|48.61|67.82|10127
11002|48.96|68.40|10128
11002|49.31|69.11|10129
11002|49.66|69.19|10130
11012|47.54|83.34|20510
11012|47.83|81.33|30505
11002|45.96|65.91|40101
11002|45.96|64.93|40102
11002|45.96|65.31|40103
11002|45.96|65.65|40104
11002|45.96|64.77|40105
11002|45.96|65.92|40106
11002|45.96|62.61|40107
11002|45.96|65.52|40108
11002|45.96|64.15|40109
11002|45.96|64.62|40110
11016|52.87|86.72|10551
11012|53.24|103.90|20507
11007|52.62|68.89|30426
11007|52.62|68.92|30427
11007|52.62|69.12|30428
11007|52.62|69.48|30429
11007|52.62|69.12|30430
11092|53.64|76.28|41089
11011|59.05|92.73|10498
