64.77
11008|5.52|21.10|10455
11008|5.52|21.07|10456
11008|5.52|18.39|10457
11008|5.52|16.91|10458
11006|5.13|25.44|20360
11006|5.13|25.10|20361
11006|5.13|25.90|20362
11006|5.13|24.99|20363
11001|5.09|22.40|30001
11001|5.89|22.71|30002
11001|5.99|22.52|30003
11001|5.79|23.78|30004
11001|5.69|23.23|30005
11001|5.59|22.69|30006
11001|5.89|22.00|30007
11012|5.65|38.15|40504
11012|10.35|42.24|10504
11003|11.65|30.49|20161
11003|11.65|29.53|20162
11003|11.65|31.01|20163
11003|12.45|30.72|20164
11003|12.05|31.76|20165
11003|11.05|29.30|20166
11005|10.41|24.35|30319
11005|11.06|24.88|30320
11005|11.71|25.50|30321
11005|12.36|26.29|30322
11005|13.01|26.71|30323
11003|10.28|25.97|40188
11003|10.28|25.51|40189
11003|10.28|25.96|40190
11003|10.28|26.85|40191
11003|10.28|25.64|40192
11003|10.28|26.80|40193
11009|16.23|47.64|10477
11009|16.23|47.41|10478
11009|16.23|46.88|10479
11002|15.93|31.49|20131
11002|15.93|26.41|20132
11002|15.93|29.93|20133
11002|15.93|30.70|20134
11002|15.93|29.48|20135
11002|15.93|28.83|20136
11002|15.93|29.95|20137
11002|16.14|31.73|30131
11002|16.14|31.41|30132
11002|16.14|30.19|30133
11002|16.14|31.19|30134
11002|16.14|29.49|30135
11002|16.14|29.18|30136
11002|16.14|30.26|30137
11003|16.98|35.57|40161
11003|16.98|34.63|40162
11003|16.98|36.20|40163
11003|17.78|36.15|40164
11003|17.38|37.11|40165
11003|16.38|34.63|40166
11008|24.16|43.62|10451
11008|24.16|42.76|10452
11008|24.16|42.21|10453
11008|24.16|42.95|10454
11005|24.26|45.57|20347
11005|24.26|46.85|20348
11005|24.26|45.54|20349
11005|24.26|44.95|20350
11005|24.26|46.51|20351
11007|24.15|44.28|30406
11007|24.15|44.40|30407
11007|24.15|43.81|30408
11007|24.15|43.58|30409
11009|24.59|43.53|40462
11009|25.79|44.65|40463
11009|26.99|45.94|40464
11009|29.56|60.43|10468
11009|29.56|57.21|10469
11009|29.56|61.32|10470
11007|29.52|45.81|20426
11007|29.52|45.85|20427
11007|29.52|46.19|20428
11007|29.52|46.38|20429
11012|29.01|64.77|30510
11002|29.55|43.49|40151
11002|29.55|42.52|40152
11002|29.55|44.22|40153
11002|29.55|44.91|40154
11002|29.55|42.92|40155
11002|29.55|43.40|40156
11002|29.55|43.62|40157
