127.51
11016|6.06|42.30|10550
11024|6.35|60.52|20633
11004|6.54|26.91|30241
11004|6.54|27.10|30242
11004|6.54|26.42|30243
11004|6.54|26.59|30244
11004|6.54|27.16|30245
11004|6.54|27.57|30246
11004|6.54|28.11|30247
11004|6.54|29.07|30248
11016|6.16|36.00|40548
11011|10.52|37.35|10501
11013|11.77|43.68|20523
11013|10.85|48.35|30520
11001|11.44|27.77|40031
11001|11.44|27.86|40032
11001|11.44|27.66|40033
11001|11.44|27.65|40034
11001|11.44|28.33|40035
11001|11.44|27.36|40036
11001|11.44|26.81|40037
11001|11.44|27.45|40038
11001|11.44|27.83|40039
11001|11.44|27.33|40040
11011|17.97|61.09|10502
11017|17.50|53.48|20559
11007|16.69|32.96|30426
11007|16.69|32.99|30427
11007|16.69|33.19|30428
11007|16.69|33.55|30429
11007|16.69|33.19|30430
11018|17.17|61.63|40564
11024|25.30|63.84|10629
11017|24.49|70.15|20558
11012|24.44|55.82|30504
11002|24.21|43.14|40121
11002|24.56|43.45|40122
11002|24.91|44.12|40123
11002|25.26|44.44|40124
11002|25.61|44.79|40125
11002|25.96|45.18|40126
11002|26.31|45.50|40127
11002|26.66|45.88|40128
11002|27.01|46.53|40129
11002|27.36|46.80|40130
11003|32.55|55.93|10170
11003|32.55|54.96|10171
11003|32.55|54.06|10172
11003|33.35|54.64|10173
11003|33.35|57.29|10174
11003|33.35|58.41|10175
11003|33.35|59.78|10176
11003|32.55|58.56|10177
11003|33.65|58.30|10178
11015|31.74|71.52|20540
11018|31.49|64.18|30568
11013|32.14|64.15|40523
11012|36.72|71.91|10506
11001|38.02|56.00|20011
11001|37.92|56.07|20012
11001|38.02|55.70|20013
11001|38.02|56.39|20014
11001|38.02|55.76|20015
11001|38.02|56.30|20016
11001|38.52|55.07|20017
11001|38.82|55.33|20018
11001|38.52|55.36|20019
11001|38.52|55.28|20020
11001|37.13|53.24|30051
11001|37.13|50.48|30052
11001|37.13|49.46|30053
11001|37.13|50.71|30054
11001|37.13|50.64|30055
11001|37.13|50.24|30056
11001|37.13|49.93|30057
11001|37.13|49.25|30058
11001|37.13|51.31|30059
11001|37.13|51.29|30060
11024|37.76|76.03|40629
11013|43.37|89.24|10522
11090|44.81|78.04|21024
11010|43.28|81.74|30488
11021|44.41|86.45|40597
11004|50.22|68.00|10257
11004|50.82|68.45|10258
11004|51.42|69.02|10259
11004|52.02|69.61|10260
11004|52.62|70.27|10261
11004|53.22|70.87|10262
11004|53.82|71.46|10263
11004|54.42|72.06|10264
11004|49.76|71.25|20297
11004|49.76|71.27|20298
11004|49.76|71.97|20299
11004|49.76|72.04|20300
11004|49.76|71.72|20301
11004|49.76|70.87|20302
11004|49.76|70.18|20303
11004|49.76|72.63|20304
11092|49.25|127.51|31088
11021|50.58|87.66|40602
11007|56.02|81.72|10416
11007|56.02|79.69|10417
11007|56.02|85.21|10418
11007|56.02|84.49|10419
11007|56.02|83.41|10420
11021|56.87|85.86|20595
11013|57.22|89.10|30523
11002|58.04|72.13|40091
11002|58.04|72.11|40092
11002|58.04|71.62|40093
11002|58.04|72.10|40094
11002|58.04|72.12|40095
11002|57.44|73.43|40096
11002|57.44|73.13|40097
11002|57.44|73.28|40098
11002|57.84|73.22|40099
11002|57.44|72.82|40100
