137.04
11214|5.95|49.25|10600
11015|5.01|44.79|20540
11004|5.87|27.14|30233
11004|5.87|26.64|30234
11004|5.87|26.94|30235
11004|5.87|26.62|30236
11004|5.87|26.95|30237
11004|5.87|26.83|30238
11004|5.87|27.16|30239
11004|5.87|27.22|30240
11024|5.22|61.37|40631
11008|13.15|32.39|10431
11008|13.15|32.48|10432
11008|13.15|34.13|10433
11008|13.15|32.51|10434
11016|12.66|52.92|20552
11013|12.69|44.27|30515
11003|15.75|31.87|40224
11003|15.75|34.21|40225
11003|16.15|33.64|40226
11003|16.75|33.49|40227
11003|16.85|32.48|40228
11003|17.75|32.72|40229
11003|13.75|33.92|40230
11003|16.55|31.96|40231
11003|15.75|32.00|40232
11004|19.38|37.83|10265
11004|19.38|36.93|10266
11004|19.38|37.78|10267
11004|19.38|38.27|10268
11004|19.38|38.95|10269
11004|19.38|38.76|10270
11004|19.38|38.11|10271
11004|19.38|37.16|10272
11214|20.21|57.21|20602
11007|19.28|39.15|30411
11007|19.28|39.12|30412
11007|19.28|38.38|30413
11007|19.28|39.69|30414
11007|19.28|36.05|30415
11027|20.44|58.83|40603
11017|24.88|49.03|10557
11092|25.10|48.49|21091
11214|26.11|61.33|30598
11092|26.27|63.86|41001
11214|30.82|67.75|10602
11005|30.79|49.58|20333
11005|30.79|48.62|20334
11005|30.79|49.67|20335
11005|30.79|48.98|20336
11005|30.79|50.38|20337
11005|30.79|50.70|20338
11005|30.79|49.59|20339
11006|31.84|52.56|30384
11006|32.54|53.31|30385
11006|33.24|54.00|30386
11006|33.94|54.65|30387
11006|34.64|55.34|30388
11006|35.34|56.08|30389
11214|31.46|66.50|40598
11025|39.29|102.87|10643
11090|39.44|59.40|21084
11010|39.16|63.85|30490
11085|38.52|60.75|41011
11085|38.02|59.78|41012
11085|38.02|61.00|41013
11085|39.02|59.95|41014
11085|38.02|60.29|41015
11085|38.02|60.92|41016
11085|38.02|61.38|41017
11026|45.05|98.32|10651
11021|46.28|83.28|20602
11024|44.72|102.17|30631
11027|46.37|76.16|40594
11025|53.15|103.67|10641
11012|52.07|79.81|20509
11026|52.64|123.26|30652
11085|52.85|64.50|41010
11085|52.85|65.24|41006
11085|52.85|64.56|41007
11085|52.85|64.19|41008
11085|52.85|65.28|41009
11085|52.85|65.24|41005
11026|57.80|137.04|10645
11010|59.31|86.57|20484
11013|57.78|103.35|30522
11010|57.77|91.00|40492
