106.47
11002|6.42|21.83|10131
11002|6.42|22.07|10132
11002|6.42|20.43|10133
11002|6.42|21.71|10134
11002|6.42|19.93|10135
11002|6.42|19.64|10136
11002|6.42|20.39|10137
11002|6.42|21.37|10138
11002|6.42|20.21|10139
11002|6.42|19.33|10140
11092|6.38|29.11|21089
11001|6.45|23.04|30061
11001|6.45|23.74|30062
11001|6.45|22.49|30063
11001|6.45|22.15|30064
11001|6.45|23.09|30065
11001|5.40|24.70|30066
11001|5.70|23.07|30067
11001|5.70|23.58|30068
11001|5.40|24.11|30069
11001|5.70|23.50|30070
11002|5.02|18.96|40151
11002|5.02|17.99|40152
11002|5.02|19.69|40153
11002|5.02|20.38|40154
11002|5.02|18.39|40155
11002|5.02|18.87|40156
11002|5.02|19.09|40157
11002|5.02|18.50|40158
11002|5.02|19.94|40159
11002|5.02|17.65|40160
11011|11.53|48.01|10496
11092|12.84|57.71|21003
11008|11.97|30.72|30447
11008|11.97|32.53|30448
11008|11.97|32.02|30449
11008|11.97|31.59|30450
11013|11.53|52.28|40519
11004|18.84|40.11|10233
11004|18.84|39.61|10234
11004|18.84|39.91|10235
11004|18.84|39.70|10236
11004|18.84|39.96|10237
11004|18.84|39.84|10238
11004|18.84|40.12|10239
11004|18.84|40.23|10240
11013|18.44|49.87|20517
11010|17.90|42.59|30490
11092|18.95|97.22|41088
11016|25.48|56.37|10549
11020|23.76|42.88|20584
11017|25.24|78.61|30563
11015|25.25|51.61|40537
11011|31.11|61.39|10494
11021|32.40|75.96|20600
11009|32.05|53.92|30471
11009|32.05|53.17|30472
11009|32.05|54.18|30473
11002|32.14|48.02|40141
11002|32.14|48.24|40142
11002|32.14|47.79|40143
11002|32.14|48.40|40144
11002|32.14|47.77|40145
11002|32.14|47.65|40146
11002|32.14|47.86|40147
11002|32.14|47.48|40148
11002|32.14|47.59|40149
11002|32.14|47.14|40150
11015|37.47|61.81|10534
11015|36.92|66.76|20535
11214|36.72|78.72|30597
11021|37.72|70.40|40601
11004|43.54|65.00|10297
11004|43.54|64.96|10298
11004|43.54|65.70|10299
11004|43.54|65.72|10300
11004|43.54|65.28|10301
11004|43.54|64.50|10302
11004|43.54|64.05|10303
11004|43.54|66.32|10304
11008|43.28|61.89|20447
11008|43.28|63.65|20448
11008|43.28|63.18|20449
11008|43.28|63.28|20450
11001|43.93|65.23|30041
11001|43.93|65.13|30042
11001|43.93|64.84|30043
11001|43.93|65.22|30044
11001|43.93|65.79|30045
11001|43.93|65.45|30046
11001|43.93|64.88|30047
11001|43.93|65.24|30048
11001|43.93|64.59|30049
11001|43.93|65.94|30050
11214|44.93|79.97|40598
11001|50.73|66.53|10051
11001|50.73|64.29|10052
11001|50.73|63.07|10053
11001|50.73|64.49|10054
11001|50.73|64.43|10055
11001|50.73|63.67|10056
11001|50.73|63.56|10057
11001|50.73|62.94|10058
11001|50.73|64.87|10059
11001|50.73|64.94|10060
11008|50.24|65.80|20455
11008|50.24|65.42|20456
11008|50.24|63.07|20457
11008|50.24|61.72|20458
11015|50.05|82.62|30539
11018|49.99|88.45|40573
11015|56.66|86.06|10538
11008|57.77|87.03|20435
11008|57.77|86.14|20436
11008|57.77|78.74|20437
11008|57.77|82.71|20438
11017|56.01|106.47|30562
11004|57.13|81.04|40249
11004|57.13|79.82|40250
11004|57.13|81.41|40251
11004|57.13|80.58|40252
11004|57.13|80.88|40253
11004|57.13|80.81|40254
11004|57.13|80.70|40255
11004|57.13|81.62|40256
