101.40
11002|6.29|22.17|10141
11002|6.29|22.53|10142
11002|6.29|21.95|10143
11002|6.29|22.56|10144
11002|6.29|21.89|10145
11002|6.29|22.31|10146
11002|6.29|21.96|10147
11002|6.29|21.62|10148
11002|6.29|21.78|10149
11002|6.29|21.47|10150
11010|6.60|39.76|20492
11013|6.27|33.50|30514
11011|7.59|40.63|40498
11011|15.20|49.28|10499
11017|15.03|48.37|20556
11011|13.81|50.53|30496
11001|16.61|33.12|40061
11001|16.61|33.80|40062
11001|16.61|32.64|40063
11001|16.61|32.13|40064
11001|16.61|33.24|40065
11001|15.56|34.68|40066
11001|15.86|33.31|40067
11001|15.86|33.85|40068
11001|15.56|34.32|40069
11001|15.86|33.44|40070
11009|22.48|38.47|10474
11009|22.48|36.89|10475
11009|22.48|40.42|10476
11017|22.20|46.46|20557
11001|22.06|38.38|30031
11001|22.06|38.42|30032
11001|22.06|38.31|30033
11001|22.06|38.06|30034
11001|22.06|38.81|30035
11001|22.06|38.04|30036
11001|22.06|37.40|30037
11001|22.06|38.12|30038
11001|22.06|38.45|30039
11001|22.06|37.96|30040
11008|21.64|37.38|40455
11008|21.64|37.06|40456
11008|21.64|34.38|40457
11008|21.64|33.14|40458
11002|30.47|50.48|10101
11002|30.47|49.44|10102
11002|30.47|49.77|10103
11002|30.47|50.14|10104
11002|30.47|49.36|10105
11002|30.47|50.39|10106
11002|30.47|47.12|10107
11002|30.47|50.13|10108
11002|30.47|48.66|10109
11002|30.47|49.30|10110
11003|30.53|49.37|20161
11003|30.53|48.41|20162
11003|30.53|49.89|20163
11003|31.33|49.60|20164
11003|30.93|50.64|20165
11003|29.93|48.18|20166
11003|29.93|48.06|20167
11003|29.93|50.02|20168
11003|29.93|50.02|20169
11008|30.51|49.79|30431
11008|30.51|49.74|30432
11008|30.51|51.18|30433
11008|30.51|49.68|30434
11003|29.46|53.72|40206
11003|29.46|53.89|40207
11003|29.46|53.61|40208
11003|29.46|53.74|40209
11003|29.46|53.60|40210
11003|30.96|53.45|40211
11003|30.96|53.62|40212
11003|30.96|53.76|40213
11003|30.96|53.48|40214
11025|37.82|101.40|10643
11013|37.58|70.18|20518
11003|38.31|64.28|30215
11003|38.31|64.52|30216
11003|38.31|65.15|30217
11003|38.31|64.42|30218
11003|38.31|64.60|30219
11003|38.31|64.89|30220
11003|38.31|64.88|30221
11003|38.31|66.61|30222
11003|38.31|66.72|30223
11012|36.83|71.82|40506
11010|44.46|69.00|10490
11010|43.50|70.76|20484
11008|43.30|58.84|30455
11008|43.30|58.62|30456
11008|43.30|56.17|30457
11008|43.30|54.81|30458
11214|43.72|82.11|40603
11021|51.19|80.49|10596
11011|50.15|93.82|20502
11001|51.43|68.13|30021
11001|51.85|68.75|30022
11001|52.27|69.19|30023
11001|52.69|69.66|30024
11001|53.11|69.96|30025
11001|53.53|70.49|30026
11001|53.95|70.87|30027
11001|54.37|71.24|30028
11001|54.79|71.71|30029
11001|55.21|72.10|30030
11004|50.69|68.68|40265
11004|50.69|68.22|40266
11004|50.69|68.91|40267
11004|50.69|69.32|40268
11004|50.69|70.01|40269
11004|50.69|69.85|40270
11004|50.69|69.46|40271
11004|50.69|68.79|40272
