52.98
11005|5.94|24.67|10333
11005|5.94|23.89|10334
11005|5.94|24.74|10335
11005|5.94|24.09|10336
11005|5.94|25.46|10337
11005|5.94|25.69|10338
11005|5.94|24.78|10339
11003|5.19|20.87|20188
11003|5.19|20.45|20189
11003|5.19|20.85|20190
11003|5.19|21.50|20191
11003|5.19|20.63|20192
11003|5.19|21.52|20193
11003|7.40|23.64|30224
11003|7.40|26.04|30225
11003|7.80|25.31|30226
11003|8.40|25.03|30227
11003|8.50|24.27|30228
11003|9.40|24.36|30229
11007|5.02|28.88|40401
11007|5.02|31.27|40402
11007|5.02|30.49|40403
11007|5.02|30.46|40404
11007|5.02|29.75|40405
11002|10.58|25.99|10131
11002|10.58|26.23|10132
11002|10.58|24.59|10133
11002|10.58|25.87|10134
11002|10.58|24.09|10135
11002|10.58|23.80|10136
11002|10.58|24.55|10137
11011|11.06|44.14|20498
11002|10.39|25.98|30131
11002|10.39|25.66|30132
11002|10.39|24.44|30133
11002|10.39|25.44|30134
11002|10.39|23.74|30135
11002|10.39|23.43|30136
11002|10.39|24.51|30137
11010|10.48|48.85|40488
11010|10.48|43.57|40489
11007|18.56|38.99|10421
11007|18.56|38.40|10422
11007|18.56|37.63|10423
11007|18.56|37.16|10424
11007|18.56|37.17|10425
11003|18.11|33.79|20188
11003|18.11|33.37|20189
11003|18.11|33.77|20190
11003|18.11|34.42|20191
11003|18.11|33.55|20192
11003|18.11|34.44|20193
11011|18.57|52.98|30499
11013|18.11|48.91|40515
11003|25.94|42.43|10224
11003|25.94|44.30|10225
11003|26.34|43.91|10226
11003|26.94|43.62|10227
11003|27.04|42.63|10228
11003|27.94|42.92|10229
11001|24.29|39.87|20051
11001|24.29|37.87|20052
11001|24.29|36.67|20053
11001|24.29|37.88|20054
11001|24.29|37.84|20055
11001|24.29|37.22|20056
11001|24.29|37.14|20057
11005|24.48|45.81|30347
11005|24.48|47.06|30348
11005|24.48|45.89|30349
11005|24.48|45.20|30350
11005|24.48|46.79|30351
11005|24.48|47.45|30352
11005|24.48|46.87|30353
11004|24.41|45.82|40297
11004|24.41|45.83|40298
11004|24.41|46.59|40299
11004|24.41|46.70|40300
11004|24.41|46.31|40301
11004|24.41|45.50|40302
