65.97
33074|0.00|26.31|50455
33074|2.00|28.31|50455
33074|4.00|30.31|50455
33074|6.00|32.31|50455
33074|8.00|34.31|50455
33074|10.00|36.31|50455
33074|12.00|38.31|50455
33074|14.00|40.31|50455
33074|16.00|42.31|50455
33074|18.00|44.31|50455
33074|20.00|46.31|50455
33074|22.00|48.31|50455
33074|24.00|50.31|50455
33074|26.00|52.31|50455
33074|28.00|54.31|50455
33074|30.00|56.31|50455
33074|32.00|58.31|50455
33074|34.00|60.31|50455
33074|36.00|62.31|50455
33074|38.00|64.31|50455
33074|0.50|27.04|50456
33074|2.50|29.04|50456
33074|4.50|31.04|50456
33074|6.50|33.04|50456
33074|8.50|35.04|50456
33074|10.50|37.04|50456
33074|12.50|39.04|50456
33074|14.50|41.04|50456
33074|16.50|43.04|50456
33074|18.50|45.04|50456
33074|20.50|47.04|50456
33074|22.50|49.04|50456
33074|24.50|51.04|50456
33074|26.50|53.04|50456
33074|28.50|55.04|50456
33074|30.50|57.04|50456
33074|32.50|59.04|50456
33074|34.50|61.04|50456
33074|36.50|63.04|50456
33074|38.50|65.04|50456
33074|1.00|27.25|50457
33074|3.00|29.25|50457
33074|5.00|31.25|50457
33074|7.00|33.25|50457
33074|9.00|35.25|50457
33074|11.00|37.25|50457
33074|13.00|39.25|50457
33074|15.00|41.25|50457
33074|17.00|43.25|50457
33074|19.00|45.25|50457
33074|21.00|47.25|50457
33074|23.00|49.25|50457
33074|25.00|51.25|50457
33074|27.00|53.25|50457
33074|29.00|55.25|50457
33074|31.00|57.25|50457
33074|33.00|59.25|50457
33074|35.00|61.25|50457
33074|37.00|63.25|50457
33074|39.00|65.25|50457
33074|1.50|27.97|50458
33074|3.50|29.97|50458
33074|5.50|31.97|50458
33074|7.50|33.97|50458
33074|9.50|35.97|50458
33074|11.50|37.97|50458
33074|13.50|39.97|50458
33074|15.50|41.97|50458
33074|17.50|43.97|50458
33074|19.50|45.97|50458
33074|21.50|47.97|50458
33074|23.50|49.97|50458
33074|25.50|51.97|50458
33074|27.50|53.97|50458
33074|29.50|55.97|50458
33074|31.50|57.97|50458
33074|33.50|59.97|50458
33074|35.50|61.97|50458
33074|37.50|63.97|50458
33074|39.50|65.97|50458
33075|0.00|32.10|50459
33075|3.50|35.60|50459
33076|7.00|39.10|50459
34077|10.50|42.60|50459
33076|14.00|46.10|50459
33075|17.50|49.60|50459
33075|21.00|53.10|50459
34077|24.50|56.60|50459
33075|28.00|60.10|50459
