109.02
11003|1.16|22.88|10197
11003|1.16|23.27|10198
11003|1.16|22.63|10199
11003|1.16|23.37|10200
11003|1.16|23.16|10201
11003|1.16|22.16|10202
11003|1.16|22.48|10203
11003|1.16|22.17|10204
11003|1.16|21.96|10205
11004|0.52|24.43|20249
11004|0.52|23.21|20250
11004|0.52|24.80|20251
11004|0.52|23.97|20252
11004|0.52|24.27|20253
11004|0.52|24.20|20254
11004|0.52|24.09|20255
11004|0.52|25.01|20256
11010|0.94|25.63|30490
11010|0.94|31.38|30491
11012|2.65|30.16|40509
11014|6.52|45.50|10527
11015|6.27|46.05|20540
11003|5.32|27.19|30197
11003|5.32|27.53|30198
11003|5.32|26.95|30199
11003|5.32|27.54|30200
11003|5.32|27.33|30201
11003|5.32|26.25|30202
11003|5.32|26.76|30203
11003|5.32|26.61|30204
11003|5.32|26.34|30205
11007|4.74|34.88|40396
11007|4.74|31.00|40397
11007|4.74|42.45|40398
11007|4.74|37.80|40399
11007|4.74|31.31|40400
11004|8.98|26.76|10257
11004|9.58|27.21|10258
11004|10.18|27.78|10259
11004|10.78|28.37|10260
11004|11.38|29.03|10261
11004|11.98|29.63|10262
11004|12.58|30.22|10263
11004|13.18|30.82|10264
11005|9.83|29.99|20326
11005|9.83|28.74|20327
11005|9.83|30.53|20328
11005|9.83|30.85|20329
11005|9.83|33.79|20330
11005|9.83|31.29|20331
11005|9.83|28.93|20332
11002|10.06|24.26|30151
11002|10.06|22.87|30152
11002|10.06|24.92|30153
11002|10.06|25.35|30154
11002|10.06|23.29|30155
11002|10.06|24.06|30156
11002|10.06|24.11|30157
11002|10.06|23.61|30158
11002|10.06|25.30|30159
11002|10.06|22.74|30160
11011|8.85|35.71|40501
11008|14.42|33.88|10451
11008|14.42|33.02|10452
11008|14.42|32.47|10453
11008|14.42|33.21|10454
11011|14.49|42.77|20495
11007|13.54|29.81|30426
11007|13.54|29.84|30427
11007|13.54|30.04|30428
11007|13.54|30.40|30429
11007|13.54|30.04|30430
11022|13.22|53.92|40606
11017|18.52|64.39|10558
11007|16.92|41.02|20401
11007|16.92|43.00|20402
11007|16.92|42.40|20403
11007|16.92|42.38|20404
11007|16.92|41.63|20405
11002|17.07|35.96|30121
11002|17.42|36.21|30122
11002|17.77|36.98|30123
11002|18.12|37.29|30124
11002|18.47|37.59|30125
11002|18.82|38.01|30126
11002|19.17|38.29|30127
11002|19.52|38.68|30128
11002|19.87|39.34|30129
11002|20.22|39.67|30130
11019|17.41|59.62|40582
11020|21.77|41.99|10586
11001|22.22|45.64|20071
11001|22.22|45.11|20072
11001|22.22|44.74|20073
11001|22.22|44.37|20074
11001|22.22|44.62|20075
11001|22.22|44.39|20076
11001|22.62|44.22|20077
11001|22.42|43.62|20078
11001|22.22|42.26|20079
11001|23.02|43.64|20080
11005|21.19|39.06|30312
11005|21.19|39.20|30313
11005|21.19|40.15|30314
11005|21.19|44.47|30315
11005|21.19|41.94|30316
11005|21.19|38.94|30317
11005|21.19|38.84|30318
11009|22.10|44.81|40459
11009|22.10|46.93|40460
11009|22.10|47.80|40461
11004|25.45|40.59|10281
11004|25.45|40.67|10282
11004|25.45|41.43|10283
11004|25.45|42.10|10284
11004|25.45|42.20|10285
11004|25.45|41.02|10286
11004|25.45|41.76|10287
11004|25.45|41.26|10288
11013|26.52|54.20|20516
11018|25.68|58.37|30568
11005|26.70|41.93|40340
11005|26.70|42.20|40341
11005|26.70|42.24|40342
11005|26.70|42.20|40343
11005|26.70|42.08|40344
11005|26.70|42.23|40345
11005|26.70|42.47|40346
11002|29.98|44.16|10151
11002|29.98|42.39|10152
11002|29.98|44.74|10153
11002|29.98|45.24|10154
11002|29.98|42.91|10155
11002|29.98|43.88|10156
11002|29.98|43.94|10157
11002|29.98|43.50|10158
11002|29.98|44.83|10159
11002|29.98|42.52|10160
11002|29.16|44.82|20141
11002|29.16|45.43|20142
11002|29.16|44.77|20143
11002|29.16|45.42|20144
11002|29.16|44.80|20145
11002|29.16|45.26|20146
11002|29.16|44.87|20147
11002|29.16|44.49|20148
11002|29.16|44.82|20149
11002|29.16|44.31|20150
11007|30.46|50.63|30421
11007|30.46|50.14|30422
11007|30.46|49.54|30423
11007|30.46|49.08|30424
11007|30.46|48.96|30425
14020|28.74|53.70|40736
11002|34.06|49.47|10131
11002|34.06|49.71|10132
11002|34.06|48.07|10133
11002|34.06|49.35|10134
11002|34.06|47.57|10135
11002|34.06|47.28|10136
11002|34.06|48.03|10137
11002|34.06|49.01|10138
11002|34.06|47.85|10139
11002|34.06|46.97|10140
11005|33.18|53.34|20326
11005|33.18|52.09|20327
11005|33.18|53.88|20328
11005|33.18|54.20|20329
11005|33.18|57.14|20330
11005|33.18|54.64|20331
11005|33.18|52.28|20332
11024|34.57|70.86|30625
11004|34.15|58.06|40249
11004|34.15|56.84|40250
11004|34.15|58.43|40251
11004|34.15|57.60|40252
11004|34.15|57.90|40253
11004|34.15|57.83|40254
11004|34.15|57.72|40255
11004|34.15|58.64|40256
11002|37.86|52.04|10151
11002|37.86|50.27|10152
11002|37.86|52.62|10153
11002|37.86|53.12|10154
11002|37.86|50.79|10155
11002|37.86|51.76|10156
11002|37.86|51.82|10157
11002|37.86|51.38|10158
11002|37.86|52.71|10159
11002|37.86|50.40|10160
11006|36.87|57.18|20360
11006|36.87|56.84|20361
11006|36.87|57.64|20362
11006|36.87|56.73|20363
11006|36.87|56.04|20364
11006|36.87|55.84|20365
11009|37.67|59.54|30471
11009|37.67|58.79|30472
11009|37.67|59.80|30473
11004|38.92|60.19|40233
11004|38.92|59.69|40234
11004|38.92|59.99|40235
11004|38.92|59.71|40236
11004|38.92|60.02|40237
11004|38.92|59.90|40238
11004|38.92|60.24|40239
11004|38.92|60.28|40240
11001|41.63|64.87|10071
11001|41.63|64.59|10072
11001|41.63|64.15|10073
11001|41.63|64.00|10074
11001|41.63|64.11|10075
11001|41.63|63.82|10076
11001|42.03|63.80|10077
11001|41.83|63.30|10078
11001|41.63|61.71|10079
11001|42.43|63.08|10080
11007|42.34|62.43|20406
11007|42.34|62.55|20407
11007|42.34|61.95|20408
11007|42.34|61.74|20409
11007|42.34|61.78|20410
11006|42.37|68.57|30354
11006|42.37|67.65|30355
11006|42.37|68.05|30356
11006|42.37|67.16|30357
11006|42.37|68.38|30358
11006|42.37|67.90|30359
11008|40.90|59.69|40439
11008|40.90|59.87|40440
11008|40.90|59.48|40441
11008|40.90|60.06|40442
14007|46.28|69.44|10657
11026|46.33|109.02|20648
11004|45.72|66.09|30241
11004|45.72|66.28|30242
11004|45.72|65.60|30243
11004|45.72|65.77|30244
11004|45.72|66.34|30245
11004|45.72|66.75|30246
11004|45.72|67.29|30247
11004|45.72|68.25|30248
11012|47.04|74.55|40509
11015|50.26|74.60|10534
11003|51.69|70.53|20161
11003|51.69|69.57|20162
11003|51.69|71.05|20163
11003|52.49|70.76|20164
11003|52.09|71.80|20165
11003|51.09|69.34|20166
11003|51.09|69.22|20167
11003|51.09|71.18|20168
11003|51.09|71.18|20169
11010|50.99|89.45|30488
11010|50.99|84.09|30489
11008|51.14|69.93|40439
11008|51.14|70.11|40440
11008|51.14|69.72|40441
11008|51.14|70.30|40442
11007|55.04|71.39|10426
11007|55.04|71.39|10427
11007|55.04|71.54|10428
11007|55.04|71.90|10429
11007|55.04|71.52|10430
11013|54.20|94.38|20519
11004|53.46|73.83|30241
11004|53.46|74.02|30242
11004|53.46|73.34|30243
11004|53.46|73.51|30244
11004|53.46|74.08|30245
11004|53.46|74.49|30246
11004|53.46|75.03|30247
11004|53.46|75.99|30248
11018|53.76|80.24|40567
11011|58.25|83.36|10497
11009|58.47|89.49|20477
11009|58.47|89.64|20478
11009|58.47|89.17|20479
11011|58.85|93.26|30499
11008|58.32|77.62|40431
11008|58.32|77.70|40432
11008|58.32|79.08|40433
11008|58.32|77.53|40434
