135.71
11015|6.21|46.21|10540
11003|5.21|28.54|20170
11003|5.21|27.64|20171
11003|5.21|26.71|20172
11003|6.01|27.18|20173
11003|6.01|30.13|20174
11003|6.01|31.85|20175
11003|6.01|32.37|20176
11003|5.21|30.69|20177
11003|6.31|30.95|20178
11002|5.08|23.97|30121
11002|5.43|24.22|30122
11002|5.78|24.99|30123
11002|6.13|25.30|30124
11002|6.48|25.60|30125
11002|6.83|26.02|30126
11002|7.18|26.30|30127
11002|7.53|26.69|30128
11002|7.88|27.35|30129
11002|8.23|27.68|30130
11092|5.89|43.48|41001
11013|12.97|46.02|10518
11008|12.71|28.27|20455
11008|12.71|27.89|20456
11008|12.71|25.54|20457
11008|12.71|24.19|20458
11214|13.90|46.14|30601
11027|12.96|56.14|40600
11026|19.88|90.20|10652
11027|20.28|55.27|20598
11010|19.74|51.44|30480
11001|20.47|37.42|40021
11001|20.89|37.80|40022
11001|21.31|38.23|40023
11001|21.73|38.64|40024
11001|22.15|39.11|40025
11001|22.57|39.45|40026
11001|22.99|39.92|40027
11001|23.41|40.29|40028
11001|23.83|40.76|40029
11001|24.25|41.24|40030
11025|25.26|88.84|10643
11024|25.43|61.82|20625
11085|25.69|44.57|31052
11085|25.39|43.88|31053
11085|25.89|43.42|31054
11085|25.39|46.72|31055
11085|25.89|44.38|31056
11085|26.19|45.07|31052
11085|26.39|44.88|31056
11085|26.39|43.92|31054
11008|25.80|44.46|40447
11008|25.80|46.26|40448
11008|25.80|45.81|40449
11008|25.80|45.69|40450
11025|32.29|105.43|10635
11027|32.21|61.20|20595
11007|31.15|51.28|30406
11007|31.15|51.40|30407
11007|31.15|50.81|30408
11007|31.15|50.58|30409
11007|31.15|50.64|30410
11027|30.90|67.98|40602
11004|38.92|60.19|10233
11004|38.92|59.69|10234
11004|38.92|59.99|10235
11004|38.92|59.78|10236
11004|38.92|60.04|10237
11004|38.92|59.92|10238
11004|38.92|60.20|10239
11004|38.92|60.31|10240
11008|39.53|58.64|20439
11008|39.53|58.33|20440
11008|39.53|58.20|20441
11008|39.53|59.14|20442
11007|38.12|57.99|30411
11007|38.12|57.96|30412
11007|38.12|57.22|30413
11007|38.12|58.53|30414
11007|38.12|54.89|30415
11024|39.18|81.54|40632
11090|44.33|64.17|11084
11021|45.71|89.27|20600
11024|44.38|82.73|30629
11090|44.46|60.64|41086
11025|50.06|113.64|10643
11013|50.27|80.74|20515
11016|49.44|88.86|30552
11085|51.28|68.33|41051
11085|50.78|68.36|41047
11085|51.28|67.89|41050
11085|50.78|67.65|41048
11085|51.08|68.15|41049
11085|51.78|68.65|41048
11085|51.58|69.16|41047
11092|58.46|135.71|11088
11021|57.92|96.54|20603
11027|57.54|100.80|30600
11003|57.31|80.63|40170
11003|57.31|79.78|40171
11003|57.31|78.80|40172
11003|58.11|78.89|40173
11003|58.11|81.44|40174
11003|58.11|82.49|40175
11003|58.11|84.53|40176
11003|57.31|82.85|40177
11003|58.41|82.98|40178
