94.79
11009|0.69|19.56|10462
11009|1.89|20.87|10463
11009|3.09|21.98|10464
11002|2.67|21.83|20121
11002|3.02|21.88|20122
11002|3.37|22.49|20123
11002|3.72|23.15|20124
11002|4.07|23.49|20125
11002|4.42|23.56|20126
11002|4.77|23.92|20127
11002|5.12|24.54|20128
11002|5.47|25.24|20129
11002|5.82|25.25|20130
11012|1.61|32.99|30504
11004|2.31|19.91|40257
11004|2.91|20.55|40258
11004|3.51|21.20|40259
11004|4.11|21.76|40260
11004|4.71|22.32|40261
11004|5.31|22.96|40262
11004|5.91|23.52|40263
11004|6.51|24.13|40264
11007|5.45|29.47|10401
11007|5.45|31.54|10402
11007|5.45|30.87|10403
11007|5.45|30.96|10404
11007|5.45|30.15|10405
11022|5.96|38.21|20612
11011|6.56|39.71|30498
11011|5.21|49.02|40500
11016|8.73|43.83|10553
11002|10.99|25.29|20091
11002|10.99|25.14|20092
11002|10.99|24.57|20093
11002|10.99|25.10|20094
11002|10.99|25.13|20095
11002|10.39|26.28|20096
11002|10.39|26.16|20097
11002|10.39|26.08|20098
11002|10.79|26.08|20099
11002|10.39|25.71|20100
11002|9.84|37.80|30081
11002|10.09|38.11|30082
11002|10.14|38.09|30083
11002|10.34|38.09|30084
11002|9.84|39.69|30085
11002|10.84|39.18|30086
11002|11.44|39.85|30087
11002|11.44|39.69|30088
11002|11.44|39.42|30089
11002|11.44|38.58|30090
11010|9.43|47.80|40488
11010|9.43|42.52|40489
11013|12.68|52.17|10519
11014|14.25|59.99|20528
11012|14.51|65.10|30507
11009|13.21|35.05|40471
11009|13.21|34.38|40472
11009|13.21|35.23|40473
11005|18.32|37.05|10333
11005|18.32|36.27|10334
11005|18.32|37.12|10335
11005|18.32|36.47|10336
11005|18.32|37.84|10337
11005|18.32|38.07|10338
11005|18.32|37.16|10339
11010|17.01|55.32|20488
11010|17.01|49.58|20489
11006|17.06|37.31|30390
11006|17.06|36.66|30391
11006|17.06|37.67|30392
11006|17.06|37.44|30393
11006|17.06|36.56|30394
11006|17.06|36.76|30395
11025|18.73|74.98|40638
11007|21.05|50.54|10396
11007|21.05|47.18|10397
11007|21.05|58.07|10398
11007|21.05|55.20|10399
11007|21.05|47.19|10400
11005|20.83|39.62|20333
11005|20.83|38.66|20334
11005|20.83|39.71|20335
11005|20.83|39.02|20336
11005|20.83|40.42|20337
11005|20.83|40.74|20338
11005|20.83|39.63|20339
11007|22.51|42.38|30411
11007|22.51|42.35|30412
11007|22.51|41.61|30413
11007|22.51|42.92|30414
11007|22.51|39.28|30415
11009|22.85|53.97|40477
11009|22.85|54.00|40478
11009|22.85|53.74|40479
11010|25.59|58.77|10492
11010|25.59|58.38|10493
11010|25.14|58.30|20492
11010|25.14|58.07|20493
11010|25.70|46.61|30486
11010|25.70|53.50|30487
11007|25.22|49.08|40401
11007|25.22|51.47|40402
11007|25.22|50.69|40403
11007|25.22|50.66|40404
11007|25.22|49.95|40405
11016|30.73|65.83|10553
11002|30.66|58.68|20081
11002|30.91|59.01|20082
11002|30.96|59.03|20083
11002|31.16|59.01|20084
11002|30.66|60.71|20085
11002|31.66|60.30|20086
11002|32.26|61.02|20087
11002|32.26|60.51|20088
11002|32.26|60.37|20089
11002|32.26|59.53|20090
11009|29.67|48.44|30462
11009|30.87|49.87|30463
11009|32.07|50.94|30464
11026|30.08|77.88|40650
11022|34.57|65.32|10607
11003|34.13|57.46|20170
11003|34.13|56.56|20171
11003|34.13|55.63|20172
11003|34.93|56.10|20173
11003|34.93|59.05|20174
11003|34.93|60.77|20175
11003|34.93|61.29|20176
11003|34.13|59.61|20177
11003|35.23|59.87|20178
11002|33.64|52.57|30111
11002|33.64|52.17|30112
11002|33.64|51.89|30113
11002|33.64|52.44|30114
11002|33.64|52.71|30115
11002|33.64|52.06|30116
11002|33.04|54.03|30117
11002|33.04|52.51|30118
11002|33.04|54.53|30119
11002|33.04|53.05|30120
11010|33.76|61.18|40484
11010|33.76|59.95|40485
11018|37.04|75.45|10573
11015|38.32|87.29|20541
11006|38.59|59.31|30384
11006|39.29|60.06|30385
11006|39.99|60.75|30386
11006|40.69|61.40|30387
11006|41.39|62.09|30388
11006|42.09|62.83|30389
11004|38.04|53.18|40273
11004|38.04|53.48|40274
11004|38.04|53.89|40275
11004|38.04|53.66|40276
11004|38.04|53.76|40277
11004|38.04|54.23|40278
11004|38.04|53.97|40279
11004|38.04|54.28|40280
11023|41.85|65.86|10615
11002|43.20|58.76|20131
11002|43.20|53.68|20132
11002|43.20|57.20|20133
11002|43.20|57.97|20134
11002|43.20|56.75|20135
11002|43.20|56.10|20136
11002|43.20|57.22|20137
11002|43.20|57.69|20138
11002|43.20|56.76|20139
11002|43.20|55.82|20140
11023|41.24|65.42|30615
11005|41.60|55.36|40319
11005|42.25|56.04|40320
11005|42.90|56.67|40321
11005|43.55|57.23|40322
11005|44.20|57.91|40323
11005|44.85|58.56|40324
11005|45.50|59.23|40325
11006|46.04|66.38|10390
11006|46.04|65.97|10391
11006|46.04|66.67|10392
11006|46.04|66.45|10393
11006|46.04|65.71|10394
11006|46.04|66.12|10395
14009|46.11|76.74|20672
11009|47.16|69.79|30459
11009|47.16|72.00|30460
11009|47.16|72.88|30461
11002|46.23|61.49|40131
11002|46.23|61.82|40132
11002|46.23|60.14|40133
11002|46.23|61.22|40134
11002|46.23|59.57|40135
11002|46.23|59.16|40136
11002|46.23|60.51|40137
11002|46.23|61.04|40138
11002|46.23|59.62|40139
11002|46.23|59.10|40140
14017|50.87|84.10|10719
11004|49.50|64.58|20281
11004|49.50|64.72|20282
11004|49.50|65.49|20283
11004|49.50|66.04|20284
11004|49.50|66.08|20285
11004|49.50|65.12|20286
11004|49.50|65.41|20287
11004|49.50|65.62|20288
11021|49.71|92.97|30600
11003|51.81|70.40|40161
11003|51.81|69.46|40162
11003|51.81|71.03|40163
11003|52.61|70.98|40164
11003|52.21|71.94|40165
11003|51.21|69.46|40166
11003|51.21|69.33|40167
11003|51.21|71.50|40168
11003|51.21|71.41|40169
11011|53.31|86.99|10498
11013|54.61|94.79|20519
11016|54.78|84.98|30549
11022|54.59|93.14|40610
11013|57.68|87.41|10515
