76.96
11001|5.98|21.78|10051
11001|5.98|19.54|10052
11001|5.98|18.32|10053
11001|5.98|19.74|10054
11001|5.98|19.68|10055
11001|5.98|18.92|10056
11001|5.98|18.81|10057
11009|5.56|21.60|20474
11009|5.56|20.04|20475
11009|5.56|23.19|20476
11003|5.04|28.35|30170
11003|5.04|27.39|30171
11003|5.04|26.50|30172
11003|5.84|26.50|30173
11003|5.84|28.88|30174
11003|5.84|30.19|30175
11001|5.26|28.47|40071
11001|5.26|28.16|40072
11001|5.26|27.99|40073
11001|5.26|27.46|40074
11001|5.26|27.92|40075
11001|5.26|27.65|40076
11001|5.66|27.26|40077
11001|11.53|28.76|10001
11001|12.33|29.19|10002
11001|12.43|28.94|10003
11001|12.23|30.16|10004
11001|12.13|29.68|10005
11001|12.03|29.08|10006
11001|12.33|28.46|10007
11008|11.22|40.48|20435
11008|11.22|39.59|20436
11008|11.22|32.19|20437
11008|11.22|36.16|20438
11011|11.47|38.22|30501
11003|11.47|34.79|40170
11003|11.47|33.94|40171
11003|11.47|32.96|40172
11003|12.27|33.05|40173
11003|12.27|35.60|40174
11003|12.27|36.65|40175
11008|17.67|36.91|10431
11008|17.67|37.00|10432
11008|17.67|38.65|10433
11008|17.67|37.03|10434
11002|18.83|33.13|20091
11002|18.83|32.98|20092
11002|18.83|32.41|20093
11002|18.83|32.94|20094
11002|18.83|32.97|20095
11002|18.23|34.12|20096
11002|18.23|34.00|20097
11004|18.22|37.75|30289
11004|18.22|39.04|30290
11004|18.22|36.10|30291
11004|18.22|34.39|30292
11004|18.22|37.40|30293
11004|18.22|37.54|30294
11004|18.22|35.60|30295
11004|18.22|37.43|30296
11007|18.16|38.01|40411
11007|18.16|38.05|40412
11007|18.16|37.16|40413
11007|18.16|38.70|40414
11007|18.16|34.93|40415
11017|23.54|76.96|10563
11003|23.69|47.05|20179
11003|23.69|47.40|20180
11003|23.69|46.03|20181
11003|23.69|47.91|20182
11003|23.69|46.78|20183
11003|23.69|45.73|20184
11006|24.28|43.03|30366
11006|24.28|42.35|30367
11006|24.28|42.57|30368
11006|24.28|42.98|30369
11006|24.28|42.83|30370
11006|24.28|42.39|30371
11011|24.07|67.88|40500
