49.12
11001|5.68|28.92|10071
11001|5.68|28.64|10072
11001|5.68|28.20|10073
11001|5.68|28.05|10074
11001|5.68|28.16|10075
11001|5.68|27.87|10076
11001|6.08|27.85|10077
11010|5.93|30.70|20490
11010|5.93|36.52|20491
11007|5.76|29.81|30401
11007|5.76|32.02|30402
11007|5.76|31.23|30403
11007|5.76|31.32|30404
11007|5.78|29.64|40401
11007|5.78|32.03|40402
11007|5.78|31.25|40403
11007|5.78|31.22|40404
11001|11.16|28.28|10021
11001|11.58|28.50|10022
11001|12.00|28.98|10023
11001|12.42|29.34|10024
11001|12.84|29.73|10025
11001|13.26|30.18|10026
11001|13.68|30.62|10027
11007|11.75|31.84|20406
11007|11.75|31.96|20407
11007|11.75|31.36|20408
11007|11.75|31.15|20409
11001|11.35|26.68|40051
11001|11.35|24.76|40052
11001|11.35|23.73|40053
11001|11.35|24.90|40054
11001|11.35|24.85|40055
11001|11.35|24.27|40056
11001|11.35|24.08|40057
11001|21.04|37.54|20061
11001|21.04|38.24|20062
11001|21.04|37.01|20063
11001|21.04|36.93|20064
11001|21.04|37.56|20065
11001|19.99|39.10|20066
11001|20.29|37.94|20067
11007|19.88|43.93|30401
11007|19.88|46.14|30402
11007|19.88|45.35|30403
11007|19.88|45.44|30404
11001|19.49|40.80|40041
11001|19.49|40.64|40042
11001|19.49|40.39|40043
11001|19.49|40.76|40044
11001|19.49|41.45|40045
11001|19.49|41.00|40046
11001|19.49|40.52|40047
11001|27.35|49.12|10077
11001|27.15|48.62|10078
11001|26.95|47.03|10079
11001|27.75|48.40|10080
11001|27.26|48.86|20077
11001|27.06|48.26|20078
11001|26.86|46.90|20079
11001|27.66|48.28|20080
11001|27.36|44.67|30001
11001|28.16|44.98|30002
11001|28.26|44.79|30003
11001|28.06|46.05|30004
11001|27.96|45.50|30005
11001|27.86|44.96|30006
11001|28.16|44.27|30007
11001|27.96|45.91|30008
11001|27.36|45.43|30009
11001|27.96|44.93|30010
11001|27.77|44.28|40061
11001|27.77|44.96|40062
11001|27.77|43.80|40063
11001|27.77|43.29|40064
