93.03
11022|1.09|39.62|10610
11011|1.83|45.50|20502
11003|1.34|24.65|30170
11003|1.34|23.69|30171
11003|1.34|22.80|30172
11003|2.14|22.80|30173
11003|2.14|25.18|30174
11003|2.14|26.49|30175
11003|2.14|28.43|30176
11003|1.34|26.98|30177
11003|2.44|27.01|30178
11007|0.62|24.48|40401
11007|0.62|26.87|40402
11007|0.62|26.09|40403
11007|0.62|26.06|40404
11007|0.62|25.35|40405
11019|6.29|39.59|10574
11015|6.13|31.62|20536
11004|5.23|26.50|30233
11004|5.23|26.00|30234
11004|5.23|26.30|30235
11004|5.23|25.98|30236
11004|5.23|26.31|30237
11004|5.23|26.19|30238
11004|5.23|26.52|30239
11004|5.23|26.58|30240
11011|5.48|37.73|40503
11022|8.98|49.56|10606
11001|8.91|26.18|20001
11001|9.71|26.56|20002
11001|9.81|26.42|20003
11001|9.61|27.55|20004
11001|9.51|27.04|20005
11001|9.41|26.47|20006
11001|9.71|25.81|20007
11001|9.51|27.43|20008
11001|8.91|26.99|20009
11001|9.51|26.42|20010
11007|9.10|33.15|30401
11007|9.10|35.36|30402
11007|9.10|34.57|30403
11007|9.10|34.66|30404
11007|9.10|33.73|30405
11010|9.86|34.74|40490
11010|9.86|40.59|40491
11002|14.73|33.77|10121
11002|15.08|34.24|10122
11002|15.43|34.54|10123
11002|15.78|35.01|10124
11002|16.13|35.57|10125
11002|16.48|35.71|10126
11002|16.83|36.04|10127
11002|17.18|36.62|10128
11002|17.53|37.33|10129
11002|17.88|37.41|10130
11012|13.47|51.54|20513
11005|13.82|33.72|30305
11005|13.82|33.62|30306
11005|13.82|33.71|30307
11005|13.82|33.90|30308
11005|13.82|34.14|30309
11005|13.82|33.51|30310
11005|13.82|33.05|30311
11005|13.94|35.31|40347
11005|13.94|36.61|40348
11005|13.94|35.27|40349
11005|13.94|34.68|40350
11005|13.94|36.25|40351
11005|13.94|37.31|40352
11005|13.94|35.93|40353
11006|18.36|37.06|10366
11006|18.36|36.60|10367
11006|18.36|36.75|10368
11006|18.36|37.12|10369
11006|18.36|36.64|10370
11006|18.36|36.43|10371
11003|18.94|37.78|20161
11003|18.94|36.82|20162
11003|18.94|38.30|20163
11003|19.74|38.01|20164
11003|19.34|39.05|20165
11003|18.34|36.59|20166
11003|18.34|36.47|20167
11003|18.34|38.43|20168
11003|18.34|38.43|20169
11025|18.47|64.82|30639
11007|17.27|33.56|40426
11007|17.27|33.61|40427
11007|17.27|33.73|40428
11007|17.27|34.16|40429
11007|17.27|33.74|40430
11001|22.53|40.63|10011
11001|22.43|40.56|10012
11001|22.53|40.55|10013
11001|22.53|40.91|10014
11001|22.53|40.25|10015
11001|22.53|40.98|10016
11001|23.03|39.60|10017
11001|23.33|39.73|10018
11001|23.03|39.78|10019
11001|23.03|39.64|10020
11007|21.49|47.96|20416
11007|21.49|45.33|20417
11007|21.49|50.86|20418
11007|21.49|50.07|20419
11007|21.49|49.24|20420
11001|22.62|45.99|30071
11001|22.62|45.36|30072
11001|22.62|45.43|30073
11001|22.62|44.74|30074
11001|22.62|45.34|30075
11001|22.62|44.97|30076
11001|23.02|44.71|30077
11001|22.82|43.74|30078
11001|22.62|42.68|30079
11001|23.42|43.92|30080
11003|21.00|42.82|40197
11003|21.00|43.20|40198
11003|21.00|42.62|40199
11003|21.00|43.20|40200
11003|21.00|43.04|40201
11003|21.00|42.07|40202
11003|21.00|42.35|40203
11003|21.00|42.11|40204
11003|21.00|42.03|40205
11008|26.41|45.65|10431
11008|26.41|45.74|10432
11008|26.41|47.39|10433
11008|26.41|45.77|10434
11017|26.01|71.67|20558
11004|25.24|42.91|30257
11004|25.84|43.39|30258
11004|26.44|44.06|30259
11004|27.04|44.73|30260
11004|27.64|45.25|30261
11004|28.24|45.86|30262
11004|28.84|46.45|30263
11004|29.44|47.01|30264
11012|26.12|76.73|40507
11005|30.29|50.74|10326
11005|30.29|49.21|10327
11005|30.29|51.36|10328
11005|30.29|51.05|10329
11005|30.29|53.93|10330
11005|30.29|52.26|10331
11005|30.29|49.56|10332
11022|30.95|71.13|20613
11011|30.66|73.92|30502
11003|29.52|52.84|40170
11003|29.52|51.99|40171
11003|29.52|51.01|40172
11003|30.32|51.10|40173
11003|30.32|53.65|40174
11003|30.32|54.70|40175
11003|30.32|56.74|40176
11003|29.52|55.06|40177
11003|30.62|55.19|40178
11004|34.51|49.63|10273
11004|34.51|49.89|10274
11004|34.51|50.39|10275
11004|34.51|50.09|10276
11004|34.51|50.23|10277
11004|34.51|50.76|10278
11004|34.51|50.43|10279
11004|34.51|50.73|10280
11004|35.03|52.70|20257
11004|35.63|53.24|20258
11004|36.23|53.88|20259
11004|36.83|54.44|20260
11004|37.43|55.04|20261
11004|38.03|55.69|20262
11004|38.63|56.26|20263
11004|39.23|56.89|20264
11013|34.82|72.32|30520
11003|33.11|56.76|40179
11003|33.11|57.22|40180
11003|33.11|55.38|40181
11003|33.11|57.62|40182
11003|33.11|56.26|40183
11003|33.11|55.20|40184
11003|33.11|59.19|40185
11003|33.11|56.13|40186
11003|33.11|56.85|40187
11002|39.15|54.56|10131
11002|39.15|54.80|10132
11002|39.15|53.16|10133
11002|39.15|54.44|10134
11002|39.15|52.66|10135
11002|39.15|52.37|10136
11002|39.15|53.12|10137
11002|39.15|54.10|10138
11002|39.15|52.94|10139
11002|39.15|52.06|10140
11021|38.62|67.61|20595
11010|38.78|70.48|30480
11010|38.78|70.20|30481
11006|38.00|58.14|40360
11006|38.00|58.20|40361
11006|38.00|58.40|40362
11006|38.00|57.87|40363
11006|38.00|56.76|40364
11006|38.00|57.01|40365
11010|42.69|69.85|10484
11010|42.69|68.95|10485
11022|41.34|81.89|20606
11016|41.97|74.94|30546
11014|42.90|85.14|40529
11022|45.25|86.66|10609
11007|46.25|62.54|20426
11007|46.25|62.58|20427
11007|46.25|62.92|20428
11007|46.25|63.11|20429
11007|46.25|62.73|20430
11004|45.46|60.64|30281
11004|45.46|60.95|30282
11004|45.46|61.33|30283
11004|45.46|62.16|30284
11004|45.46|62.30|30285
11004|45.46|61.06|30286
11004|45.46|61.52|30287
11004|45.46|61.25|30288
11011|46.91|81.04|40499
11001|50.17|65.97|10051
11001|50.17|63.73|10052
11001|50.17|62.51|10053
11001|50.17|63.93|10054
11001|50.17|63.87|10055
11001|50.17|63.11|10056
11001|50.17|63.00|10057
11001|50.17|62.38|10058
11001|50.17|64.31|10059
11001|50.17|64.38|10060
11015|49.47|75.62|20537
11007|51.36|71.49|30406
11007|51.36|71.61|30407
11007|51.36|71.02|30408
11007|51.36|70.79|30409
11007|51.36|70.85|30410
11010|51.31|78.73|40484
11010|51.31|77.50|40485
11008|54.60|83.29|10435
11008|54.60|82.97|10436
11008|54.60|75.52|10437
11008|54.60|78.63|10438
11006|54.11|74.42|20360
11006|54.11|74.08|20361
11006|54.11|74.88|20362
11006|54.11|73.97|20363
11006|54.11|73.28|20364
11006|54.11|73.08|20365
11007|53.34|80.15|30416
11007|53.34|77.05|30417
11007|53.34|83.82|30418
11007|53.34|81.74|30419
11007|53.34|80.79|30420
11006|54.71|74.92|40390
11006|54.71|74.34|40391
11006|54.71|75.40|40392
11006|54.71|75.15|40393
11006|54.71|74.10|40394
11006|54.71|74.49|40395
11023|57.87|84.48|10618
11005|57.90|76.17|20312
11005|57.90|76.54|20313
11005|57.90|76.47|20314
11005|57.90|81.47|20315
11005|57.90|78.80|20316
11005|57.90|76.54|20317
11005|57.90|76.10|20318
11018|58.15|93.03|30571
11004|57.33|78.41|40241
11004|57.33|78.22|40242
11004|57.33|77.56|40243
11004|57.33|77.79|40244
11004|57.33|77.97|40245
11004|57.33|78.95|40246
11004|57.33|78.88|40247
11004|57.33|79.91|40248
