94.54
11020|6.14|25.89|10584
11002|5.38|21.04|20141
11002|5.38|21.65|20142
11002|5.38|20.99|20143
11002|5.38|21.64|20144
11002|5.38|21.02|20145
11002|5.38|21.48|20146
11002|5.38|21.09|20147
11002|5.38|20.71|20148
11002|5.38|21.04|20149
11002|5.38|20.53|20150
11024|4.96|43.31|30629
11007|4.99|31.43|40416
11007|4.99|28.74|40417
11007|4.99|35.43|40418
11007|4.99|33.40|40419
11007|4.99|32.24|40420
11015|12.19|60.85|10541
11015|11.55|41.22|20538
11090|13.03|29.32|31087
11012|12.71|63.32|40507
11015|19.58|59.78|10542
11004|19.54|39.11|20289
11004|19.54|40.67|20290
11004|19.54|37.50|20291
11004|19.54|35.70|20292
11004|19.54|38.67|20293
11004|19.54|38.86|20294
11004|19.54|36.95|20295
11004|19.54|38.81|20296
11020|19.84|40.31|30590
11003|20.69|46.68|40215
11003|20.69|46.89|40216
11003|20.69|47.54|40217
11003|20.69|46.81|40218
11003|20.69|47.04|40219
11003|20.69|47.30|40220
11003|20.69|47.31|40221
11003|20.69|49.03|40222
11003|20.69|49.10|40223
11024|24.64|61.04|10625
11012|26.26|61.41|20506
11013|25.92|71.49|30522
11024|25.71|68.07|40632
11026|30.95|84.22|10651
11016|31.37|65.72|20551
11009|30.27|54.32|30465
11009|30.27|58.76|30466
11009|30.27|52.03|30467
11007|30.62|50.47|40411
11007|30.62|50.51|40412
11007|30.62|49.62|40413
11007|30.62|51.16|40414
11007|30.62|47.39|40415
11003|36.35|52.03|10188
11003|36.35|51.53|10189
11003|36.35|52.09|10190
11003|36.35|52.62|10191
11003|36.35|51.78|10192
11003|36.35|52.72|10193
11003|36.35|51.86|10194
11003|36.35|51.68|10195
11003|36.35|52.50|10196
11003|36.77|60.13|20179
11003|36.77|60.48|20180
11003|36.77|59.11|20181
11003|36.77|60.99|20182
11003|36.77|59.86|20183
11003|36.77|58.81|20184
11003|36.77|62.90|20185
11003|36.77|59.82|20186
11003|36.77|60.40|20187
11002|36.92|50.94|30091
11002|36.92|50.98|30092
11002|36.92|50.52|30093
11002|36.92|51.03|30094
11002|36.92|50.99|30095
11002|36.32|52.21|30096
11002|36.32|51.95|30097
11002|36.32|51.97|30098
11002|36.72|52.00|30099
11002|36.32|51.59|30100
11024|37.19|93.34|40631
11018|42.92|69.58|10567
11017|43.20|71.29|20555
11008|42.86|58.40|30455
11008|42.86|58.18|30456
11008|42.86|55.73|30457
11008|42.86|54.37|30458
11016|42.80|75.59|40546
11016|49.18|78.64|10548
11214|49.96|88.58|20603
11008|49.42|68.70|30431
11008|49.42|68.65|30432
11008|49.42|70.09|30433
11008|49.42|68.59|30434
11013|48.81|94.54|40522
11092|54.92|80.13|11089
11090|54.64|70.88|21086
11004|56.46|76.83|30241
11004|56.46|77.02|30242
11004|56.46|76.34|30243
11004|56.46|76.51|30244
11004|56.46|77.08|30245
11004|56.46|77.49|30246
11004|56.46|78.03|30247
11004|56.46|78.99|30248
11009|56.06|87.18|40477
11009|56.06|87.21|40478
11009|56.06|86.95|40479
