97.37
11090|4.75|38.02|11024
11024|5.87|43.22|20624
11011|5.52|39.93|30499
11002|6.09|34.04|40081
11002|6.34|34.65|40082
11002|6.39|34.32|40083
11002|6.59|34.35|40084
11002|6.09|35.88|40085
11002|7.09|35.43|40086
11002|7.69|36.09|40087
11002|7.69|35.86|40088
11002|7.69|35.62|40089
11002|7.69|34.69|40090
11092|13.24|38.45|11089
11010|13.35|40.61|20484
11017|13.11|58.40|30560
11008|12.49|42.05|40435
11008|12.49|41.68|40436
11008|12.49|33.46|40437
11008|12.49|37.50|40438
11007|18.75|42.77|10401
11007|18.75|44.84|10402
11007|18.75|44.17|10403
11007|18.75|44.26|10404
11007|18.75|43.45|10405
11018|19.64|58.56|20569
11016|18.80|53.98|30553
11008|18.56|38.05|40451
11008|18.56|37.19|40452
11008|18.56|36.65|40453
11008|18.56|37.27|40454
11013|25.70|55.43|10515
11020|26.43|47.28|20592
11020|27.13|48.57|30589
11010|27.14|54.56|40484
11015|33.51|62.91|10538
11009|33.08|55.82|20459
11009|33.08|57.90|20460
11009|33.08|59.10|20461
11026|31.83|94.04|30647
11090|32.65|55.20|41025
11015|38.97|68.81|10535
11018|39.79|72.70|20568
11013|40.16|63.47|30521
11018|39.26|83.72|40564
11007|45.80|65.81|10411
11007|45.80|65.58|10412
11007|45.80|64.86|10413
11007|45.80|66.15|10414
11007|45.80|62.49|10415
11011|45.57|78.65|20498
11011|46.12|71.53|30497
11008|45.30|64.79|40451
11008|45.30|63.93|40452
11008|45.30|63.39|40453
11008|45.30|64.01|40454
11020|52.89|75.71|10591
11017|51.72|87.70|20559
11214|53.42|82.32|30596
11016|53.37|83.84|40549
11015|57.95|87.35|10538
11001|57.61|81.03|20071
11001|57.61|80.50|20072
11001|57.61|80.13|20073
11001|57.61|79.76|20074
11001|57.61|80.01|20075
11001|57.61|79.78|20076
11001|58.01|79.61|20077
11001|57.81|79.01|20078
11001|57.61|77.65|20079
11001|58.41|79.03|20080
11009|57.62|79.49|30471
11009|57.62|78.74|30472
11009|57.62|79.75|30473
11011|57.53|85.55|40495
