52.02
11007|5.59|26.02|10421
11007|5.59|25.43|10422
11007|5.59|24.66|10423
11007|5.59|24.19|10424
11007|5.66|25.94|20421
11007|5.66|25.35|20422
11007|5.66|24.77|20423
11007|5.66|24.16|20424
11005|5.23|25.13|30305
11005|5.23|25.03|30306
11005|5.23|25.12|30307
11005|5.23|25.31|30308
11005|5.23|25.55|30309
11004|5.15|26.56|40297
11004|5.15|26.57|40298
11004|5.15|27.33|40299
11004|5.15|27.44|40300
11004|5.15|27.05|40301
11004|5.15|26.24|40302
11004|13.44|31.89|10265
11004|13.44|30.99|10266
11004|13.44|31.84|10267
11004|13.44|32.33|10268
11004|13.44|33.01|10269
11004|13.44|32.82|10270
11003|13.46|36.82|20179
11003|13.46|37.17|20180
11003|13.46|35.80|20181
11003|13.46|37.68|20182
11003|13.46|36.55|20183
11003|13.46|35.50|20184
11003|13.62|35.49|30197
11003|13.62|35.83|30198
11003|13.62|35.25|30199
11003|13.62|35.84|30200
11003|13.62|35.63|30201
11003|13.62|34.55|30202
11005|13.03|32.96|40305
11005|13.03|32.76|40306
11005|13.03|32.85|40307
11005|13.03|33.03|40308
11005|13.03|33.40|40309
11003|19.47|38.05|10161
11003|19.47|37.29|10162
11003|19.47|38.62|10163
11003|20.27|38.50|10164
11003|19.87|39.65|10165
11003|18.87|37.10|10166
11010|18.86|52.02|20492
11010|18.86|51.79|20493
11007|19.47|46.28|30416
11007|19.47|43.18|30417
11007|19.47|49.95|30418
11007|19.47|47.87|30419
11007|19.45|45.89|40416
11007|19.45|43.20|40417
11007|19.45|49.89|40418
11007|19.45|47.86|40419
11001|25.48|43.58|10011
11001|25.38|43.51|10012
11001|25.48|43.50|10013
11001|25.48|43.86|10014
11001|25.48|43.20|10015
11001|25.48|43.93|10016
11001|25.98|42.55|10017
11004|25.70|49.61|20249
11004|25.70|48.39|20250
11004|25.70|49.98|20251
11004|25.70|49.15|20252
11004|25.70|49.45|20253
11004|25.70|49.38|20254
11005|25.50|45.40|30305
11005|25.50|45.30|30306
11005|25.50|45.39|30307
11005|25.50|45.58|30308
11005|25.50|45.82|30309
11003|25.43|44.02|40161
11003|25.43|43.08|40162
11003|25.43|44.65|40163
11003|26.23|44.60|40164
11003|25.83|45.56|40165
11003|24.83|43.08|40166
