90.80
11013|6.47|39.52|10518
11009|4.97|21.01|20474
11009|4.97|19.45|20475
11009|4.97|22.60|20476
11010|5.90|39.20|30492
11013|5.30|51.03|40522
11092|12.28|50.02|11001
11003|14.38|33.22|20161
11003|14.38|32.26|20162
11003|14.38|33.74|20163
11003|15.18|33.45|20164
11003|14.78|34.49|20165
11003|13.78|32.03|20166
11003|13.78|31.91|20167
11003|13.78|33.87|20168
11003|13.78|33.87|20169
11012|12.72|38.42|30511
11010|13.61|46.84|40492
11009|18.14|40.95|10459
11009|18.14|42.91|10460
11009|18.14|43.88|10461
11013|19.47|51.38|20523
11004|18.73|33.91|30281
11004|18.73|34.22|30282
11004|18.73|34.60|30283
11004|18.73|35.43|30284
11004|18.73|35.57|30285
11004|18.73|34.33|30286
11004|18.73|34.79|30287
11004|18.73|34.52|30288
11002|19.22|33.16|40151
11002|19.22|32.19|40152
11002|19.22|33.89|40153
11002|19.22|34.58|40154
11002|19.22|32.59|40155
11002|19.22|33.07|40156
11002|19.22|33.29|40157
11002|19.22|32.70|40158
11002|19.22|34.14|40159
11002|19.22|31.85|40160
11012|24.20|62.15|10513
11009|25.41|48.15|20459
11009|25.41|50.23|20460
11009|25.41|51.43|20461
11011|24.98|57.48|30503
11025|24.44|90.80|40637
11001|31.87|55.11|10071
11001|31.87|54.83|10072
11001|31.87|54.39|10073
11001|31.87|54.24|10074
11001|31.87|54.35|10075
11001|31.87|54.06|10076
11001|32.27|54.04|10077
11001|32.07|53.54|10078
11001|31.87|51.95|10079
11001|32.67|53.32|10080
11092|31.37|68.99|21001
11003|32.48|51.17|30161
11003|32.48|50.38|30162
11003|32.48|51.66|30163
11003|33.28|51.63|30164
11003|32.88|52.73|30165
11003|31.88|50.14|30166
11003|31.88|50.21|30167
11003|31.88|52.08|30168
11003|31.88|51.86|30169
11013|31.77|63.78|40523
11012|39.11|71.00|10504
11013|39.09|79.27|20519
11008|38.41|57.12|30439
11008|38.41|57.18|30440
11008|38.41|56.96|30441
11008|38.41|58.00|30442
11090|38.50|54.68|41086
11009|44.08|62.95|10462
11009|45.28|64.26|10463
11009|46.48|65.37|10464
11004|43.28|67.19|20249
11004|43.28|65.97|20250
11004|43.28|67.56|20251
11004|43.28|66.73|20252
11004|43.28|67.03|20253
11004|43.28|66.96|20254
11004|43.28|66.85|20255
11004|43.28|67.77|20256
11003|45.88|62.12|30224
11003|45.88|64.52|30225
11003|46.28|63.79|30226
11003|46.88|63.51|30227
11003|46.98|62.75|30228
11003|47.88|62.84|30229
11003|43.88|64.26|30230
11003|46.68|62.11|30231
11003|45.88|62.20|30232
11009|45.00|63.94|40462
11009|46.20|65.06|40463
11009|47.40|66.35|40464
11003|50.79|74.14|10179
11003|50.79|74.59|10180
11003|50.79|73.15|10181
11003|50.79|75.10|10182
11003|50.79|73.98|10183
11003|50.79|73.20|10184
11003|50.79|77.32|10185
11003|50.79|73.85|10186
11003|50.79|74.54|10187
11010|49.70|70.74|20486
11016|50.12|77.54|30544
11015|50.77|79.74|40535
11004|58.04|79.18|10241
11004|58.04|78.94|10242
11004|58.04|78.25|10243
11004|58.04|78.46|10244
11004|58.04|79.50|10245
11004|58.04|80.04|10246
11004|58.04|80.91|10247
11004|58.04|81.01|10248
11016|57.55|88.47|20549
11016|57.04|87.32|30545
