95.34
11018|0.80|35.00|10570
11002|0.56|16.12|20131
11002|0.56|11.04|20132
11002|0.56|14.56|20133
11002|0.56|15.33|20134
11002|0.56|14.11|20135
11002|0.56|13.46|20136
11002|0.56|14.58|20137
11002|0.56|15.05|20138
11002|0.56|14.12|20139
11002|0.56|13.18|20140
11001|0.88|16.99|30051
11001|0.88|14.23|30052
11001|0.88|13.21|30053
11001|0.88|14.46|30054
11001|0.88|14.39|30055
11001|0.88|13.99|30056
11001|0.88|13.68|30057
11001|0.88|13.00|30058
11001|0.88|15.06|30059
11001|0.88|15.04|30060
11008|1.13|30.69|40435
11008|1.13|30.32|40436
11008|1.13|22.10|40437
11008|1.13|26.14|40438
11001|5.88|22.19|10031
11001|5.88|22.26|10032
11001|5.88|22.13|10033
11001|5.88|21.97|10034
11001|5.88|22.57|10035
11001|5.88|21.81|10036
11001|5.88|21.25|10037
11001|5.88|21.83|10038
11001|5.88|22.25|10039
11001|5.88|21.66|10040
11012|5.84|37.35|20504
11004|6.70|27.97|30233
11004|6.70|27.47|30234
11004|6.70|27.77|30235
11004|6.70|27.45|30236
11004|6.70|27.78|30237
11004|6.70|27.66|30238
11004|6.70|27.99|30239
11004|6.70|28.05|30240
11005|5.63|27.00|40347
11005|5.63|28.30|40348
11005|5.63|26.96|40349
11005|5.63|26.37|40350
11005|5.63|27.94|40351
11005|5.63|29.00|40352
11005|5.63|27.62|40353
11024|9.11|63.14|10633
11001|10.67|27.46|20021
11001|11.09|28.02|20022
11001|11.51|28.38|20023
11001|11.93|28.80|20024
11001|12.35|29.27|20025
11001|12.77|29.70|20026
11001|13.19|30.08|20027
11001|13.61|30.49|20028
11001|14.03|31.02|20029
11001|14.45|31.27|20030
11016|9.94|45.12|30553
11004|10.17|27.77|40257
11004|10.77|28.41|40258
11004|11.37|29.06|40259
11004|11.97|29.62|40260
11004|12.57|30.18|40261
11004|13.17|30.82|40262
11004|13.77|31.38|40263
11004|14.37|31.99|40264
11008|13.36|32.33|10439
11008|13.36|32.17|10440
11008|13.36|31.98|10441
11008|13.36|32.56|10442
11004|13.92|35.41|20297
11004|13.92|35.43|20298
11004|13.92|36.13|20299
11004|13.92|36.20|20300
11004|13.92|35.88|20301
11004|13.92|35.03|20302
11004|13.92|34.34|20303
11004|13.92|36.79|20304
11007|13.66|33.53|30411
11007|13.66|33.50|30412
11007|13.66|32.76|30413
11007|13.66|34.07|30414
11007|13.66|30.43|30415
11017|13.26|41.30|40555
14009|16.99|43.72|10665
14007|19.03|59.26|20662
11003|18.71|44.68|30215
11003|18.71|44.92|30216
11003|18.71|45.55|30217
11003|18.71|44.82|30218
11003|18.71|45.00|30219
11003|18.71|45.29|30220
11003|18.71|45.28|30221
11003|18.71|47.01|30222
11003|18.71|47.12|30223
11016|17.14|57.53|40547
11004|22.50|43.77|10233
11004|22.50|43.27|10234
11004|22.50|43.57|10235
11004|22.50|43.36|10236
11004|22.50|43.62|10237
11004|22.50|43.50|10238
11004|22.50|43.78|10239
11004|22.50|43.89|10240
11018|21.62|62.31|20572
11005|21.41|41.42|30326
11005|21.41|40.13|30327
11005|21.41|42.01|30328
11005|21.41|42.51|30329
11005|21.41|44.43|30330
11005|21.41|43.23|30331
11005|21.41|40.94|30332
11011|22.16|50.18|40495
11012|25.74|61.62|10510
11006|25.13|43.89|20372
11006|25.13|44.04|20373
11006|25.13|44.38|20374
11006|25.13|44.55|20375
11006|25.13|43.48|20376
11006|25.13|43.76|20377
11010|25.54|55.16|30482
11010|25.54|50.16|30483
11004|25.46|43.06|40257
11004|26.06|43.70|40258
11004|26.66|44.35|40259
11004|27.26|44.91|40260
11004|27.86|45.47|40261
11004|28.46|46.11|40262
11004|29.06|46.67|40263
11004|29.66|47.28|40264
11012|30.43|66.31|10510
11006|30.86|51.62|20384
11006|31.56|52.34|20385
11006|32.26|52.97|20386
11006|32.96|53.69|20387
11006|33.66|54.37|20388
11006|34.36|55.15|20389
11002|29.04|47.93|30121
11002|29.39|48.18|30122
11002|29.74|48.95|30123
11002|30.09|49.26|30124
11002|30.44|49.56|30125
11002|30.79|49.98|30126
11002|31.14|50.26|30127
11002|31.49|50.65|30128
11002|31.84|51.31|30129
11002|32.19|51.64|30130
11004|29.14|50.22|40241
11004|29.14|50.03|40242
11004|29.14|49.37|40243
11004|29.14|49.60|40244
11004|29.14|49.78|40245
11004|29.14|50.76|40246
11004|29.14|50.69|40247
11004|29.14|51.72|40248
11006|34.50|54.84|10390
11006|34.50|54.43|10391
11006|34.50|55.13|10392
11006|34.50|54.91|10393
11006|34.50|54.17|10394
11006|34.50|54.58|10395
11006|34.72|53.48|20372
11006|34.72|53.63|20373
11006|34.72|53.97|20374
11006|34.72|54.14|20375
11006|34.72|53.07|20376
11006|34.72|53.35|20377
11004|34.19|49.37|30281
11004|34.19|49.68|30282
11004|34.19|50.06|30283
11004|34.19|50.89|30284
11004|34.19|51.03|30285
11004|34.19|49.79|30286
11004|34.19|50.25|30287
11004|34.19|49.98|30288
11010|34.13|61.55|40484
11010|34.13|60.32|40485
11023|38.72|63.64|10617
11011|38.34|71.42|20498
11014|38.34|62.77|30525
11010|38.84|60.04|40486
11010|38.84|66.27|40487
11008|42.76|71.45|10435
11008|42.76|71.13|10436
11008|42.76|63.68|10437
11008|42.76|66.79|10438
14015|41.66|67.09|20696
11002|41.84|60.77|30111
11002|41.84|60.37|30112
11002|41.84|60.09|30113
11002|41.84|60.64|30114
11002|41.84|60.91|30115
11002|41.84|60.26|30116
11002|41.24|62.23|30117
11002|41.24|60.71|30118
11002|41.24|62.73|30119
11002|41.24|61.25|30120
11004|41.62|59.61|40265
11004|41.62|59.15|40266
11004|41.62|59.84|40267
11004|41.62|60.25|40268
11004|41.62|60.94|40269
11004|41.62|60.78|40270
11004|41.62|60.39|40271
11004|41.62|59.72|40272
11007|47.20|63.55|10426
11007|47.20|63.55|10427
11007|47.20|63.70|10428
11007|47.20|64.06|10429
11007|47.20|63.68|10430
11011|46.30|76.87|20494
11002|45.98|73.94|30081
11002|46.23|74.25|30082
11002|46.28|74.23|30083
11002|46.48|74.23|30084
11002|45.98|75.83|30085
11002|46.98|75.32|30086
11002|47.58|75.99|30087
11002|47.58|75.83|30088
11002|47.58|75.56|30089
11002|47.58|74.72|30090
11006|46.94|67.59|40384
11006|47.64|68.41|40385
11006|48.34|69.07|40386
11006|49.04|69.76|40387
11006|49.74|70.41|40388
11006|50.44|71.15|40389
11006|50.81|71.06|10360
11006|50.81|70.79|10361
11006|50.81|71.49|10362
11006|50.81|70.60|10363
11006|50.81|69.96|10364
11006|50.81|69.88|10365
11008|51.08|70.32|20431
11008|51.08|70.43|20432
11008|51.08|71.86|20433
11008|51.08|70.41|20434
11001|51.56|68.15|30061
11001|51.56|68.85|30062
11001|51.56|67.60|30063
11001|51.56|67.26|30064
11001|51.56|68.20|30065
11001|50.51|69.81|30066
11001|50.81|68.18|30067
11001|50.81|68.69|30068
11001|50.51|69.22|30069
11001|50.81|68.61|30070
11001|51.02|72.33|40041
11001|51.02|72.17|40042
11001|51.02|71.92|40043
11001|51.02|72.29|40044
11001|51.02|72.98|40045
11001|51.02|72.53|40046
11001|51.02|72.05|40047
11001|51.02|72.35|40048
11001|51.02|71.59|40049
11001|51.02|72.98|40050
11004|54.29|75.75|10297
11004|54.29|75.71|10298
11004|54.29|76.45|10299
11004|54.29|76.47|10300
11004|54.29|76.03|10301
11004|54.29|75.25|10302
11004|54.29|74.80|10303
11004|54.29|77.07|10304
11022|53.90|95.34|20609
11007|53.70|73.83|30406
11007|53.70|73.95|30407
11007|53.70|73.36|30408
11007|53.70|73.13|30409
11007|53.70|73.19|30410
11005|55.02|68.78|40319
11005|55.67|69.46|40320
11005|56.32|70.09|40321
11005|56.97|70.65|40322
11005|57.62|71.33|40323
11005|58.27|71.98|40324
11005|58.92|72.65|40325
14007|59.57|89.13|10663
11007|57.40|77.49|20406
11007|57.40|77.61|20407
11007|57.40|77.01|20408
11007|57.40|76.80|20409
11007|57.40|76.84|20410
11004|57.72|79.04|30297
11004|57.72|79.21|30298
11004|57.72|79.84|30299
11004|57.72|79.96|30300
11004|57.72|79.35|30301
11004|57.72|78.78|30302
11004|57.72|78.11|30303
11004|57.72|80.82|30304
