89.56
11018|5.61|40.14|10566
11025|5.67|56.73|20640
11008|6.02|25.53|30451
11008|6.02|24.76|30452
11008|6.02|24.12|30453
11008|6.02|24.79|30454
11004|7.23|22.37|40273
11004|7.23|22.67|40274
11004|7.23|23.08|40275
11004|7.23|22.85|40276
11004|7.23|22.95|40277
11004|7.23|23.42|40278
11004|7.23|23.16|40279
11004|7.23|23.47|40280
11015|14.67|39.01|10534
11002|15.72|34.88|20121
11002|16.07|34.93|20122
11002|16.42|35.54|20123
11002|16.77|36.20|20124
11002|17.12|36.54|20125
11002|17.47|36.61|20126
11002|17.82|36.97|20127
11002|18.17|37.59|20128
11002|18.52|38.29|20129
11002|18.87|38.30|20130
11008|15.16|44.42|30435
11008|15.16|44.40|30436
11008|15.16|36.15|30437
11008|15.16|39.68|30438
11011|15.34|43.36|40495
11092|20.82|44.11|11091
11021|22.76|62.10|20597
11002|21.81|36.01|30151
11002|21.81|34.62|30152
11002|21.81|36.67|30153
11002|21.81|37.10|30154
11002|21.81|35.04|30155
11002|21.81|35.81|30156
11002|21.81|35.86|30157
11002|21.81|35.36|30158
11002|21.81|37.05|30159
11002|21.81|34.49|30160
11012|22.69|48.28|40511
11001|30.16|45.96|10051
11001|30.16|43.72|10052
11001|30.16|42.50|10053
11001|30.16|43.92|10054
11001|30.16|43.86|10055
11001|30.16|43.10|10056
11001|30.16|42.99|10057
11001|30.16|42.37|10058
11001|30.16|44.30|10059
11001|30.16|44.37|10060
11003|30.65|49.49|20161
11003|30.65|48.53|20162
11003|30.65|50.01|20163
11003|31.45|49.72|20164
11003|31.05|50.76|20165
11003|30.05|48.30|20166
11003|30.05|48.18|20167
11003|30.05|50.14|20168
11003|30.05|50.14|20169
11002|28.79|44.38|30131
11002|28.79|44.06|30132
11002|28.79|42.84|30133
11002|28.79|43.84|30134
11002|28.79|42.14|30135
11002|28.79|41.83|30136
11002|28.79|42.91|30137
11002|28.79|43.22|30138
11002|28.79|42.18|30139
11002|28.79|41.26|30140
11010|28.52|49.72|40486
11009|35.98|67.39|10477
11009|35.98|67.16|10478
11009|35.98|66.63|10479
11015|36.37|60.53|20534
11010|36.04|60.73|30490
11003|39.23|55.35|40224
11003|39.23|57.69|40225
11003|39.63|57.12|40226
11003|40.23|56.97|40227
11003|40.33|55.96|40228
11003|41.23|56.20|40229
11003|37.23|57.40|40230
11003|40.03|55.44|40231
11003|39.23|55.48|40232
11004|44.77|62.55|10257
11004|45.37|63.00|10258
11004|45.97|63.57|10259
11004|46.57|64.16|10260
11004|47.17|64.82|10261
11004|47.77|65.42|10262
11004|48.37|66.01|10263
11004|48.97|66.61|10264
11002|44.91|59.21|20091
11002|44.91|59.06|20092
11002|44.91|58.49|20093
11002|44.91|59.02|20094
11002|44.91|59.05|20095
11002|44.31|60.20|20096
11002|44.31|60.08|20097
11002|44.31|60.00|20098
11002|44.71|60.00|20099
11002|44.31|59.63|20100
11004|45.16|64.69|30289
11004|45.16|65.98|30290
11004|45.16|63.04|30291
11004|45.16|61.33|30292
11004|45.16|64.34|30293
11004|45.16|64.48|30294
11004|45.16|62.54|30295
11004|45.16|64.37|30296
11015|45.26|85.21|40540
11013|51.48|83.43|10523
11011|50.16|75.43|20497
11013|52.06|89.56|30520
11003|50.41|74.06|40179
11003|50.41|74.52|40180
11003|50.41|72.68|40181
11003|50.41|74.92|40182
11003|50.41|73.56|40183
11003|50.41|72.50|40184
11003|50.41|76.49|40185
11003|50.41|73.43|40186
11003|50.41|74.15|40187
11009|58.99|83.12|10465
11009|58.99|89.12|10466
11009|58.99|80.99|10467
11002|59.42|78.40|20111
11002|59.42|77.99|20112
11002|59.42|77.83|20113
11002|59.42|78.32|20114
11002|59.42|78.53|20115
11002|59.42|77.92|20116
11002|58.82|79.08|20117
11002|58.82|78.38|20118
11002|58.82|79.62|20119
11002|58.82|78.85|20120
11012|58.47|86.15|30509
11004|58.78|79.86|40241
11004|58.78|79.67|40242
11004|58.78|79.01|40243
11004|58.78|79.24|40244
11004|58.78|79.42|40245
11004|58.78|80.40|40246
11004|58.78|80.33|40247
11004|58.78|81.36|40248
