80.63
36031|0.00|74.02|50523
33074|0.00|27.42|50524
33074|1.50|28.92|50524
33074|3.00|30.42|50524
33074|4.50|31.92|50524
33075|8.00|35.42|50524
33074|11.50|38.92|50524
33074|13.00|40.42|50524
33074|14.50|41.92|50524
33074|16.00|43.42|50524
33076|19.50|46.92|50524
33074|23.00|50.42|50524
33074|24.50|51.92|50524
33074|26.00|53.42|50524
33074|27.50|54.92|50524
33075|31.00|58.42|50524
33074|34.50|61.92|50524
33074|36.00|63.42|50524
33074|37.50|64.92|50524
33074|39.00|66.42|50524
34077|42.50|69.92|50524
33074|46.00|73.42|50524
33074|47.50|74.92|50524
33074|49.00|76.42|50524
33074|50.50|77.92|50524
33074|0.00|30.13|50525
33074|1.50|31.63|50525
33074|3.00|33.13|50525
33074|4.50|34.63|50525
33075|8.00|38.13|50525
33074|11.50|41.63|50525
33074|13.00|43.13|50525
33074|14.50|44.63|50525
33074|16.00|46.13|50525
33076|19.50|49.63|50525
33074|23.00|53.13|50525
33074|24.50|54.63|50525
33074|26.00|56.13|50525
33074|27.50|57.63|50525
33075|31.00|61.13|50525
33074|34.50|64.63|50525
33074|36.00|66.13|50525
33074|37.50|67.63|50525
33074|39.00|69.13|50525
34077|42.50|72.63|50525
33074|46.00|76.13|50525
33074|47.50|77.63|50525
33074|49.00|79.13|50525
33074|50.50|80.63|50525
