80.35
36031|0.00|74.11|50529
33074|0.00|27.24|50530
33074|1.50|28.74|50530
33074|3.00|30.24|50530
33074|4.50|31.74|50530
33075|8.00|35.24|50530
33074|11.50|38.74|50530
33074|13.00|40.24|50530
33074|14.50|41.74|50530
33074|16.00|43.24|50530
33076|19.50|46.74|50530
33074|23.00|50.24|50530
33074|24.50|51.74|50530
33074|26.00|53.24|50530
33074|27.50|54.74|50530
33075|31.00|58.24|50530
33074|34.50|61.74|50530
33074|36.00|63.24|50530
33074|37.50|64.74|50530
33074|39.00|66.24|50530
34077|42.50|69.74|50530
33074|46.00|73.24|50530
33074|47.50|74.74|50530
33074|49.00|76.24|50530
33074|50.50|77.74|50530
33074|0.00|29.85|50531
33074|1.50|31.35|50531
33074|3.00|32.85|50531
33074|4.50|34.35|50531
33075|8.00|37.85|50531
33074|11.50|41.35|50531
33074|13.00|42.85|50531
33074|14.50|44.35|50531
33074|16.00|45.85|50531
33076|19.50|49.35|50531
33074|23.00|52.85|50531
33074|24.50|54.35|50531
33074|26.00|55.85|50531
33074|27.50|57.35|50531
33075|31.00|60.85|50531
33074|34.50|64.35|50531
33074|36.00|65.85|50531
33074|37.50|67.35|50531
33074|39.00|68.85|50531
34077|42.50|72.35|50531
33074|46.00|75.85|50531
33074|47.50|77.35|50531
33074|49.00|78.85|50531
33074|50.50|80.35|50531
