104.90
36078|0.00|100.26|50487
33074|0.00|30.82|50488
33074|2.00|32.82|50488
33074|4.00|34.82|50488
33074|6.00|36.82|50488
33074|8.00|38.82|50488
34077|11.00|41.82|50488
33074|14.00|44.82|50488
33074|16.00|46.82|50488
33074|18.00|48.82|50488
33074|20.00|50.82|50488
33074|22.00|52.82|50488
33076|25.00|55.82|50488
33074|28.00|58.82|50488
33074|30.00|60.82|50488
33074|32.00|62.82|50488
33074|34.00|64.82|50488
33074|36.00|66.82|50488
33075|39.00|69.82|50488
33074|42.00|72.82|50488
33074|44.00|74.82|50488
33074|46.00|76.82|50488
33074|48.00|78.82|50488
33074|50.00|80.82|50488
33075|53.00|83.82|50488
33074|56.00|86.82|50488
33074|58.00|88.82|50488
33074|60.00|90.82|50488
33074|62.00|92.82|50488
33074|64.00|94.82|50488
33075|67.00|97.82|50488
33074|70.00|100.82|50488
33074|72.00|102.82|50488
33074|74.00|104.82|50488
33074|0.00|30.90|50489
33074|2.00|32.90|50489
33074|4.00|34.90|50489
33074|6.00|36.90|50489
33074|8.00|38.90|50489
34077|11.00|41.90|50489
33074|14.00|44.90|50489
33074|16.00|46.90|50489
33074|18.00|48.90|50489
33074|20.00|50.90|50489
33074|22.00|52.90|50489
33076|25.00|55.90|50489
33074|28.00|58.90|50489
33074|30.00|60.90|50489
33074|32.00|62.90|50489
33074|34.00|64.90|50489
33074|36.00|66.90|50489
33075|39.00|69.90|50489
33074|42.00|72.90|50489
33074|44.00|74.90|50489
33074|46.00|76.90|50489
33074|48.00|78.90|50489
33074|50.00|80.90|50489
33075|53.00|83.90|50489
33074|56.00|86.90|50489
33074|58.00|88.90|50489
33074|60.00|90.90|50489
33074|62.00|92.90|50489
33074|64.00|94.90|50489
33075|67.00|97.90|50489
33074|70.00|100.90|50489
33074|72.00|102.90|50489
33074|74.00|104.90|50489
33074|0.00|30.79|50490
33074|2.00|32.79|50490
33074|4.00|34.79|50490
33074|6.00|36.79|50490
33074|8.00|38.79|50490
34077|11.00|41.79|50490
33074|14.00|44.79|50490
33074|16.00|46.79|50490
33074|18.00|48.79|50490
33074|20.00|50.79|50490
33074|22.00|52.79|50490
33076|25.00|55.79|50490
33074|28.00|58.79|50490
33074|30.00|60.79|50490
33074|32.00|62.79|50490
33074|34.00|64.79|50490
33074|36.00|66.79|50490
33075|39.00|69.79|50490
33074|42.00|72.79|50490
33074|44.00|74.79|50490
33074|46.00|76.79|50490
33074|48.00|78.79|50490
33074|50.00|80.79|50490
33075|53.00|83.79|50490
33074|56.00|86.79|50490
33074|58.00|88.79|50490
33074|60.00|90.79|50490
33074|62.00|92.79|50490
33074|64.00|94.79|50490
33075|67.00|97.79|50490
33074|70.00|100.79|50490
33074|72.00|102.79|50490
33074|74.00|104.79|50490
