104.97
36078|0.00|100.26|50495
33074|0.00|30.81|50496
33074|2.00|32.81|50496
33074|4.00|34.81|50496
33074|6.00|36.81|50496
33074|8.00|38.81|50496
34077|11.00|41.81|50496
33074|14.00|44.81|50496
33074|16.00|46.81|50496
33074|18.00|48.81|50496
33074|20.00|50.81|50496
33074|22.00|52.81|50496
33076|25.00|55.81|50496
33074|28.00|58.81|50496
33074|30.00|60.81|50496
33074|32.00|62.81|50496
33074|34.00|64.81|50496
33074|36.00|66.81|50496
33075|39.00|69.81|50496
33074|42.00|72.81|50496
33074|44.00|74.81|50496
33074|46.00|76.81|50496
33074|48.00|78.81|50496
33074|50.00|80.81|50496
33075|53.00|83.81|50496
33074|56.00|86.81|50496
33074|58.00|88.81|50496
33074|60.00|90.81|50496
33074|62.00|92.81|50496
33074|64.00|94.81|50496
33075|67.00|97.81|50496
33074|70.00|100.81|50496
33074|72.00|102.81|50496
33074|74.00|104.81|50496
33074|0.00|30.97|50497
33074|2.00|32.97|50497
33074|4.00|34.97|50497
33074|6.00|36.97|50497
33074|8.00|38.97|50497
34077|11.00|41.97|50497
33074|14.00|44.97|50497
33074|16.00|46.97|50497
33074|18.00|48.97|50497
33074|20.00|50.97|50497
33074|22.00|52.97|50497
33076|25.00|55.97|50497
33074|28.00|58.97|50497
33074|30.00|60.97|50497
33074|32.00|62.97|50497
33074|34.00|64.97|50497
33074|36.00|66.97|50497
33075|39.00|69.97|50497
33074|42.00|72.97|50497
33074|44.00|74.97|50497
33074|46.00|76.97|50497
33074|48.00|78.97|50497
33074|50.00|80.97|50497
33075|53.00|83.97|50497
33074|56.00|86.97|50497
33074|58.00|88.97|50497
33074|60.00|90.97|50497
33074|62.00|92.97|50497
33074|64.00|94.97|50497
33075|67.00|97.97|50497
33074|70.00|100.97|50497
33074|72.00|102.97|50497
33074|74.00|104.97|50497
33074|0.00|30.72|50498
33074|2.00|32.72|50498
33074|4.00|34.72|50498
33074|6.00|36.72|50498
33074|8.00|38.72|50498
34077|11.00|41.72|50498
33074|14.00|44.72|50498
33074|16.00|46.72|50498
33074|18.00|48.72|50498
33074|20.00|50.72|50498
33074|22.00|52.72|50498
33076|25.00|55.72|50498
33074|28.00|58.72|50498
33074|30.00|60.72|50498
33074|32.00|62.72|50498
33074|34.00|64.72|50498
33074|36.00|66.72|50498
33075|39.00|69.72|50498
33074|42.00|72.72|50498
33074|44.00|74.72|50498
33074|46.00|76.72|50498
33074|48.00|78.72|50498
33074|50.00|80.72|50498
33075|53.00|83.72|50498
33074|56.00|86.72|50498
33074|58.00|88.72|50498
33074|60.00|90.72|50498
33074|62.00|92.72|50498
33074|64.00|94.72|50498
33075|67.00|97.72|50498
33074|70.00|100.72|50498
33074|72.00|102.72|50498
33074|74.00|104.72|50498
