147.80
36031|0.00|130.72|50518
33074|0.00|30.30|50519
33074|1.50|31.80|50519
33074|3.00|33.30|50519
33074|4.50|34.80|50519
33075|8.00|38.30|50519
33074|11.50|41.80|50519
33074|13.00|43.30|50519
33074|14.50|44.80|50519
33074|16.00|46.30|50519
33075|19.50|49.80|50519
33074|23.00|53.30|50519
33074|24.50|54.80|50519
33074|26.00|56.30|50519
33074|27.50|57.80|50519
33076|31.00|61.30|50519
33074|34.50|64.80|50519
33074|36.00|66.30|50519
33074|37.50|67.80|50519
33074|39.00|69.30|50519
33075|42.50|72.80|50519
33074|46.00|76.30|50519
33074|47.50|77.80|50519
33074|49.00|79.30|50519
33074|50.50|80.80|50519
33075|54.00|84.30|50519
33074|57.50|87.80|50519
33074|59.00|89.30|50519
33074|60.50|90.80|50519
33074|62.00|92.30|50519
34077|63.50|93.80|50519
33074|67.00|97.30|50519
33074|68.50|98.80|50519
33074|70.00|100.30|50519
33074|71.50|101.80|50519
33075|75.00|105.30|50519
33074|78.50|108.80|50519
33074|80.00|110.30|50519
33074|81.50|111.80|50519
33074|83.00|113.30|50519
33075|86.50|116.80|50519
33074|90.00|120.30|50519
33074|91.50|121.80|50519
33074|93.00|123.30|50519
33074|94.50|124.80|50519
33076|98.00|128.30|50519
33074|101.50|131.80|50519
33074|103.00|133.30|50519
33074|104.50|134.80|50519
33074|106.00|136.30|50519
34077|109.50|139.80|50519
33074|113.00|143.30|50519
33074|114.50|144.80|50519
33074|116.00|146.30|50519
33074|117.50|147.80|50519
33074|0.00|28.24|50520
33074|1.50|29.74|50520
33074|3.00|31.24|50520
33074|4.50|32.74|50520
33075|8.00|36.24|50520
33074|11.50|39.74|50520
33074|13.00|41.24|50520
33074|14.50|42.74|50520
33074|16.00|44.24|50520
33075|19.50|47.74|50520
33074|23.00|51.24|50520
33074|24.50|52.74|50520
33074|26.00|54.24|50520
33074|27.50|55.74|50520
33076|31.00|59.24|50520
33074|34.50|62.74|50520
33074|36.00|64.24|50520
33074|37.50|65.74|50520
33074|39.00|67.24|50520
33075|42.50|70.74|50520
33074|46.00|74.24|50520
33074|47.50|75.74|50520
33074|49.00|77.24|50520
33074|50.50|78.74|50520
33075|54.00|82.24|50520
33074|57.50|85.74|50520
33074|59.00|87.24|50520
33074|60.50|88.74|50520
33074|62.00|90.24|50520
34077|63.50|91.74|50520
33074|67.00|95.24|50520
33074|68.50|96.74|50520
33074|70.00|98.24|50520
33074|71.50|99.74|50520
33075|75.00|103.24|50520
33074|78.50|106.74|50520
33074|80.00|108.24|50520
33074|81.50|109.74|50520
33074|83.00|111.24|50520
33075|86.50|114.74|50520
33074|90.00|118.24|50520
33074|91.50|119.74|50520
33074|93.00|121.24|50520
33074|94.50|122.74|50520
33076|98.00|126.24|50520
33074|101.50|129.74|50520
33074|103.00|131.24|50520
33074|104.50|132.74|50520
33074|106.00|134.24|50520
34077|109.50|137.74|50520
33074|113.00|141.24|50520
33074|114.50|142.74|50520
33074|116.00|144.24|50520
33074|117.50|145.74|50520
33074|0.00|27.96|50521
33074|1.50|29.46|50521
33074|3.00|30.96|50521
33074|4.50|32.46|50521
33075|8.00|35.96|50521
33074|11.50|39.46|50521
33074|13.00|40.96|50521
33074|14.50|42.46|50521
33074|16.00|43.96|50521
33075|19.50|47.46|50521
33074|23.00|50.96|50521
33074|24.50|52.46|50521
33074|26.00|53.96|50521
33074|27.50|55.46|50521
33076|31.00|58.96|50521
33074|34.50|62.46|50521
33074|36.00|63.96|50521
33074|37.50|65.46|50521
33074|39.00|66.96|50521
33075|42.50|70.46|50521
33074|46.00|73.96|50521
33074|47.50|75.46|50521
33074|49.00|76.96|50521
33074|50.50|78.46|50521
33075|54.00|81.96|50521
33074|57.50|85.46|50521
33074|59.00|86.96|50521
33074|60.50|88.46|50521
33074|62.00|89.96|50521
34077|63.50|91.46|50521
33074|67.00|94.96|50521
33074|68.50|96.46|50521
33074|70.00|97.96|50521
33074|71.50|99.46|50521
33075|75.00|102.96|50521
33074|78.50|106.46|50521
33074|80.00|107.96|50521
33074|81.50|109.46|50521
33074|83.00|110.96|50521
33075|86.50|114.46|50521
33074|90.00|117.96|50521
33074|91.50|119.46|50521
33074|93.00|120.96|50521
33074|94.50|122.46|50521
33076|98.00|125.96|50521
33074|101.50|129.46|50521
33074|103.00|130.96|50521
33074|104.50|132.46|50521
33074|106.00|133.96|50521
34077|109.50|137.46|50521
33074|113.00|140.96|50521
33074|114.50|142.46|50521
33074|116.00|143.96|50521
33074|117.50|145.46|50521
33074|0.00|25.03|50522
33074|1.50|26.53|50522
33074|3.00|28.03|50522
33074|4.50|29.53|50522
33075|8.00|33.03|50522
33074|11.50|36.53|50522
33074|13.00|38.03|50522
33074|14.50|39.53|50522
33074|16.00|41.03|50522
33075|19.50|44.53|50522
33074|23.00|48.03|50522
33074|24.50|49.53|50522
33074|26.00|51.03|50522
33074|27.50|52.53|50522
33076|31.00|56.03|50522
33074|34.50|59.53|50522
33074|36.00|61.03|50522
33074|37.50|62.53|50522
33074|39.00|64.03|50522
33075|42.50|67.53|50522
33074|46.00|71.03|50522
33074|47.50|72.53|50522
33074|49.00|74.03|50522
33074|50.50|75.53|50522
33075|54.00|79.03|50522
33074|57.50|82.53|50522
33074|59.00|84.03|50522
33074|60.50|85.53|50522
33074|62.00|87.03|50522
34077|63.50|88.53|50522
33074|67.00|92.03|50522
33074|68.50|93.53|50522
33074|70.00|95.03|50522
33074|71.50|96.53|50522
33075|75.00|100.03|50522
33074|78.50|103.53|50522
33074|80.00|105.03|50522
33074|81.50|106.53|50522
33074|83.00|108.03|50522
33075|86.50|111.53|50522
33074|90.00|115.03|50522
33074|91.50|116.53|50522
33074|93.00|118.03|50522
33074|94.50|119.53|50522
33076|98.00|123.03|50522
33074|101.50|126.53|50522
33074|103.00|128.03|50522
33074|104.50|129.53|50522
33074|106.00|131.03|50522
34077|109.50|134.53|50522
33074|113.00|138.03|50522
33074|114.50|139.53|50522
33074|116.00|141.03|50522
33074|117.50|142.53|50522
