104.91
36078|0.00|100.26|50499
33074|0.00|30.81|50500
33074|2.00|32.81|50500
33074|4.00|34.81|50500
33074|6.00|36.81|50500
33074|8.00|38.81|50500
34077|11.00|41.81|50500
33074|14.00|44.81|50500
33074|16.00|46.81|50500
33074|18.00|48.81|50500
33074|20.00|50.81|50500
33074|22.00|52.81|50500
33076|25.00|55.81|50500
33074|28.00|58.81|50500
33074|30.00|60.81|50500
33074|32.00|62.81|50500
33074|34.00|64.81|50500
33074|36.00|66.81|50500
33075|39.00|69.81|50500
33074|42.00|72.81|50500
33074|44.00|74.81|50500
33074|46.00|76.81|50500
33074|48.00|78.81|50500
33074|50.00|80.81|50500
33075|53.00|83.81|50500
33074|56.00|86.81|50500
33074|58.00|88.81|50500
33074|60.00|90.81|50500
33074|62.00|92.81|50500
33074|64.00|94.81|50500
33075|67.00|97.81|50500
33074|70.00|100.81|50500
33074|72.00|102.81|50500
33074|74.00|104.81|50500
33074|0.00|30.91|50501
33074|2.00|32.91|50501
33074|4.00|34.91|50501
33074|6.00|36.91|50501
33074|8.00|38.91|50501
34077|11.00|41.91|50501
33074|14.00|44.91|50501
33074|16.00|46.91|50501
33074|18.00|48.91|50501
33074|20.00|50.91|50501
33074|22.00|52.91|50501
33076|25.00|55.91|50501
33074|28.00|58.91|50501
33074|30.00|60.91|50501
33074|32.00|62.91|50501
33074|34.00|64.91|50501
33074|36.00|66.91|50501
33075|39.00|69.91|50501
33074|42.00|72.91|50501
33074|44.00|74.91|50501
33074|46.00|76.91|50501
33074|48.00|78.91|50501
33074|50.00|80.91|50501
33075|53.00|83.91|50501
33074|56.00|86.91|50501
33074|58.00|88.91|50501
33074|60.00|90.91|50501
33074|62.00|92.91|50501
33074|64.00|94.91|50501
33075|67.00|97.91|50501
33074|70.00|100.91|50501
33074|72.00|102.91|50501
33074|74.00|104.91|50501
33074|0.00|30.79|50502
33074|2.00|32.79|50502
33074|4.00|34.79|50502
33074|6.00|36.79|50502
33074|8.00|38.79|50502
34077|11.00|41.79|50502
33074|14.00|44.79|50502
33074|16.00|46.79|50502
33074|18.00|48.79|50502
33074|20.00|50.79|50502
33074|22.00|52.79|50502
33076|25.00|55.79|50502
33074|28.00|58.79|50502
33074|30.00|60.79|50502
33074|32.00|62.79|50502
33074|34.00|64.79|50502
33074|36.00|66.79|50502
33075|39.00|69.79|50502
33074|42.00|72.79|50502
33074|44.00|74.79|50502
33074|46.00|76.79|50502
33074|48.00|78.79|50502
33074|50.00|80.79|50502
33075|53.00|83.79|50502
33074|56.00|86.79|50502
33074|58.00|88.79|50502
33074|60.00|90.79|50502
33074|62.00|92.79|50502
33074|64.00|94.79|50502
33075|67.00|97.79|50502
33074|70.00|100.79|50502
33074|72.00|102.79|50502
33074|74.00|104.79|50502
