80.58
36031|0.00|73.75|50526
33074|0.00|27.21|50527
33074|1.50|28.71|50527
33074|3.00|30.21|50527
33074|4.50|31.71|50527
33075|8.00|35.21|50527
33074|11.50|38.71|50527
33074|13.00|40.21|50527
33074|14.50|41.71|50527
33074|16.00|43.21|50527
33076|19.50|46.71|50527
33074|23.00|50.21|50527
33074|24.50|51.71|50527
33074|26.00|53.21|50527
33074|27.50|54.71|50527
33075|31.00|58.21|50527
33074|34.50|61.71|50527
33074|36.00|63.21|50527
33074|37.50|64.71|50527
33074|39.00|66.21|50527
34077|42.50|69.71|50527
33074|46.00|73.21|50527
33074|47.50|74.71|50527
33074|49.00|76.21|50527
33074|50.50|77.71|50527
33074|0.00|30.08|50528
33074|1.50|31.58|50528
33074|3.00|33.08|50528
33074|4.50|34.58|50528
33075|8.00|38.08|50528
33074|11.50|41.58|50528
33074|13.00|43.08|50528
33074|14.50|44.58|50528
33074|16.00|46.08|50528
33076|19.50|49.58|50528
33074|23.00|53.08|50528
33074|24.50|54.58|50528
33074|26.00|56.08|50528
33074|27.50|57.58|50528
33075|31.00|61.08|50528
33074|34.50|64.58|50528
33074|36.00|66.08|50528
33074|37.50|67.58|50528
33074|39.00|69.08|50528
34077|42.50|72.58|50528
33074|46.00|76.08|50528
33074|47.50|77.58|50528
33074|49.00|79.08|50528
33074|50.50|80.58|50528