105.04
36031|0.00|100.26|50491
33074|0.00|30.85|50492
33074|2.00|32.85|50492
33074|4.00|34.85|50492
33074|6.00|36.85|50492
33074|8.00|38.85|50492
34077|11.00|41.85|50492
33074|14.00|44.85|50492
33074|16.00|46.85|50492
33074|18.00|48.85|50492
33074|20.00|50.85|50492
33074|22.00|52.85|50492
33076|25.00|55.85|50492
33074|28.00|58.85|50492
33074|30.00|60.85|50492
33074|32.00|62.85|50492
33074|34.00|64.85|50492
33074|36.00|66.85|50492
33075|39.00|69.85|50492
33074|42.00|72.85|50492
33074|44.00|74.85|50492
33074|46.00|76.85|50492
33074|48.00|78.85|50492
33074|50.00|80.85|50492
33075|53.00|83.85|50492
33074|56.00|86.85|50492
33074|58.00|88.85|50492
33074|60.00|90.85|50492
33074|62.00|92.85|50492
33074|64.00|94.85|50492
33075|67.00|97.85|50492
33074|70.00|100.85|50492
33074|72.00|102.85|50492
33074|74.00|104.85|50492
33074|0.00|31.04|50493
33074|2.00|33.04|50493
33074|4.00|35.04|50493
33074|6.00|37.04|50493
33074|8.00|39.04|50493
34077|11.00|42.04|50493
33074|14.00|45.04|50493
33074|16.00|47.04|50493
33074|18.00|49.04|50493
33074|20.00|51.04|50493
33074|22.00|53.04|50493
33076|25.00|56.04|50493
33074|28.00|59.04|50493
33074|30.00|61.04|50493
33074|32.00|63.04|50493
33074|34.00|65.04|50493
33074|36.00|67.04|50493
33075|39.00|70.04|50493
33074|42.00|73.04|50493
33074|44.00|75.04|50493
33074|46.00|77.04|50493
33074|48.00|79.04|50493
33074|50.00|81.04|50493
33075|53.00|84.04|50493
33074|56.00|87.04|50493
33074|58.00|89.04|50493
33074|60.00|91.04|50493
33074|62.00|93.04|50493
33074|64.00|95.04|50493
33075|67.00|98.04|50493
33074|70.00|101.04|50493
33074|72.00|103.04|50493
33074|74.00|105.04|50493
33074|0.00|30.83|50494
33074|2.00|32.83|50494
33074|4.00|34.83|50494
33074|6.00|36.83|50494
33074|8.00|38.83|50494
34077|11.00|41.83|50494
33074|14.00|44.83|50494
33074|16.00|46.83|50494
33074|18.00|48.83|50494
33074|20.00|50.83|50494
33074|22.00|52.83|50494
33076|25.00|55.83|50494
33074|28.00|58.83|50494
33074|30.00|60.83|50494
33074|32.00|62.83|50494
33074|34.00|64.83|50494
33074|36.00|66.83|50494
33075|39.00|69.83|50494
33074|42.00|72.83|50494
33074|44.00|74.83|50494
33074|46.00|76.83|50494
33074|48.00|78.83|50494
33074|50.00|80.83|50494
33075|53.00|83.83|50494
33074|56.00|86.83|50494
33074|58.00|88.83|50494
33074|60.00|90.83|50494
33074|62.00|92.83|50494
33074|64.00|94.83|50494
33075|67.00|97.83|50494
33074|70.00|100.83|50494
33074|72.00|102.83|50494
33074|74.00|104.83|50494
