147.79
36031|0.00|130.61|50503
33074|0.00|30.29|50504
33074|1.50|31.79|50504
33074|3.00|33.29|50504
33074|4.50|34.79|50504
33075|8.00|38.29|50504
33074|11.50|41.79|50504
33074|13.00|43.29|50504
33074|14.50|44.79|50504
33074|16.00|46.29|50504
33075|19.50|49.79|50504
33074|23.00|53.29|50504
33074|24.50|54.79|50504
33074|26.00|56.29|50504
33074|27.50|57.79|50504
33076|31.00|61.29|50504
33074|34.50|64.79|50504
33074|36.00|66.29|50504
33074|37.50|67.79|50504
33074|39.00|69.29|50504
33075|42.50|72.79|50504
33074|46.00|76.29|50504
33074|47.50|77.79|50504
33074|49.00|79.29|50504
33074|50.50|80.79|50504
33075|54.00|84.29|50504
33074|57.50|87.79|50504
33074|59.00|89.29|50504
33074|60.50|90.79|50504
33074|62.00|92.29|50504
34077|63.50|93.79|50504
33074|67.00|97.29|50504
33074|68.50|98.79|50504
33074|70.00|100.29|50504
33074|71.50|101.79|50504
33075|75.00|105.29|50504
33074|78.50|108.79|50504
33074|80.00|110.29|50504
33074|81.50|111.79|50504
33074|83.00|113.29|50504
33075|86.50|116.79|50504
33074|90.00|120.29|50504
33074|91.50|121.79|50504
33074|93.00|123.29|50504
33074|94.50|124.79|50504
33076|98.00|128.29|50504
33074|101.50|131.79|50504
33074|103.00|133.29|50504
33074|104.50|134.79|50504
33074|106.00|136.29|50504
34077|109.50|139.79|50504
33074|113.00|143.29|50504
33074|114.50|144.79|50504
33074|116.00|146.29|50504
33074|117.50|147.79|50504
33074|0.00|28.17|50505
33074|1.50|29.67|50505
33074|3.00|31.17|50505
33074|4.50|32.67|50505
33075|8.00|36.17|50505
33074|11.50|39.67|50505
33074|13.00|41.17|50505
33074|14.50|42.67|50505
33074|16.00|44.17|50505
33075|19.50|47.67|50505
33074|23.00|51.17|50505
33074|24.50|52.67|50505
33074|26.00|54.17|50505
33074|27.50|55.67|50505
33076|31.00|59.17|50505
33074|34.50|62.67|50505
33074|36.00|64.17|50505
33074|37.50|65.67|50505
33074|39.00|67.17|50505
33075|42.50|70.67|50505
33074|46.00|74.17|50505
33074|47.50|75.67|50505
33074|49.00|77.17|50505
33074|50.50|78.67|50505
33075|54.00|82.17|50505
33074|57.50|85.67|50505
33074|59.00|87.17|50505
33074|60.50|88.67|50505
33074|62.00|90.17|50505
34077|63.50|91.67|50505
33074|67.00|95.17|50505
33074|68.50|96.67|50505
33074|70.00|98.17|50505
33074|71.50|99.67|50505
33075|75.00|103.17|50505
33074|78.50|106.67|50505
33074|80.00|108.17|50505
33074|81.50|109.67|50505
33074|83.00|111.17|50505
33075|86.50|114.67|50505
33074|90.00|118.17|50505
33074|91.50|119.67|50505
33074|93.00|121.17|50505
33074|94.50|122.67|50505
33076|98.00|126.17|50505
33074|101.50|129.67|50505
33074|103.00|131.17|50505
33074|104.50|132.67|50505
33074|106.00|134.17|50505
34077|109.50|137.67|50505
33074|113.00|141.17|50505
33074|114.50|142.67|50505
33074|116.00|144.17|50505
33074|117.50|145.67|50505
33074|0.00|27.30|50506
33074|1.50|28.80|50506
33074|3.00|30.30|50506
33074|4.50|31.80|50506
33075|8.00|35.30|50506
33074|11.50|38.80|50506
33074|13.00|40.30|50506
33074|14.50|41.80|50506
33074|16.00|43.30|50506
33075|19.50|46.80|50506
33074|23.00|50.30|50506
33074|24.50|51.80|50506
33074|26.00|53.30|50506
33074|27.50|54.80|50506
33076|31.00|58.30|50506
33074|34.50|61.80|50506
33074|36.00|63.30|50506
33074|37.50|64.80|50506
33074|39.00|66.30|50506
33075|42.50|69.80|50506
33074|46.00|73.30|50506
33074|47.50|74.80|50506
33074|49.00|76.30|50506
33074|50.50|77.80|50506
33075|54.00|81.30|50506
33074|57.50|84.80|50506
33074|59.00|86.30|50506
33074|60.50|87.80|50506
33074|62.00|89.30|50506
34077|63.50|90.80|50506
33074|67.00|94.30|50506
33074|68.50|95.80|50506
33074|70.00|97.30|50506
33074|71.50|98.80|50506
33075|75.00|102.30|50506
33074|78.50|105.80|50506
33074|80.00|107.30|50506
33074|81.50|108.80|50506
33074|83.00|110.30|50506
33075|86.50|113.80|50506
33074|90.00|117.30|50506
33074|91.50|118.80|50506
33074|93.00|120.30|50506
33074|94.50|121.80|50506
33076|98.00|125.30|50506
33074|101.50|128.80|50506
33074|103.00|130.30|50506
33074|104.50|131.80|50506
33074|106.00|133.30|50506
34077|109.50|136.80|50506
33074|113.00|140.30|50506
33074|114.50|141.80|50506
33074|116.00|143.30|50506
33074|117.50|144.80|50506
33074|0.00|25.17|50507
33074|1.50|26.67|50507
33074|3.00|28.17|50507
33074|4.50|29.67|50507
33075|8.00|33.17|50507
33074|11.50|36.67|50507
33074|13.00|38.17|50507
33074|14.50|39.67|50507
33074|16.00|41.17|50507
33075|19.50|44.67|50507
33074|23.00|48.17|50507
33074|24.50|49.67|50507
33074|26.00|51.17|50507
33074|27.50|52.67|50507
33076|31.00|56.17|50507
33074|34.50|59.67|50507
33074|36.00|61.17|50507
33074|37.50|62.67|50507
33074|39.00|64.17|50507
33075|42.50|67.67|50507
33074|46.00|71.17|50507
33074|47.50|72.67|50507
33074|49.00|74.17|50507
33074|50.50|75.67|50507
33075|54.00|79.17|50507
33074|57.50|82.67|50507
33074|59.00|84.17|50507
33074|60.50|85.67|50507
33074|62.00|87.17|50507
34077|63.50|88.67|50507
33074|67.00|92.17|50507
33074|68.50|93.67|50507
33074|70.00|95.17|50507
33074|71.50|96.67|50507
33075|75.00|100.17|50507
33074|78.50|103.67|50507
33074|80.00|105.17|50507
33074|81.50|106.67|50507
33074|83.00|108.17|50507
33075|86.50|111.67|50507
33074|90.00|115.17|50507
33074|91.50|116.67|50507
33074|93.00|118.17|50507
33074|94.50|119.67|50507
33076|98.00|123.17|50507
33074|101.50|126.67|50507
33074|103.00|128.17|50507
33074|104.50|129.67|50507
33074|106.00|131.17|50507
34077|109.50|134.67|50507
33074|113.00|138.17|50507
33074|114.50|139.67|50507
33074|116.00|141.17|50507
33074|117.50|142.67|50507
