80.84
36031|0.00|73.24|50532
33074|0.00|26.98|50533
33074|1.50|28.48|50533
33074|3.00|29.98|50533
33074|4.50|31.48|50533
33075|8.00|34.98|50533
33074|11.50|38.48|50533
33074|13.00|39.98|50533
33074|14.50|41.48|50533
33074|16.00|42.98|50533
33076|19.50|46.48|50533
33074|23.00|49.98|50533
33074|24.50|51.48|50533
33074|26.00|52.98|50533
33074|27.50|54.48|50533
33075|31.00|57.98|50533
33074|34.50|61.48|50533
33074|36.00|62.98|50533
33074|37.50|64.48|50533
33074|39.00|65.98|50533
34077|42.50|69.48|50533
33074|46.00|72.98|50533
33074|47.50|74.48|50533
33074|49.00|75.98|50533
33074|50.50|77.48|50533
33074|0.00|30.34|50534
33074|1.50|31.84|50534
33074|3.00|33.34|50534
33074|4.50|34.84|50534
33075|8.00|38.34|50534
33074|11.50|41.84|50534
33074|13.00|43.34|50534
33074|14.50|44.84|50534
33074|16.00|46.34|50534
33076|19.50|49.84|50534
33074|23.00|53.34|50534
33074|24.50|54.84|50534
33074|26.00|56.34|50534
33074|27.50|57.84|50534
33075|31.00|61.34|50534
33074|34.50|64.84|50534
33074|36.00|66.34|50534
33074|37.50|67.84|50534
33074|39.00|69.34|50534
34077|42.50|72.84|50534
33074|46.00|76.34|50534
33074|47.50|77.84|50534
33074|49.00|79.34|50534
33074|50.50|80.84|50534
