147.83
36078|0.00|130.62|50508
33074|0.00|30.33|50509
33074|1.50|31.83|50509
33074|3.00|33.33|50509
33074|4.50|34.83|50509
33075|8.00|38.33|50509
33074|11.50|41.83|50509
33074|13.00|43.33|50509
33074|14.50|44.83|50509
33074|16.00|46.33|50509
33075|19.50|49.83|50509
33074|23.00|53.33|50509
33074|24.50|54.83|50509
33074|26.00|56.33|50509
33074|27.50|57.83|50509
33076|31.00|61.33|50509
33074|34.50|64.83|50509
33074|36.00|66.33|50509
33074|37.50|67.83|50509
33074|39.00|69.33|50509
33075|42.50|72.83|50509
33074|46.00|76.33|50509
33074|47.50|77.83|50509
33074|49.00|79.33|50509
33074|50.50|80.83|50509
33075|54.00|84.33|50509
33074|57.50|87.83|50509
33074|59.00|89.33|50509
33074|60.50|90.83|50509
33074|62.00|92.33|50509
34077|63.50|93.83|50509
33074|67.00|97.33|50509
33074|68.50|98.83|50509
33074|70.00|100.33|50509
33074|71.50|101.83|50509
33075|75.00|105.33|50509
33074|78.50|108.83|50509
33074|80.00|110.33|50509
33074|81.50|111.83|50509
33074|83.00|113.33|50509
33075|86.50|116.83|50509
33074|90.00|120.33|50509
33074|91.50|121.83|50509
33074|93.00|123.33|50509
33074|94.50|124.83|50509
33076|98.00|128.33|50509
33074|101.50|131.83|50509
33074|103.00|133.33|50509
33074|104.50|134.83|50509
33074|106.00|136.33|50509
34077|109.50|139.83|50509
33074|113.00|143.33|50509
33074|114.50|144.83|50509
33074|116.00|146.33|50509
33074|117.50|147.83|50509
33074|0.00|28.17|50510
33074|1.50|29.67|50510
33074|3.00|31.17|50510
33074|4.50|32.67|50510
33075|8.00|36.17|50510
33074|11.50|39.67|50510
33074|13.00|41.17|50510
33074|14.50|42.67|50510
33074|16.00|44.17|50510
33075|19.50|47.67|50510
33074|23.00|51.17|50510
33074|24.50|52.67|50510
33074|26.00|54.17|50510
33074|27.50|55.67|50510
33076|31.00|59.17|50510
33074|34.50|62.67|50510
33074|36.00|64.17|50510
33074|37.50|65.67|50510
33074|39.00|67.17|50510
33075|42.50|70.67|50510
33074|46.00|74.17|50510
33074|47.50|75.67|50510
33074|49.00|77.17|50510
33074|50.50|78.67|50510
33075|54.00|82.17|50510
33074|57.50|85.67|50510
33074|59.00|87.17|50510
33074|60.50|88.67|50510
33074|62.00|90.17|50510
34077|63.50|91.67|50510
33074|67.00|95.17|50510
33074|68.50|96.67|50510
33074|70.00|98.17|50510
33074|71.50|99.67|50510
33075|75.00|103.17|50510
33074|78.50|106.67|50510
33074|80.00|108.17|50510
33074|81.50|109.67|50510
33074|83.00|111.17|50510
33075|86.50|114.67|50510
33074|90.00|118.17|50510
33074|91.50|119.67|50510
33074|93.00|121.17|50510
33074|94.50|122.67|50510
33076|98.00|126.17|50510
33074|101.50|129.67|50510
33074|103.00|131.17|50510
33074|104.50|132.67|50510
33074|106.00|134.17|50510
34077|109.50|137.67|50510
33074|113.00|141.17|50510
33074|114.50|142.67|50510
33074|116.00|144.17|50510
33074|117.50|145.67|50510
33074|0.00|27.24|50511
33074|1.50|28.74|50511
33074|3.00|30.24|50511
33074|4.50|31.74|50511
33075|8.00|35.24|50511
33074|11.50|38.74|50511
33074|13.00|40.24|50511
33074|14.50|41.74|50511
33074|16.00|43.24|50511
33075|19.50|46.74|50511
33074|23.00|50.24|50511
33074|24.50|51.74|50511
33074|26.00|53.24|50511
33074|27.50|54.74|50511
33076|31.00|58.24|50511
33074|34.50|61.74|50511
33074|36.00|63.24|50511
33074|37.50|64.74|50511
33074|39.00|66.24|50511
33075|42.50|69.74|50511
33074|46.00|73.24|50511
33074|47.50|74.74|50511
33074|49.00|76.24|50511
33074|50.50|77.74|50511
33075|54.00|81.24|50511
33074|57.50|84.74|50511
33074|59.00|86.24|50511
33074|60.50|87.74|50511
33074|62.00|89.24|50511
34077|63.50|90.74|50511
33074|67.00|94.24|50511
33074|68.50|95.74|50511
33074|70.00|97.24|50511
33074|71.50|98.74|50511
33075|75.00|102.24|50511
33074|78.50|105.74|50511
33074|80.00|107.24|50511
33074|81.50|108.74|50511
33074|83.00|110.24|50511
33075|86.50|113.74|50511
33074|90.00|117.24|50511
33074|91.50|118.74|50511
33074|93.00|120.24|50511
33074|94.50|121.74|50511
33076|98.00|125.24|50511
33074|101.50|128.74|50511
33074|103.00|130.24|50511
33074|104.50|131.74|50511
33074|106.00|133.24|50511
34077|109.50|136.74|50511
33074|113.00|140.24|50511
33074|114.50|141.74|50511
33074|116.00|143.24|50511
33074|117.50|144.74|50511
33074|0.00|25.43|50512
33074|1.50|26.93|50512
33074|3.00|28.43|50512
33074|4.50|29.93|50512
33075|8.00|33.43|50512
33074|11.50|36.93|50512
33074|13.00|38.43|50512
33074|14.50|39.93|50512
33074|16.00|41.43|50512
33075|19.50|44.93|50512
33074|23.00|48.43|50512
33074|24.50|49.93|50512
33074|26.00|51.43|50512
33074|27.50|52.93|50512
33076|31.00|56.43|50512
33074|34.50|59.93|50512
33074|36.00|61.43|50512
33074|37.50|62.93|50512
33074|39.00|64.43|50512
33075|42.50|67.93|50512
33074|46.00|71.43|50512
33074|47.50|72.93|50512
33074|49.00|74.43|50512
33074|50.50|75.93|50512
33075|54.00|79.43|50512
33074|57.50|82.93|50512
33074|59.00|84.43|50512
33074|60.50|85.93|50512
33074|62.00|87.43|50512
34077|63.50|88.93|50512
33074|67.00|92.43|50512
33074|68.50|93.93|50512
33074|70.00|95.43|50512
33074|71.50|96.93|50512
33075|75.00|100.43|50512
33074|78.50|103.93|50512
33074|80.00|105.43|50512
33074|81.50|106.93|50512
33074|83.00|108.43|50512
33075|86.50|111.93|50512
33074|90.00|115.43|50512
33074|91.50|116.93|50512
33074|93.00|118.43|50512
33074|94.50|119.93|50512
33076|98.00|123.43|50512
33074|101.50|126.93|50512
33074|103.00|128.43|50512
33074|104.50|129.93|50512
33074|106.00|131.43|50512
34077|109.50|134.93|50512
33074|113.00|138.43|50512
33074|114.50|139.93|50512
33074|116.00|141.43|50512
33074|117.50|142.93|50512
