147.79
36031|0.00|130.70|50513
33074|0.00|30.29|50514
33074|1.50|31.79|50514
33074|3.00|33.29|50514
33074|4.50|34.79|50514
33075|8.00|38.29|50514
33074|11.50|41.79|50514
33074|13.00|43.29|50514
33074|14.50|44.79|50514
33074|16.00|46.29|50514
33075|19.50|49.79|50514
33074|23.00|53.29|50514
33074|24.50|54.79|50514
33074|26.00|56.29|50514
33074|27.50|57.79|50514
33076|31.00|61.29|50514
33074|34.50|64.79|50514
33074|36.00|66.29|50514
33074|37.50|67.79|50514
33074|39.00|69.29|50514
33075|42.50|72.79|50514
33074|46.00|76.29|50514
33074|47.50|77.79|50514
33074|49.00|79.29|50514
33074|50.50|80.79|50514
33075|54.00|84.29|50514
33074|57.50|87.79|50514
33074|59.00|89.29|50514
33074|60.50|90.79|50514
33074|62.00|92.29|50514
34077|63.50|93.79|50514
33074|67.00|97.29|50514
33074|68.50|98.79|50514
33074|70.00|100.29|50514
33074|71.50|101.79|50514
33075|75.00|105.29|50514
33074|78.50|108.79|50514
33074|80.00|110.29|50514
33074|81.50|111.79|50514
33074|83.00|113.29|50514
33075|86.50|116.79|50514
33074|90.00|120.29|50514
33074|91.50|121.79|50514
33074|93.00|123.29|50514
33074|94.50|124.79|50514
33076|98.00|128.29|50514
33074|101.50|131.79|50514
33074|103.00|133.29|50514
33074|104.50|134.79|50514
33074|106.00|136.29|50514
34077|109.50|139.79|50514
33074|113.00|143.29|50514
33074|114.50|144.79|50514
33074|116.00|146.29|50514
33074|117.50|147.79|50514
33074|0.00|28.10|50515
33074|1.50|29.60|50515
33074|3.00|31.10|50515
33074|4.50|32.60|50515
33075|8.00|36.10|50515
33074|11.50|39.60|50515
33074|13.00|41.10|50515
33074|14.50|42.60|50515
33074|16.00|44.10|50515
33075|19.50|47.60|50515
33074|23.00|51.10|50515
33074|24.50|52.60|50515
33074|26.00|54.10|50515
33074|27.50|55.60|50515
33076|31.00|59.10|50515
33074|34.50|62.60|50515
33074|36.00|64.10|50515
33074|37.50|65.60|50515
33074|39.00|67.10|50515
33075|42.50|70.60|50515
33074|46.00|74.10|50515
33074|47.50|75.60|50515
33074|49.00|77.10|50515
33074|50.50|78.60|50515
33075|54.00|82.10|50515
33074|57.50|85.60|50515
33074|59.00|87.10|50515
33074|60.50|88.60|50515
33074|62.00|90.10|50515
34077|63.50|91.60|50515
33074|67.00|95.10|50515
33074|68.50|96.60|50515
33074|70.00|98.10|50515
33074|71.50|99.60|50515
33075|75.00|103.10|50515
33074|78.50|106.60|50515
33074|80.00|108.10|50515
33074|81.50|109.60|50515
33074|83.00|111.10|50515
33075|86.50|114.60|50515
33074|90.00|118.10|50515
33074|91.50|119.60|50515
33074|93.00|121.10|50515
33074|94.50|122.60|50515
33076|98.00|126.10|50515
33074|101.50|129.60|50515
33074|103.00|131.10|50515
33074|104.50|132.60|50515
33074|106.00|134.10|50515
34077|109.50|137.60|50515
33074|113.00|141.10|50515
33074|114.50|142.60|50515
33074|116.00|144.10|50515
33074|117.50|145.60|50515
33074|0.00|27.89|50516
33074|1.50|29.39|50516
33074|3.00|30.89|50516
33074|4.50|32.39|50516
33075|8.00|35.89|50516
33074|11.50|39.39|50516
33074|13.00|40.89|50516
33074|14.50|42.39|50516
33074|16.00|43.89|50516
33075|19.50|47.39|50516
33074|23.00|50.89|50516
33074|24.50|52.39|50516
33074|26.00|53.89|50516
33074|27.50|55.39|50516
33076|31.00|58.89|50516
33074|34.50|62.39|50516
33074|36.00|63.89|50516
33074|37.50|65.39|50516
33074|39.00|66.89|50516
33075|42.50|70.39|50516
33074|46.00|73.89|50516
33074|47.50|75.39|50516
33074|49.00|76.89|50516
33074|50.50|78.39|50516
33075|54.00|81.89|50516
33074|57.50|85.39|50516
33074|59.00|86.89|50516
33074|60.50|88.39|50516
33074|62.00|89.89|50516
34077|63.50|91.39|50516
33074|67.00|94.89|50516
33074|68.50|96.39|50516
33074|70.00|97.89|50516
33074|71.50|99.39|50516
33075|75.00|102.89|50516
33074|78.50|106.39|50516
33074|80.00|107.89|50516
33074|81.50|109.39|50516
33074|83.00|110.89|50516
33075|86.50|114.39|50516
33074|90.00|117.89|50516
33074|91.50|119.39|50516
33074|93.00|120.89|50516
33074|94.50|122.39|50516
33076|98.00|125.89|50516
33074|101.50|129.39|50516
33074|103.00|130.89|50516
33074|104.50|132.39|50516
33074|106.00|133.89|50516
34077|109.50|137.39|50516
33074|113.00|140.89|50516
33074|114.50|142.39|50516
33074|116.00|143.89|50516
33074|117.50|145.39|50516
33074|0.00|25.21|50517
33074|1.50|26.71|50517
33074|3.00|28.21|50517
33074|4.50|29.71|50517
33075|8.00|33.21|50517
33074|11.50|36.71|50517
33074|13.00|38.21|50517
33074|14.50|39.71|50517
33074|16.00|41.21|50517
33075|19.50|44.71|50517
33074|23.00|48.21|50517
33074|24.50|49.71|50517
33074|26.00|51.21|50517
33074|27.50|52.71|50517
33076|31.00|56.21|50517
33074|34.50|59.71|50517
33074|36.00|61.21|50517
33074|37.50|62.71|50517
33074|39.00|64.21|50517
33075|42.50|67.71|50517
33074|46.00|71.21|50517
33074|47.50|72.71|50517
33074|49.00|74.21|50517
33074|50.50|75.71|50517
33075|54.00|79.21|50517
33074|57.50|82.71|50517
33074|59.00|84.21|50517
33074|60.50|85.71|50517
33074|62.00|87.21|50517
34077|63.50|88.71|50517
33074|67.00|92.21|50517
33074|68.50|93.71|50517
33074|70.00|95.21|50517
33074|71.50|96.71|50517
33075|75.00|100.21|50517
33074|78.50|103.71|50517
33074|80.00|105.21|50517
33074|81.50|106.71|50517
33074|83.00|108.21|50517
33075|86.50|111.71|50517
33074|90.00|115.21|50517
33074|91.50|116.71|50517
33074|93.00|118.21|50517
33074|94.50|119.71|50517
33076|98.00|123.21|50517
33074|101.50|126.71|50517
33074|103.00|128.21|50517
33074|104.50|129.71|50517
33074|106.00|131.21|50517
34077|109.50|134.71|50517
33074|113.00|138.21|50517
33074|114.50|139.71|50517
33074|116.00|141.21|50517
33074|117.50|142.71|50517
