17.5
74207|0.00|15.00|7010831|-64|1112|310
74007|4.00|15.00|900067|673.0844|233.5767|310
74004|4|15|900067|719.4956|360.3089|370
74006|4|15|900067|633.0407|463.3419|430
74007|4.00|15.00|900067|500.1745|439.6426|490
74004|4|15|900067|453.7633|312.9104|550
74006|4|15|900067|540.2182|209.8774|610
74007|4.10|15.10|900067|688.8708|250.3347|320
74004|4.1|15.1|900067|712.8751|382.8461|380
74006|4.1|15.1|900067|610.6337|469.121|440
74007|4.10|15.10|900067|484.388|422.8846|500
74004|4.1|15.1|900067|460.3838|290.3732|560
74006|4.1|15.1|900067|562.6252|204.0983|620
74007|4.2|15.2|900067|702.9283|269.1533|330
74004|4.2|15.2|900067|702.2991|403.8199|390
74006|4.2|15.2|900067|586.0003|471.2762|450
74007|4.2|15.2|900067|470.3306|404.066|510
74004|4.2|15.2|900067|470.9598|269.3994|570
74006|4.2|15.2|900067|587.2586|201.9431|630
74007|4.3|15.3|900067|713.3617|290.1984|340
74004|4.3|15.3|900067|689.6625|423.0646|400
74006|4.3|15.3|900067|562.9302|469.4758|460
74007|4.3|15.3|900067|459.8972|383.0209|520
74004|4.3|15.3|900067|483.5965|250.1547|580
74006|4.3|15.3|900067|610.3287|203.7435|640
74007|4.4|15.4|900067|719.1409|312.6054|350
74004|4.4|15.4|900067|672.9044|438.8511|410
74006|4.4|15.4|900067|540.3931|462.8553|470
74007|4.4|15.4|900067|454.118|360.6139|530
74004|4.4|15.4|900067|500.3545|234.3682|590
74006|4.4|15.4|900067|632.8658|210.364|650
74007|4.5|15.5|900067|721.296|337.2388|360
74004|4.5|15.5|900067|654.0858|452.9085|420
74006|4.5|15.5|900067|519.4193|452.2793|480
74007|4.5|15.5|900067|451.9629|335.9805|540
74004|4.5|15.5|900067|519.1731|220.3108|600
74006|4.5|15.5|900067|653.8397|220.94|660
74006|4.6|15.6|900067|673.0844|233.5767|310
74007|4.6|15.6|900067|719.4956|360.3089|370
74004|4.6|15.6|900067|633.0407|463.3419|430
74006|4.6|15.6|900067|500.1745|439.6426|490
74007|4.6|15.6|900067|453.7633|312.9104|550
74004|4.6|15.6|900067|540.2182|209.8774|610
74006|4.7|15.7|900067|688.8708|250.3347|320
74007|4.7|15.7|900067|712.8751|382.8461|380
74004|4.7|15.7|900067|610.6337|469.121|440
74006|4.7|15.7|900067|484.388|422.8846|500
74007|4.7|15.7|900067|460.3838|290.3732|560
74004|4.7|15.7|900067|562.6252|204.0983|620
74006|4.8|15.8|900067|702.9283|269.1533|330
74007|4.8|15.8|900067|702.2991|403.8199|390
74004|4.8|15.8|900067|586.0003|471.2762|450
74006|4.8|15.8|900067|470.3306|404.066|510
74007|4.8|15.8|900067|470.9598|269.3994|570
74004|4.8|15.8|900067|587.2586|201.9431|630
74006|4.9|15.9|900067|713.3617|290.1984|340
74007|4.9|15.9|900067|689.6625|423.0646|400
74004|4.9|15.9|900067|562.9302|469.4758|460
74006|4.9|15.9|900067|459.8972|383.0209|520
74007|4.9|15.9|900067|483.5965|250.1547|580
74004|4.9|15.9|900067|610.3287|203.7435|640
74006|5|16|900067|719.1409|312.6054|350
74007|5|16|900067|672.9044|438.8511|410
74004|5|16|900067|540.3931|462.8553|470
74006|5|16|900067|454.118|360.6139|530
74007|5|16|900067|500.3545|234.3682|590
74004|5|16|900067|632.8658|210.364|650
74006|5.1|16.1|900067|721.296|337.2388|360
74007|5.1|16.1|900067|654.0858|452.9085|420
74004|5.1|16.1|900067|519.4193|452.2793|480
74006|5.1|16.1|900067|451.9629|335.9805|540
74007|5.1|16.1|900067|519.1731|220.3108|600
74004|5.1|16.1|900067|653.8397|220.94|660
74004|5.2|16.2|900067|673.0844|233.5767|310
74006|5.2|16.2|900067|719.4956|360.3089|370
74007|5.2|16.2|900067|633.0407|463.3419|430
74004|5.2|16.2|900067|500.1745|439.6426|490
74006|5.2|16.2|900067|453.7633|312.9104|550
74007|5.2|16.2|900067|540.2182|209.8774|610
74004|5.3|16.3|900067|688.8708|250.3347|320
74006|5.3|16.3|900067|712.8751|382.8461|380
74007|5.3|16.3|900067|610.6337|469.121|440
74004|5.3|16.3|900067|484.388|422.8846|500
74006|5.3|16.3|900067|460.3838|290.3732|560
74007|5.3|16.3|900067|562.6252|204.0983|620
74004|5.4|16.4|900067|702.9283|269.1533|330
74006|5.4|16.4|900067|702.2991|403.8199|390
74007|5.4|16.4|900067|586.0003|471.2762|450
74004|5.4|16.4|900067|470.3306|404.066|510
74006|5.4|16.4|900067|470.9598|269.3994|570
74007|5.4|16.4|900067|587.2586|201.9431|630
74004|5.5|16.5|900067|713.3617|290.1984|340
74006|5.5|16.5|900067|689.6625|423.0646|400
74007|5.5|16.5|900067|562.9302|469.4758|460
74004|5.5|16.5|900067|459.8972|383.0209|520
74006|5.5|16.5|900067|483.5965|250.1547|580
74007|5.5|16.5|900067|610.3287|203.7435|640
74004|5.6|16.6|900067|719.1409|312.6054|350
74006|5.6|16.6|900067|672.9044|438.8511|410
74007|5.6|16.6|900067|540.3931|462.8553|470
74004|5.6|16.6|900067|454.118|360.6139|530
74006|5.6|16.6|900067|500.3545|234.3682|590
74007|5.6|16.6|900067|632.8658|210.364|650
74004|5.7|16.7|900067|721.296|337.2388|360
74006|5.7|16.7|900067|654.0858|452.9085|420
74007|5.7|16.7|900067|519.4193|452.2793|480
74004|5.7|16.7|900067|451.9629|335.9805|540
74006|5.7|16.7|900067|519.1731|220.3108|600
74007|5.7|16.7|900067|653.8397|220.94|660
74007|5.8|16.8|900067|673.0844|233.5767|310
74004|5.8|16.8|900067|719.4956|360.3089|370
74006|5.8|16.8|900067|633.0407|463.3419|430
74007|5.8|16.8|900067|500.1745|439.6426|490
74004|5.8|16.8|900067|453.7633|312.9104|550
74006|5.8|16.8|900067|540.2182|209.8774|610
74007|5.9|16.9|900067|688.8708|250.3347|320
74004|5.9|16.9|900067|712.8751|382.8461|380
74006|5.9|16.9|900067|610.6337|469.121|440
74007|5.9|16.9|900067|484.388|422.8846|500
74004|5.9|16.9|900067|460.3838|290.3732|560
74006|5.9|16.9|900067|562.6252|204.0983|620
74007|6|17|900067|702.9283|269.1533|330
74004|6|17|900067|702.2991|403.8199|390
74006|6|17|900067|586.0003|471.2762|450
74007|6|17|900067|470.3306|404.066|510
74004|6|17|900067|470.9598|269.3994|570
74006|6|17|900067|587.2586|201.9431|630
74007|6.1|17.1|900067|713.3617|290.1984|340
74004|6.1|17.1|900067|689.6625|423.0646|400
74006|6.1|17.1|900067|562.9302|469.4758|460
74007|6.1|17.1|900067|459.8972|383.0209|520
74004|6.1|17.1|900067|483.5965|250.1547|580
74006|6.1|17.1|900067|610.3287|203.7435|640
74007|6.2|17.2|900067|719.1409|312.6054|350
74004|6.2|17.2|900067|672.9044|438.8511|410
74006|6.2|17.2|900067|540.3931|462.8553|470
74007|6.2|17.2|900067|454.118|360.6139|530
74004|6.2|17.2|900067|500.3545|234.3682|590
74006|6.2|17.2|900067|632.8658|210.364|650
74007|6.3|17.3|900067|721.296|337.2388|360
74004|6.3|17.3|900067|654.0858|452.9085|420
74006|6.3|17.3|900067|519.4193|452.2793|480
74007|6.3|17.3|900067|451.9629|335.9805|540
74004|6.3|17.3|900067|519.1731|220.3108|600
74006|6.3|17.3|900067|653.8397|220.94|660
74006|6.4|17.4|900067|673.0844|233.5767|310
74007|6.4|17.4|900067|719.4956|360.3089|370
74004|6.4|17.4|900067|633.0407|463.3419|430
74006|6.4|17.4|900067|500.1745|439.6426|490
74007|6.4|17.4|900067|453.7633|312.9104|550
74004|6.4|17.4|900067|540.2182|209.8774|610
74006|6.5|17.5|900067|688.8708|250.3347|320
74007|6.5|17.5|900067|712.8751|382.8461|380
74004|6.5|17.5|900067|610.6337|469.121|440
74006|6.5|17.5|900067|484.388|422.8846|500
74007|6.5|17.5|900067|460.3838|290.3732|560