18.5
74207|0.00|15.00|7010922|1601|840|-150
74007|4|15|900067|459.137|348.5245|345.1974
74006|4|15|900067|424.015|478.8376|405.1974
74004|4|15|900067|293.9788|513.2009|465.1974
74007|4|15|900067|199.0646|417.2511|525.1974
74006|4|15|900067|234.1867|286.9379|585.1974
74004|4|15|900067|364.2229|252.5746|645.1974
74007|4.1|15.1|900067|476.8803|367.4855|355.1974
74006|4.1|15.1|900067|420.1169|489.6059|415.1974
74004|4.1|15.1|900067|286.8396|501.1758|475.1974
74007|4.1|15.1|900067|210.3259|390.6252|535.1974
74006|4.1|15.1|900067|267.0893|268.5049|595.1974
74004|4.1|15.1|900067|400.3665|256.935|655.1974
74007|4.2|15.2|900067|492.0229|387.1338|365.1974
74006|4.2|15.2|900067|413.8875|496.8167|425.1974
74004|4.2|15.2|900067|279.97|484.9059|485.1974
74007|4.2|15.2|900067|224.1878|363.3122|545.1974
74006|4.2|15.2|900067|302.3232|253.6293|605.1974
74004|4.2|15.2|900067|436.2407|265.5401|665.1974
74007|4.3|15.3|900067|502.9207|406.5126|375.1974
74006|4.3|15.3|900067|406.9709|501.4268|435.1974
74004|4.3|15.3|900067|276.6577|466.3047|495.1974
74007|4.3|15.3|900067|242.2945|336.2686|555.1974
74006|4.3|15.3|900067|338.2443|241.3544|615.1974
74004|4.3|15.3|900067|468.5575|276.4764|675.1974
74007|4.4|15.4|900067|509.2302|424.3217|385.1974
74006|4.4|15.4|900067|398.6797|500.8354|445.1974
74004|4.4|15.4|900067|276.5594|444.072|505.1974
74007|4.4|15.4|900067|264.9895|310.7947|565.1974
74006|4.4|15.4|900067|375.54|234.281|625.1974
74004|4.4|15.4|900067|497.6604|291.0444|685.1974
74007|4.5|15.5|900067|511.295|441.8612|395.1974
74006|4.5|15.5|900067|389.7013|497.6433|455.1974
74004|4.5|15.5|900067|280.0184|419.508|515.1974
74007|4.5|15.5|900067|291.9292|285.5904|575.1974
74006|4.5|15.5|900067|413.5229|229.8083|635.1974
74004|4.5|15.5|900067|523.2058|307.9436|695.1974
74004|4.6|15.6|900067|546.1506|325.5301|345.1974
74007|4.6|15.6|900067|511.0285|455.8433|405.1974
74006|4.6|15.6|900067|380.9923|490.2065|465.1974
74004|4.6|15.6|900067|286.0782|394.2567|525.1974
74007|4.6|15.6|900067|321.2002|263.9435|585.1974
74006|4.6|15.6|900067|451.2364|229.5803|645.1974
74004|4.7|15.7|900067|563.8939|344.4911|355.1974
74007|4.7|15.7|900067|507.1304|466.6115|415.1974
74006|4.7|15.7|900067|373.8532|478.1814|475.1974
74004|4.7|15.7|900067|297.3394|367.6309|535.1974
74007|4.7|15.7|900067|354.1028|245.5105|595.1974
74006|4.7|15.7|900067|487.3801|233.9406|655.1974
74004|4.8|15.8|900067|579.0364|364.1394|365.1974
74007|4.8|15.8|900067|500.9011|473.8223|425.1974
74006|4.8|15.8|900067|366.9835|461.9115|485.1974
74004|4.8|15.8|900067|311.2014|340.3178|545.1974
74007|4.8|15.8|900067|389.3367|230.6349|605.1974
74006|4.8|15.8|900067|523.2543|242.5457|665.1974
74004|4.9|15.9|900067|589.9343|383.5182|375.1974
74007|4.9|15.9|900067|493.9844|478.4324|435.1974
74006|4.9|15.9|900067|363.6713|443.3104|495.1974
74004|4.9|15.9|900067|329.308|313.2742|555.1974
74007|4.9|15.9|900067|425.2579|218.36|615.1974
74006|4.9|15.9|900067|555.571|253.4821|675.1974
74004|5|16|900067|596.2438|401.3273|385.1974
74007|5|16|900067|485.6933|477.8411|445.1974
74006|5|16|900067|363.5729|421.0776|505.1974
74004|5|16|900067|352.0031|287.8004|565.1974
74007|5|16|900067|462.5536|211.2866|625.1974
74006|5|16|900067|584.674|268.05|685.1974
74004|5.1|16.1|900067|598.3086|418.8668|395.1974
74007|5.1|16.1|900067|476.7148|474.649|455.1974
74006|5.1|16.1|900067|367.032|396.5136|515.1974
74004|5.1|16.1|900067|378.9428|262.596|575.1974
74007|5.1|16.1|900067|500.5365|206.8139|635.1974
74006|5.1|16.1|900067|610.2194|284.9492|695.1974
74006|5.2|16.2|900067|633.1641|302.5357|345.1974
74004|5.2|16.2|900067|598.0421|432.8489|405.1974
74007|5.2|16.2|900067|468.0059|467.2122|465.1974
74006|5.2|16.2|900067|373.0917|371.2623|525.1974
74004|5.2|16.2|900067|408.2138|240.9492|585.1974
74007|5.2|16.2|900067|538.25|206.5859|645.1974
74006|5.3|16.3|900067|650.9073|321.4968|355.1974
74004|5.3|16.3|900067|594.1439|443.6171|415.1974
74007|5.3|16.3|900067|460.8666|455.187|475.1974
74006|5.3|16.3|900067|384.3528|344.6365|535.1974
74004|5.3|16.3|900067|441.1163|222.5161|595.1974
74007|5.3|16.3|900067|574.3935|210.9462|655.1974
74006|5.4|16.4|900067|666.0496|341.1451|365.1974
74004|5.4|16.4|900067|587.9142|450.8279|425.1974
74007|5.4|16.4|900067|453.9966|438.9171|485.1974
74006|5.4|16.4|900067|398.2145|317.3234|545.1974
74004|5.4|16.4|900067|476.3499|207.6405|605.1974
74007|5.4|16.4|900067|610.2674|219.5513|665.1974
74006|5.5|16.5|900067|676.9471|360.5239|375.1974
74004|5.5|16.5|900067|580.9973|455.438|435.1974
74007|5.5|16.5|900067|450.6841|420.316|495.1974
74006|5.5|16.5|900067|416.3208|290.2798|555.1974
74004|5.5|16.5|900067|512.2707|195.3656|615.1974
74007|5.5|16.5|900067|642.5839|230.4877|675.1974
74006|5.6|16.6|900067|683.2563|378.3329|385.1974
74004|5.6|16.6|900067|572.7058|454.8467|445.1974
74007|5.6|16.6|900067|450.5854|398.0832|505.1974
74006|5.6|16.6|900067|439.0156|264.806|565.1974
74004|5.6|16.6|900067|549.566|188.2922|625.1974
74007|5.6|16.6|900067|671.6865|245.0556|685.1974
74006|5.7|16.7|900067|685.3208|395.8724|395.1974
74004|5.7|16.7|900067|563.7271|451.6546|455.1974
74007|5.7|16.7|900067|454.0442|373.5192|515.1974
74006|5.7|16.7|900067|465.955|239.6017|575.1974
74004|5.7|16.7|900067|587.5487|183.8195|635.1974
74007|5.7|16.7|900067|697.2316|261.9549|695.1974
74007|5.8|16.8|900067|720.176|279.5414|345.1974
74006|5.8|16.8|900067|685.054|409.8545|405.1974
74004|5.8|16.8|900067|555.0178|444.2178|465.1974
74007|5.8|16.8|900067|460.1036|348.2679|525.1974
74006|5.8|16.8|900067|495.2257|217.9548|585.1974
74004|5.8|16.8|900067|625.2619|183.5915|645.1974
74007|5.9|16.9|900067|737.919|298.5024|355.1974
74006|5.9|16.9|900067|681.1556|420.6227|415.1974
74004|5.9|16.9|900067|547.8784|432.1926|475.1974
74007|5.9|16.9|900067|471.3646|321.6421|535.1974
74006|5.9|16.9|900067|528.128|199.5217|595.1974
74004|5.9|16.9|900067|661.4052|187.9519|655.1974
74007|6|17|900067|753.0613|318.1507|365.1974
74006|6|17|900067|674.9259|427.8336|425.1974
74004|6|17|900067|541.0084|415.9227|485.1974
74007|6|17|900067|485.2262|294.329|545.1974
74006|6|17|900067|563.3616|184.6461|605.1974
74004|6|17|900067|697.2791|196.5569|665.1974
74007|6.1|17.1|900067|763.9589|337.5295|375.1974
74006|6.1|17.1|900067|668.009|432.4437|435.1974
74004|6.1|17.1|900067|537.6958|397.3216|495.1974
74007|6.1|17.1|900067|503.3326|267.2854|555.1974
74006|6.1|17.1|900067|599.2824|172.3712|615.1974
74004|6.1|17.1|900067|729.5956|207.4933|675.1974
74007|6.2|17.2|900067|770.268|355.3385|385.1974
74006|6.2|17.2|900067|659.7175|431.8523|445.1974
74004|6.2|17.2|900067|537.5971|375.0888|505.1974
74007|6.2|17.2|900067|526.0273|241.8116|565.1974
74006|6.2|17.2|900067|636.5778|165.2978|625.1974
74004|6.2|17.2|900067|758.6982|222.0612|685.1974
74007|6.3|17.3|900067|772.3325|372.878|395.1974
74006|6.3|17.3|900067|650.7388|428.6602|455.1974
74004|6.3|17.3|900067|541.0559|350.5248|515.1974
74007|6.3|17.3|900067|552.9667|216.6073|575.1974
74006|6.3|17.3|900067|674.5604|160.8251|635.1974
74004|6.3|17.3|900067|784.2433|238.9605|695.1974
74004|6.4|17.4|900067|807.1877|256.547|345.1974
74007|6.4|17.4|900067|772.0657|386.8601|405.1974
74006|6.4|17.4|900067|642.0295|421.2234|465.1974
74004|6.4|17.4|900067|547.1154|325.2735|525.1974
74007|6.4|17.4|900067|582.2374|194.9604|585.1974
74006|6.4|17.4|900067|712.2736|160.5971|645.1974
74004|6.5|17.5|900067|824.9307|275.508|355.1974
74007|6.5|17.5|900067|768.1673|397.6284|415.1974
74006|6.5|17.5|900067|634.8901|409.1982|475.1974
74004|6.5|17.5|900067|558.3763|298.6477|535.1974
74007|6.5|17.5|900067|615.1397|176.5273|595.1974
74006|6.5|17.5|900067|748.4169|164.9575|655.1974
74004|6.6|17.6|900067|840.073|295.1563|365.1974
74007|6.6|17.6|900067|761.9376|404.8392|425.1974
74006|6.6|17.6|900067|628.0201|392.9283|485.1974
74004|6.6|17.6|900067|572.2379|271.3346|545.1974
74007|6.6|17.6|900067|650.3733|161.6517|605.1974
74006|6.6|17.6|900067|784.2908|173.5626|665.1974
74004|6.7|17.7|900067|850.9706|314.5351|375.1974
74007|6.7|17.7|900067|755.0207|409.4493|435.1974
74006|6.7|17.7|900067|624.7075|374.3272|495.1974
74004|6.7|17.7|900067|590.3442|244.291|555.1974
74007|6.7|17.7|900067|686.2941|149.3768|615.1974
74006|6.7|17.7|900067|816.6073|184.4989|675.1974
74004|6.8|17.8|900067|857.2797|332.3441|385.1974
74007|6.8|17.8|900067|746.7292|408.8579|445.1974
74006|6.8|17.8|900067|624.6088|352.0945|505.1974
74004|6.8|17.8|900067|613.039|218.8172|565.1974
74007|6.8|17.8|900067|723.5895|142.3034|625.1974
74006|6.8|17.8|900067|845.7099|199.0669|685.1974
74004|6.9|17.9|900067|859.3442|349.8836|395.1974
74007|6.9|17.9|900067|737.7505|405.6658|455.1974
74006|6.9|17.9|900067|628.0676|327.5304|515.1974
74004|6.9|17.9|900067|639.9784|193.6129|575.1974
74007|6.9|17.9|900067|761.5721|137.8307|635.1974
74006|6.9|17.9|900067|871.255|215.9661|695.1974
74006|7|18|900067|894.1995|233.5526|345.1974
74004|7|18|900067|859.0775|363.8657|405.1974
74007|7|18|900067|729.0412|398.229|465.1974
74006|7|18|900067|634.1271|302.2791|525.1974
74004|7|18|900067|669.2491|171.966|585.1974
74007|7|18|900067|799.2853|137.6027|645.1974
74006|7.1|18.1|900067|911.9424|252.5136|355.1974
74004|7.1|18.1|900067|855.179|374.634|415.1974
74007|7.1|18.1|900067|721.9018|386.2039|475.1974
74006|7.1|18.1|900067|645.388|275.6533|535.1974
74004|7.1|18.1|900067|702.1514|153.533|595.1974
74007|7.1|18.1|900067|835.4286|141.9631|655.1974
74006|7.2|18.2|900067|927.0847|272.1619|365.1974
74004|7.2|18.2|900067|848.9493|381.8448|425.1974
74007|7.2|18.2|900067|715.0318|369.934|485.1974
74006|7.2|18.2|900067|659.2496|248.3402|545.1974
74004|7.2|18.2|900067|737.385|138.6573|605.1974
74007|7.2|18.2|900067|871.3026|150.5682|665.1974
74006|7.3|18.3|900067|937.9823|291.5407|375.1974
74004|7.3|18.3|900067|842.0324|386.4549|435.1974
74007|7.3|18.3|900067|711.7192|351.3328|495.1974
74006|7.3|18.3|900067|677.356|221.2966|555.1974
74004|7.3|18.3|900067|773.3058|126.3825|615.1974
74007|7.3|18.3|900067|903.619|161.5045|675.1974
74006|7.4|18.4|900067|944.2914|309.3497|385.1974
74004|7.4|18.4|900067|833.741|385.8635|445.1974
74007|7.4|18.4|900067|711.6205|329.1001|505.1974
74006|7.4|18.4|900067|700.0507|195.8228|565.1974
74004|7.4|18.4|900067|810.6012|119.309|625.1974
74007|7.4|18.4|900067|932.7216|176.0725|685.1974
74006|7.5|18.5|900067|940.5552|328.4222|395.1974
74004|7.5|18.5|900067|818.9614|384.2044|455.1974
74007|7.5|18.5|900067|709.2786|306.069|515.1974
74006|7.5|18.5|900067|721.1893|172.1515|575.1974
74004|7.5|18.5|900067|842.7831|116.3693|635.1974
74007|7.5|18.5|900067|952.4659|194.5047|695.1974