20
74215|0|20.00|7010684|1594|-54|520
74007|5.1|8|900049|626.2125|207.7693|300
74007|5.15|8.05|900049|661.7808|237.6231|320
74007|5.2|8.1|900049|685.2924|277.5998|340
74007|5.25|8.15|900049|693.9254|324.517|360
74007|5.3|8.2|900049|684.5458|370.353|380
74007|5.35|8.25|900049|661.6808|409.9564|400
74007|5.4|8.3|900049|626.6754|440.9974|420
74007|5.45|8.35|900049|581.7275|456.9796|440
74007|5.5|8.4|900049|535.3508|456.6063|460
74007|5.55|8.45|900049|491.7125|440.7301|480
74007|5.6|8.5|900049|456.1441|410.8763|500
74007|5.65|8.55|900049|432.6325|370.8996|520
74007|5.7|8.6|900049|423.9995|323.9824|540
74007|5.75|8.65|900049|433.3792|278.1464|560
74007|5.8|8.7|900049|456.2441|238.543|580
74007|5.85|8.75|900049|491.2495|207.502|600
74007|5.9|8.8|900049|536.1974|191.5198|620
74007|5.95|8.85|900049|582.5741|191.8931|640
74007|6|8.9|900049|626.2125|207.7693|300
74007|6.05|8.95|900049|661.7808|237.6231|320
74007|6.1|9|900049|685.2924|277.5998|340
74007|6.15|9.05|900049|693.9254|324.517|360
74007|6.2|9.1|900049|684.5458|370.353|380
74007|6.25|9.15|900049|661.6808|409.9564|400
74007|6.3|9.2|900049|626.6754|440.9974|420
74007|6.35|9.25|900049|581.7275|456.9796|440
74007|6.4|9.3|900049|535.3508|456.6063|460
74007|6.45|9.35|900049|491.7125|440.7301|480
74007|6.5|9.4|900049|456.1441|410.8763|500
74007|6.55|9.45|900049|432.6325|370.8996|520
74007|6.6|9.5|900049|423.9995|323.9824|540
74006|9.9|12.8|900049|626.2125|207.7693|300
74006|9.95|12.85|900049|661.7808|237.6231|320
74006|10|12.9|900049|685.2924|277.5998|340
74006|10.05|12.95|900049|693.9254|324.517|360
74006|10.1|13|900049|684.5458|370.353|380
74006|10.15|13.05|900049|661.6808|409.9564|400
74006|10.2|13.1|900049|626.6754|440.9974|420
74006|10.25|13.15|900049|581.7275|456.9796|440
74006|10.3|13.2|900049|535.3508|456.6063|460
74006|10.35|13.25|900049|491.7125|440.7301|480
74006|10.4|13.3|900049|456.1441|410.8763|500
74006|10.45|13.35|900049|432.6325|370.8996|520
74006|10.5|13.4|900049|423.9995|323.9824|540
74006|10.55|13.45|900049|433.3792|278.1464|560
74006|10.6|13.5|900049|456.2441|238.543|580
74006|10.65|13.55|900049|491.2495|207.502|600
74006|10.7|13.6|900049|536.1974|191.5198|620
74006|10.75|13.65|900049|582.5741|191.8931|640
74006|10.8|13.7|900049|626.2125|207.7693|300
74006|10.85|13.75|900049|661.7808|237.6231|320
74006|10.9|13.8|900049|685.2924|277.5998|340
74006|10.95|13.85|900049|693.9254|324.517|360
74006|11|13.9|900049|684.5458|370.353|380
74006|11.05|13.95|900049|661.6808|409.9564|400
74006|11.1|14|900049|626.6754|440.9974|420
74006|11.15|14.05|900049|581.7275|456.9796|440
74006|11.2|14.1|900049|535.3508|456.6063|460
74006|11.25|14.15|900049|491.7125|440.7301|480
74006|11.3|14.2|900049|456.1441|410.8763|500
74006|11.35|14.25|900049|432.6325|370.8996|520
74006|11.4|14.3|900049|423.9995|323.9824|540