25.8
74207|0.00|25.00|7010941|-115|1127|300
74004|4|12|900146|416.1265|225.7121|333.9757
74004|4|12|900146|452.4999|412.4137|423.9757
74004|4|12|900146|265.7983|448.7871|513.9757
74004|4|12|900146|229.4249|262.0855|603.9757
74004|4.2|12.2|900146|470.47|373.5544|45.65976
74004|4.2|12.2|900146|304.6576|466.7572|135.6598
74004|4.2|12.2|900146|211.4548|300.9448|225.6598
74004|4.2|12.2|900146|377.2672|207.742|315.6598
74004|4.4|12.4|900146|346.956|471.616|117.446
74004|4.4|12.4|900146|206.596|343.2432|207.446
74004|4.4|12.4|900146|334.9688|202.8832|297.446
74004|4.4|12.4|900146|475.3288|331.256|387.446
74004|4.6|12.6|900146|215.1497|384.8041|189.2945
74004|4.6|12.6|900146|293.4079|211.437|279.2945
74004|4.6|12.6|900146|466.7751|289.6951|369.2945
74004|4.6|12.6|900146|388.5169|463.0623|459.2945
74004|4.8|12.8|900146|256.4987|232.578|261.0986
74004|4.8|12.8|900146|445.634|252.7859|351.0986
74004|4.8|12.8|900146|425.4261|441.9212|441.0986
74004|4.8|12.8|900146|236.2908|421.7133|531.0986
74004|5|13|900146|414.2892|224.4958|333.037
74004|5|13|900146|453.7162|410.5764|423.037
74004|5|13|900146|267.6356|450.0034|513.037
74004|5|13|900146|228.2086|263.9228|603.037
74004|5.2|13.2|900146|470.9107|371.9437|44.94839
74004|5.2|13.2|900146|306.2683|467.1979|134.9484
74004|5.2|13.2|900146|211.0141|302.5555|224.9484
74004|5.2|13.2|900146|375.6565|207.3013|314.9484
74004|5.4|13.4|900146|348.6201|471.5315|116.7362
74004|5.4|13.4|900146|206.6805|344.9073|206.7362
74004|5.4|13.4|900146|333.3047|202.9677|296.7361
74004|5.4|13.4|900146|475.2443|329.5919|386.7361
74004|5.6|13.6|900146|215.92|386.7939|188.3856
74004|5.6|13.6|900146|291.4181|212.2071|278.3856
74004|5.6|13.6|900146|466.0049|287.7053|368.3856
74004|5.6|13.6|900146|390.5067|462.2921|458.3856
74004|5.8|13.8|900146|255.1336|233.6944|260.3473
74004|5.8|13.8|900146|444.5176|251.4208|350.3473
74004|5.8|13.8|900146|426.7912|440.8048|440.3473
74004|5.8|13.8|900146|237.4072|423.0784|530.3474
74004|6|14|900146|412.3292|223.2451|332.0465
74004|6|14|900146|454.9669|408.6164|422.0465
74004|6|14|900146|269.5956|451.2542|512.0466
74004|6|14|900146|226.9579|265.8828|602.0466
74004|6.2|14.2|900146|471.5197|369.5768|43.90726
74004|6.2|14.2|900146|308.6352|467.8069|133.9073
74004|6.2|14.2|900146|210.4051|304.9224|223.9073
74004|6.2|14.2|900146|373.2896|206.6923|313.9073
74004|6.4|14.4|900146|351.0656|471.3697|115.6921
74004|6.4|14.4|900146|206.8424|347.3527|205.6921
74004|6.4|14.4|900146|330.8593|203.1295|295.6921
74004|6.4|14.4|900146|475.0825|327.1465|385.6921
74009|10.8|18.8|900146|631.1846|208.9077|317.4005
74009|10.8|18.8|900146|719.3074|377.4748|407.4005
74009|10.8|18.8|900146|550.7402|465.5976|497.4005
74009|10.8|18.8|900146|462.6174|297.0305|587.4005
74009|11|19|900146|725.4474|335.2457|389.145
74009|11|19|900146|592.9694|471.7377|479.145
74009|11|19|900146|456.4774|339.2596|569.145
74009|11|19|900146|588.9554|202.7676|659.145
74009|11.2|19.2|900146|634.905|464.3719|100.9308
74009|11.2|19.2|900146|463.8432|381.1953|190.9308
74009|11.2|19.2|900146|547.0198|210.1334|280.9308
74009|11.2|19.2|900146|718.0816|293.3101|370.9308
74009|11.4|19.4|900146|483.9059|418.6722|172.746
74009|11.4|19.4|900146|509.5428|230.1961|262.746
74009|11.4|19.4|900146|698.019|255.8331|352.746
74009|11.4|19.4|900146|672.382|444.3092|442.746
74009|11.6|19.6|900146|480.45|260.5894|244.7493
74009|11.6|19.6|900146|667.6256|226.7402|334.7493
74009|11.6|19.6|900146|701.4749|413.9159|424.7493
74009|11.6|19.6|900146|514.2992|447.7651|514.7493
74004|15.4|23.4|900146|728.8357|411.5379|176.4762
74004|15.4|23.4|900146|766.6802|225.129|266.4762
74004|15.4|23.4|900146|953.0891|262.9735|356.4762
74004|15.4|23.4|900146|915.2446|449.3824|446.4762
74004|15.6|23.6|900146|735.8907|253.2903|248.6292
74004|15.6|23.6|900146|924.9278|232.184|338.6292
74004|15.6|23.6|900146|946.0341|421.2211|428.6292
74004|15.6|23.6|900146|756.997|442.3274|518.6292
74004|15.8|23.8|900146|889.1145|211.6706|320.9779
74004|15.8|23.8|900146|966.5475|385.4078|410.9779
74004|15.8|23.8|900146|792.8103|462.8409|500.9779
74004|15.8|23.8|900146|715.3773|289.1036|590.978
74004|16|24|900146|975.279|344.2769|32.99233
74004|16|24|900146|833.9412|471.5723|122.9923
74004|16|24|900146|706.6458|330.2345|212.9923
74004|16|24|900146|847.9836|202.9391|302.9923
74004|16.2|24.2|900146|875.7732|467.1729|105.0002
74004|16.2|24.2|900146|711.0453|372.0665|195.0002
74004|16.2|24.2|900146|806.1516|207.3386|285.0002
74004|16.2|24.2|900146|970.8795|302.4449|375.0002
74004|16.4|24.4|900146|727.7699|409.9035|177.3073
74004|16.4|24.4|900146|768.3146|224.0632|267.3073
74004|16.4|24.4|900146|954.1549|264.6079|357.3073
74004|16.4|24.4|900146|913.6102|450.4482|447.3073
74004|16.6|24.6|900146|737.2772|251.584|249.5658
74004|16.6|24.6|900146|926.6341|233.5705|339.5658
74004|16.6|24.6|900146|944.6476|422.9274|429.5658
74004|16.6|24.6|900146|755.2907|440.9409|519.5658
74004|16.8|24.8|900146|890.2181|212.0993|321.4823
74004|16.8|24.8|900146|966.1188|386.5114|411.4823
74004|16.8|24.8|900146|791.7067|462.4121|501.4823
74004|16.8|24.8|900146|715.806|288|591.4823
74004|17|25|900146|975.2259|345.228|33.39814
74004|17|25|900146|832.9901|471.5192|123.3981
74004|17|25|900146|706.6989|329.2834|213.3981
74004|17|25|900146|848.9348|202.9922|303.3981
74004|17.2|25.2|900146|875.0331|467.3689|105.3263
74004|17.2|25.2|900146|710.8492|371.3264|195.3263
74004|17.2|25.2|900146|806.8917|207.1425|285.3263
74004|17.2|25.2|900146|971.0756|303.185|375.3263
74004|17.4|25.4|900146|727.1764|408.9705|177.7784
74004|17.4|25.4|900146|769.2476|223.4697|267.7784
74004|17.4|25.4|900146|954.7484|265.5409|357.7784
74004|17.4|25.4|900146|912.6772|451.0417|447.7784
74004|17.6|25.6|900146|729.6074|261.8216|244.1145
74004|17.6|25.6|900146|916.3965|225.9007|334.1145
74004|17.6|25.6|900146|952.3174|412.6898|424.1145
74004|17.6|25.6|900146|765.5283|448.6107|514.1145
74004|17.8|25.8|900146|879.6628|208.4437|316.7225
74004|17.8|25.8|900146|969.7744|375.9562|406.7225
74004|17.8|25.8|900146|802.262|466.0677|496.7225
74004|17.8|25.8|900146|712.1504|298.5552|586.7225