17.5
74207|0.00|15.00|7010811|424|1230|280
74007|4.00|15.00|900067|605.7098|199.4726|280
74007|4.00|15.00|900067|709.2693|286.0204|340
74007|4.00|15.00|900067|685.9136|418.4771|400
74007|4.00|15.00|900067|558.9985|464.3859|460
74007|4.00|15.00|900067|455.4391|377.8382|520
74007|4.00|15.00|900067|478.7947|245.3815|580
74007|4.10|15.10|900067|627.7604|206.0922|290
74007|4.10|15.10|900067|714.8044|308.8484|350
74007|4.10|15.10|900067|669.3982|434.6854|410
74007|4.10|15.10|900067|536.948|457.7664|470
74007|4.10|15.10|900067|449.904|355.0102|530
74007|4.10|15.10|900067|495.3102|229.1732|590
74007|4.2|15.2|900067|649.3438|215.361|300
74007|4.2|15.2|900067|716.1321|332.3002|360
74007|4.2|15.2|900067|649.1426|448.8685|420
74007|4.2|15.2|900067|515.3646|448.4976|480
74007|4.2|15.2|900067|448.5762|331.5583|540
74007|4.2|15.2|900067|515.5658|214.99|600
74007|4.3|15.3|900067|668.902|228.3698|310
74007|4.3|15.3|900067|714.8109|355.285|370
74007|4.3|15.3|900067|628.2631|458.8444|430
74007|4.3|15.3|900067|495.8064|435.4887|490
74007|4.3|15.3|900067|449.8975|308.5736|550
74007|4.3|15.3|900067|536.4453|205.0142|610
74007|4.4|15.4|900067|685.1103|244.8853|320
74007|4.4|15.4|900067|708.1912|377.3355|380
74007|4.4|15.4|900067|605.4351|464.3795|440
74007|4.4|15.4|900067|479.5981|418.9733|500
74007|4.4|15.4|900067|456.5172|286.5231|560
74007|4.4|15.4|900067|559.2733|199.4791|620
74007|4.5|15.5|900067|699.2935|265.1409|330
74007|4.5|15.5|900067|698.9225|398.9189|390
74007|4.5|15.5|900067|581.9833|465.7073|450
74007|4.5|15.5|900067|465.4149|398.7177|510
74007|4.5|15.5|900067|465.7859|264.9397|570
74007|4.5|15.5|900067|582.7251|198.1513|630
74007|4.6|15.6|900067|605.7098|199.4726|280
74007|4.6|15.6|900067|709.2693|286.0204|340
74007|4.6|15.6|900067|685.9136|418.4771|400
74007|4.6|15.6|900067|558.9985|464.3859|460
74007|4.6|15.6|900067|455.4391|377.8382|520
74007|4.6|15.6|900067|478.7947|245.3815|580
74007|4.7|15.7|900067|627.7604|206.0922|290
74007|4.7|15.7|900067|714.8044|308.8484|350
74007|4.7|15.7|900067|669.3982|434.6854|410
74007|4.7|15.7|900067|536.948|457.7664|470
74007|4.7|15.7|900067|449.904|355.0102|530
74007|4.7|15.7|900067|495.3102|229.1732|590
74007|4.8|15.8|900067|649.3438|215.361|300
74007|4.8|15.8|900067|716.1321|332.3002|360
74007|4.8|15.8|900067|649.1426|448.8685|420
74007|4.8|15.8|900067|515.3646|448.4976|480
74007|4.8|15.8|900067|448.5762|331.5583|540
74007|4.8|15.8|900067|515.5658|214.99|600
74007|4.9|15.9|900067|668.902|228.3698|310
74007|4.9|15.9|900067|714.8109|355.285|370
74007|4.9|15.9|900067|628.2631|458.8444|430
74007|4.9|15.9|900067|495.8064|435.4887|490
74007|4.9|15.9|900067|449.8975|308.5736|550
74007|4.9|15.9|900067|536.4453|205.0142|610
74007|5|16|900067|685.1103|244.8853|320
74007|5|16|900067|708.1912|377.3355|380
74007|5|16|900067|605.4351|464.3795|440
74007|5|16|900067|479.5981|418.9733|500
74007|5|16|900067|456.5172|286.5231|560
74007|5|16|900067|559.2733|199.4791|620
74007|5.1|16.1|900067|699.2935|265.1409|330
74007|5.1|16.1|900067|698.9225|398.9189|390
74007|5.1|16.1|900067|581.9833|465.7073|450
74007|5.1|16.1|900067|465.4149|398.7177|510
74007|5.1|16.1|900067|465.7859|264.9397|570
74007|5.1|16.1|900067|582.7251|198.1513|630
74007|5.2|16.2|900067|605.7098|199.4726|280
74007|5.2|16.2|900067|709.2693|286.0204|340
74007|5.2|16.2|900067|685.9136|418.4771|400
74007|5.2|16.2|900067|558.9985|464.3859|460
74007|5.2|16.2|900067|455.4391|377.8382|520
74007|5.2|16.2|900067|478.7947|245.3815|580
74007|5.3|16.3|900067|627.7604|206.0922|290
74007|5.3|16.3|900067|714.8044|308.8484|350
74007|5.3|16.3|900067|669.3982|434.6854|410
74007|5.3|16.3|900067|536.948|457.7664|470
74007|5.3|16.3|900067|449.904|355.0102|530
74007|5.3|16.3|900067|495.3102|229.1732|590
74007|5.4|16.4|900067|649.3438|215.361|300
74007|5.4|16.4|900067|716.1321|332.3002|360
74007|5.4|16.4|900067|649.1426|448.8685|420
74007|5.4|16.4|900067|515.3646|448.4976|480
74007|5.4|16.4|900067|448.5762|331.5583|540
74007|5.4|16.4|900067|515.5658|214.99|600
74007|5.5|16.5|900067|668.902|228.3698|310
74007|5.5|16.5|900067|714.8109|355.285|370
74007|5.5|16.5|900067|628.2631|458.8444|430
74007|5.5|16.5|900067|495.8064|435.4887|490
74007|5.5|16.5|900067|449.8975|308.5736|550
74007|5.5|16.5|900067|536.4453|205.0142|610
74007|5.6|16.6|900067|685.1103|244.8853|320
74007|5.6|16.6|900067|708.1912|377.3355|380
74007|5.6|16.6|900067|605.4351|464.3795|440
74007|5.6|16.6|900067|479.5981|418.9733|500
74007|5.6|16.6|900067|456.5172|286.5231|560
74007|5.6|16.6|900067|559.2733|199.4791|620
74007|5.7|16.7|900067|699.2935|265.1409|330
74007|5.7|16.7|900067|698.9225|398.9189|390
74007|5.7|16.7|900067|581.9833|465.7073|450
74007|5.7|16.7|900067|465.4149|398.7177|510
74007|5.7|16.7|900067|465.7859|264.9397|570
74007|5.7|16.7|900067|582.7251|198.1513|630
74007|5.8|16.8|900067|605.7098|199.4726|280
74007|5.8|16.8|900067|709.2693|286.0204|340
74007|5.8|16.8|900067|685.9136|418.4771|400
74007|5.8|16.8|900067|558.9985|464.3859|460
74007|5.8|16.8|900067|455.4391|377.8382|520
74007|5.8|16.8|900067|478.7947|245.3815|580
74007|5.9|16.9|900067|627.7604|206.0922|290
74007|5.9|16.9|900067|714.8044|308.8484|350
74007|5.9|16.9|900067|669.3982|434.6854|410
74007|5.9|16.9|900067|536.948|457.7664|470
74007|5.9|16.9|900067|449.904|355.0102|530
74007|5.9|16.9|900067|495.3102|229.1732|590
74007|6|17|900067|649.3438|215.361|300
74007|6|17|900067|716.1321|332.3002|360
74007|6|17|900067|649.1426|448.8685|420
74007|6|17|900067|515.3646|448.4976|480
74007|6|17|900067|448.5762|331.5583|540
74007|6|17|900067|515.5658|214.99|600
74007|6.1|17.1|900067|668.902|228.3698|310
74007|6.1|17.1|900067|714.8109|355.285|370
74007|6.1|17.1|900067|628.2631|458.8444|430
74007|6.1|17.1|900067|495.8064|435.4887|490
74007|6.1|17.1|900067|449.8975|308.5736|550
74007|6.1|17.1|900067|536.4453|205.0142|610
74007|6.2|17.2|900067|685.1103|244.8853|320
74007|6.2|17.2|900067|708.1912|377.3355|380
74007|6.2|17.2|900067|605.4351|464.3795|440
74007|6.2|17.2|900067|479.5981|418.9733|500
74007|6.2|17.2|900067|456.5172|286.5231|560
74007|6.2|17.2|900067|559.2733|199.4791|620
74007|6.3|17.3|900067|699.2935|265.1409|330
74007|6.3|17.3|900067|698.9225|398.9189|390
74007|6.3|17.3|900067|581.9833|465.7073|450
74007|6.3|17.3|900067|465.4149|398.7177|510
74007|6.3|17.3|900067|465.7859|264.9397|570
74007|6.3|17.3|900067|582.7251|198.1513|630
74007|6.4|17.4|900067|605.7098|199.4726|280
74007|6.4|17.4|900067|709.2693|286.0204|340
74007|6.4|17.4|900067|685.9136|418.4771|400
74007|6.4|17.4|900067|558.9985|464.3859|460
74007|6.4|17.4|900067|455.4391|377.8382|520
74007|6.4|17.4|900067|478.7947|245.3815|580
74007|6.5|17.5|900067|627.7604|206.0922|290
74007|6.5|17.5|900067|714.8044|308.8484|350
74007|6.5|17.5|900067|669.3982|434.6854|410
74007|6.5|17.5|900067|536.948|457.7664|470
74007|6.5|17.5|900067|449.904|355.0102|530
74007|6.5|17.5|900067|495.3102|229.1732|590