18.5
74207|0.00|15.00|7010912|1271|1153|-120
74007|4|15|900067|459.9488|365.1937|0.801377
74006|4|15|900067|391.0688|481.2567|60.80138
74007|4|15|900067|256.582|479.3755|120.8014
74006|4|15|900067|190.9751|361.4314|180.8014
74007|4|15|900067|259.8552|245.3684|240.8014
74006|4|15|900067|394.342|247.2495|300.8014
74007|4.1|15.1|900067|471.9377|388.2285|10.80138
74006|4.1|15.1|900067|384.4177|490.5794|70.80137
74007|4.1|15.1|900067|252.9404|465.8731|130.8014
74006|4.1|15.1|900067|208.9831|338.8159|190.8014
74007|4.1|15.1|900067|296.5032|236.465|250.8014
74006|4.1|15.1|900067|427.9805|261.1713|310.8014
74007|4.2|15.2|900067|481.237|411.2256|20.80137
74006|4.2|15.2|900067|376.4781|495.8488|80.80137
74007|4.2|15.2|900067|250.7001|448.3549|140.8014
74006|4.2|15.2|900067|229.6809|316.238|200.8014
74007|4.2|15.2|900067|334.4397|231.6149|260.8014
74006|4.2|15.2|900067|460.2177|279.1087|320.8014
74007|4.3|15.3|900067|486.5204|432.8215|30.80138
74006|4.3|15.3|900067|368.5763|498.4283|90.80138
74007|4.3|15.3|900067|252.5133|429.5483|150.8014
74006|4.3|15.3|900067|254.3944|295.0615|210.8014
74007|4.3|15.3|900067|372.3385|229.4547|270.8014
74006|4.3|15.3|900067|488.4015|298.3347|330.8014
74007|4.4|15.4|900067|487.8068|451.6712|40.80137
74006|4.4|15.4|900067|360.7496|495.6285|100.8014
74007|4.4|15.4|900067|258.3987|408.1084|160.8014
74006|4.4|15.4|900067|283.1049|276.6311|220.8014
74007|4.4|15.4|900067|410.1622|232.6738|280.8014
74006|4.4|15.4|900067|512.5131|320.1939|340.8014
74007|4.5|15.5|900067|485.0775|469.1196|50.80137
74006|4.5|15.5|900067|352.9605|490.1389|110.8014
74007|4.5|15.5|900067|268.3375|385.38|170.8014
74006|4.5|15.5|900067|315.8312|259.602|230.8014
74007|4.5|15.5|900067|447.9482|238.5828|290.8014
74006|4.5|15.5|900067|532.5712|343.3416|350.8014
74006|4.6|15.6|900067|549.9397|366.4516|0.801377
74007|4.6|15.6|900067|481.0596|482.5146|60.80138
74006|4.6|15.6|900067|346.5728|480.6335|120.8014
74007|4.6|15.6|900067|280.966|362.6893|180.8014
74006|4.6|15.6|900067|349.846|246.6263|240.8014
74007|4.6|15.6|900067|484.3328|248.5075|300.8014
74006|4.7|15.7|900067|561.9286|389.4864|10.80138
74007|4.7|15.7|900067|474.4085|491.8373|70.80137
74006|4.7|15.7|900067|342.9312|467.131|130.8014
74007|4.7|15.7|900067|298.974|340.0738|190.8014
74006|4.7|15.7|900067|386.494|237.7229|250.8014
74007|4.7|15.7|900067|517.9714|262.4292|310.8014
74006|4.8|15.8|900067|571.2278|412.4836|20.80137
74007|4.8|15.8|900067|466.469|497.1067|80.80137
74006|4.8|15.8|900067|340.691|449.6129|140.8014
74007|4.8|15.8|900067|319.6717|317.496|200.8014
74006|4.8|15.8|900067|424.4305|232.8729|260.8014
74007|4.8|15.8|900067|550.2086|280.3667|320.8014
74006|4.9|15.9|900067|576.5112|434.0795|30.80138
74007|4.9|15.9|900067|458.5671|499.6863|90.80138
74006|4.9|15.9|900067|342.5041|430.8063|150.8014
74007|4.9|15.9|900067|344.3853|296.3194|210.8014
74006|4.9|15.9|900067|462.3294|230.7126|270.8014
74007|4.9|15.9|900067|578.3924|299.5926|330.8014
74006|5|16|900067|577.7977|452.9291|40.80137
74007|5|16|900067|450.7404|496.8864|100.8014
74006|5|16|900067|348.3895|409.3663|160.8014
74007|5|16|900067|373.0958|277.889|220.8014
74006|5|16|900067|500.153|233.9318|280.8014
74007|5|16|900067|602.5039|321.4518|340.8014
74006|5.1|16.1|900067|575.0683|470.3775|50.80137
74007|5.1|16.1|900067|442.9514|491.3968|110.8014
74006|5.1|16.1|900067|358.3283|386.638|170.8014
74007|5.1|16.1|900067|405.8221|260.86|230.8014
74006|5.1|16.1|900067|537.939|239.8407|290.8014
74007|5.1|16.1|900067|622.5621|344.5995|350.8014
74007|5.2|16.2|900067|639.9305|367.7095|0.801377
74006|5.2|16.2|900067|571.0505|483.7725|60.80138
74007|5.2|16.2|900067|436.5637|481.8914|120.8014
74006|5.2|16.2|900067|370.9568|363.9473|180.8014
74007|5.2|16.2|900067|439.8369|247.8843|240.8014
74006|5.2|16.2|900067|574.3237|249.7654|300.8014
74007|5.3|16.3|900067|651.9196|390.7444|10.80138
74006|5.3|16.3|900067|564.3996|493.0953|70.80137
74007|5.3|16.3|900067|432.9223|468.389|130.8014
74006|5.3|16.3|900067|388.965|341.3318|190.8014
74007|5.3|16.3|900067|476.4851|238.9808|250.8014
74006|5.3|16.3|900067|607.9624|263.6871|310.8014
74007|5.4|16.4|900067|661.2191|413.7415|20.80137
74006|5.4|16.4|900067|556.4603|498.3646|80.80137
74007|5.4|16.4|900067|430.6823|450.8708|140.8014
74006|5.4|16.4|900067|409.6631|318.7539|200.8014
74007|5.4|16.4|900067|514.4219|234.1308|260.8014
74006|5.4|16.4|900067|640.1999|281.6246|320.8014
74007|5.5|16.5|900067|666.5029|435.3374|30.80138
74006|5.5|16.5|900067|548.5587|500.9442|90.80138
74007|5.5|16.5|900067|432.4958|432.0642|150.8014
74006|5.5|16.5|900067|434.3769|297.5773|210.8014
74007|5.5|16.5|900067|552.321|231.9705|270.8014
74006|5.5|16.5|900067|668.384|300.8505|330.8014
74007|5.6|16.6|900067|667.7896|454.1871|40.80137
74006|5.6|16.6|900067|540.7324|498.1443|100.8014
74007|5.6|16.6|900067|438.3814|410.6243|160.8014
74006|5.6|16.6|900067|463.0877|279.147|220.8014
74007|5.6|16.6|900067|590.145|235.1897|280.8014
74006|5.6|16.6|900067|692.4958|322.7098|340.8014
74007|5.7|16.7|900067|665.0605|471.6355|50.80137
74006|5.7|16.7|900067|532.9437|492.6547|110.8014
74007|5.7|16.7|900067|448.3206|387.8959|170.8014
74006|5.7|16.7|900067|495.8143|262.1179|230.8014
74007|5.7|16.7|900067|627.9312|241.0986|290.8014
74006|5.7|16.7|900067|712.5543|345.8575|350.8014
74006|5.8|16.8|900067|729.9231|368.9675|0.801377
74007|5.8|16.8|900067|661.043|485.0305|60.80138
74006|5.8|16.8|900067|526.5562|483.1493|120.8014
74007|5.8|16.8|900067|460.9494|365.2052|180.8014
74006|5.8|16.8|900067|529.8294|249.1422|240.8014
74007|5.8|16.8|900067|664.3162|251.0233|300.8014
74006|5.9|16.9|900067|741.9123|392.0023|10.80138
74007|5.9|16.9|900067|654.3923|494.3532|70.80137
74006|5.9|16.9|900067|522.9149|469.6469|130.8014
74007|5.9|16.9|900067|478.9577|342.5897|190.8014
74006|5.9|16.9|900067|566.4777|240.2388|250.8014
74007|5.9|16.9|900067|697.9551|264.9451|310.8014
74006|6|17|900067|751.2118|414.9995|20.80137
74007|6|17|900067|646.453|499.6226|80.80137
74006|6|17|900067|520.675|452.1288|140.8014
74007|6|17|900067|499.6557|320.0118|200.8014
74006|6|17|900067|604.4146|235.3887|260.8014
74007|6|17|900067|730.1926|282.8825|320.8014
74006|6.1|17.1|900067|756.4955|436.5953|30.80138
74007|6.1|17.1|900067|638.5514|502.2021|90.80138
74006|6.1|17.1|900067|522.4884|433.3221|150.8014
74007|6.1|17.1|900067|524.3696|298.8353|210.8014
74006|6.1|17.1|900067|642.3137|233.2285|270.8014
74007|6.1|17.1|900067|758.3767|302.1085|330.8014
74006|6.2|17.2|900067|757.7823|455.445|40.80137
74007|6.2|17.2|900067|630.725|499.4023|100.8014
74006|6.2|17.2|900067|528.3741|411.8822|160.8014
74007|6.2|17.2|900067|553.0804|280.4049|220.8014
74006|6.2|17.2|900067|680.1376|236.4476|280.8014
74007|6.2|17.2|900067|782.4885|323.9677|340.8014
74006|6.3|17.3|900067|755.0532|472.8934|50.80137
74007|6.3|17.3|900067|622.9363|493.9127|110.8014
74006|6.3|17.3|900067|538.3132|389.1538|170.8014
74007|6.3|17.3|900067|585.807|263.3758|230.8014
74006|6.3|17.3|900067|717.9239|242.3566|290.8014
74007|6.3|17.3|900067|802.547|347.1154|350.8014
74007|6.4|17.4|900067|819.9158|370.2254|0.801377
74006|6.4|17.4|900067|751.0357|486.2884|60.80138
74007|6.4|17.4|900067|616.5489|484.4073|120.8014
74006|6.4|17.4|900067|550.942|366.4631|180.8014
74007|6.4|17.4|900067|619.8221|250.4001|240.8014
74006|6.4|17.4|900067|754.3089|252.2813|300.8014
74007|6.5|17.5|900067|831.905|393.2602|10.80138
74006|6.5|17.5|900067|744.3849|495.6111|70.80137
74007|6.5|17.5|900067|612.9076|470.9048|130.8014
74006|6.5|17.5|900067|568.9504|343.8476|190.8014
74007|6.5|17.5|900067|656.4704|241.4967|250.8014
74006|6.5|17.5|900067|787.9478|266.203|310.8014
74007|6.6|17.6|900067|841.2045|416.2574|20.80137
74006|6.6|17.6|900067|736.4457|500.8805|80.80137
74007|6.6|17.6|900067|610.6677|453.3867|140.8014
74006|6.6|17.6|900067|589.6484|321.2698|200.8014
74007|6.6|17.6|900067|694.4072|236.6467|260.8014
74006|6.6|17.6|900067|820.1852|284.1405|320.8014
74007|6.7|17.7|900067|846.4882|437.8533|30.80138
74006|6.7|17.7|900067|728.5441|503.4601|90.80138
74007|6.7|17.7|900067|612.4811|434.5801|150.8014
74006|6.7|17.7|900067|614.3622|300.0932|210.8014
74007|6.7|17.7|900067|732.3064|234.4864|270.8014
74006|6.7|17.7|900067|848.3694|303.3664|330.8014
74007|6.8|17.8|900067|847.775|456.7029|40.80137
74006|6.8|17.8|900067|720.7177|500.6602|100.8014
74007|6.8|17.8|900067|618.3668|413.1401|160.8014
74006|6.8|17.8|900067|643.0731|281.6628|220.8014
74007|6.8|17.8|900067|770.1303|237.7056|280.8014
74006|6.8|17.8|900067|872.4812|325.2256|340.8014
74007|6.9|17.9|900067|845.0459|474.1513|50.80137
74006|6.9|17.9|900067|712.929|495.1706|110.8014
74007|6.9|17.9|900067|628.3059|390.4118|170.8014
74006|6.9|17.9|900067|675.7997|264.6338|230.8014
74007|6.9|17.9|900067|807.9166|243.6145|290.8014
74006|6.9|17.9|900067|892.5397|348.3733|350.8014
74006|7|18|900067|909.9084|371.4833|0.801377
74007|7|18|900067|841.0284|487.5463|60.80138
74006|7|18|900067|706.5416|485.6652|120.8014
74007|7|18|900067|640.9347|367.7211|180.8014
74006|7|18|900067|709.8148|251.6581|240.8014
74007|7|18|900067|844.3016|253.5392|300.8014
74006|7.1|18.1|900067|921.8976|394.5182|10.80138
74007|7.1|18.1|900067|834.3776|496.8691|70.80137
74006|7.1|18.1|900067|702.9003|472.1628|130.8014
74007|7.1|18.1|900067|658.9431|345.1056|190.8014
74006|7.1|18.1|900067|746.4631|242.7546|250.8014
74007|7.1|18.1|900067|877.9404|267.4609|310.8014
74006|7.2|18.2|900067|931.1971|417.5153|20.80137
74007|7.2|18.2|900067|826.4384|502.1384|80.80137
74006|7.2|18.2|900067|700.6603|454.6446|140.8014
74007|7.2|18.2|900067|679.6411|322.5277|200.8014
74006|7.2|18.2|900067|784.3999|237.9046|260.8014
74007|7.2|18.2|900067|910.1779|285.3984|320.8014
74006|7.3|18.3|900067|936.4809|439.1112|30.80138
74007|7.3|18.3|900067|818.5367|504.718|90.80138
74006|7.3|18.3|900067|702.4738|435.838|150.8014
74007|7.3|18.3|900067|704.3549|301.3511|210.8014
74006|7.3|18.3|900067|822.2991|235.7443|270.8014
74007|7.3|18.3|900067|938.3621|304.6243|330.8014
74006|7.4|18.4|900067|937.7676|457.9609|40.80137
74007|7.4|18.4|900067|810.7104|501.9182|100.8014
74006|7.4|18.4|900067|708.3595|414.3981|160.8014
74007|7.4|18.4|900067|733.0657|282.9208|220.8014
74006|7.4|18.4|900067|860.123|238.9635|280.8014
74007|7.4|18.4|900067|962.4739|326.4836|340.8014
74006|7.5|18.5|900067|929.0391|475.3254|50.80137
74007|7.5|18.5|900067|796.9222|496.3447|110.8014
74006|7.5|18.5|900067|712.2991|391.5858|170.8014
74007|7.5|18.5|900067|759.7928|265.8078|230.8014
74006|7.5|18.5|900067|891.9097|244.7886|290.8014
74007|7.5|18.5|900067|976.5328|349.5474|350.8014