20
74207|0|20.00|7011001|568|320|290
74006|6|12|900147|598.6938|245.365|562.355
74006|6|12|900147|648.2793|309.3861|622.355
74006|6|12|900147|617.5856|384.0211|322.355
74006|6|12|900147|537.3062|394.635|382.355
74006|6|12|900147|487.7207|330.6139|442.355
74006|6|12|900147|518.4144|255.9789|502.355
74004|6.2|12.2|900147|648.6707|317.8231|628.4542
74004|6.2|12.2|900147|610.2292|389.095|688.4542
74004|6.2|12.2|900147|529.5586|391.2719|388.4543
74004|6.2|12.2|900147|487.3293|322.1769|448.4543
74004|6.2|12.2|900147|525.7708|250.905|508.4543
74004|6.2|12.2|900147|606.4414|248.7281|568.4542
74006|6.4|12.4|900147|587.1298|398.3999|346.2876
74006|6.4|12.4|900147|509.357|375.8429|406.2876
74006|6.4|12.4|900147|490.2272|297.443|106.2876
74006|6.4|12.4|900147|548.8702|241.6001|166.2876
74006|6.4|12.4|900147|626.6429|264.1571|226.2876
74006|6.4|12.4|900147|645.7728|342.557|286.2876
74004|6.6|12.6|900147|499.3765|362.4654|418.2501
74004|6.6|12.6|900147|496.7434|281.5302|478.2501
74004|6.6|12.6|900147|565.3669|239.0649|178.2501
74004|6.6|12.6|900147|636.6235|277.5346|238.2501
74004|6.6|12.6|900147|639.2566|358.4698|298.2501
74004|6.6|12.6|900147|570.6331|400.9351|358.2501
74006|6.8|12.8|900147|506.465|267.7895|490.3135
74006|6.8|12.8|900147|582.6556|240.3593|550.3135
74006|6.8|12.8|900147|644.1906|292.5698|250.3135
74006|6.8|12.8|900147|629.535|372.2105|310.3135
74006|6.8|12.8|900147|553.3444|399.6407|370.3135
74006|6.8|12.8|900147|491.8094|347.4302|430.3135
74004|7|13|900147|598.6177|245.3338|562.2966
74004|7|13|900147|648.2685|309.3043|622.2966
74004|7|13|900147|617.6508|383.9706|322.2967
74004|7|13|900147|537.3823|394.6662|382.2967
74004|7|13|900147|487.7315|330.6957|442.2967
74004|7|13|900147|518.3492|256.0294|502.2966
74006|7.2|13.2|900147|648.6882|318.6191|629.0195
74006|7.2|13.2|900147|609.5455|389.5083|689.0195
74006|7.2|13.2|900147|528.8573|390.8892|389.0195
74006|7.2|13.2|900147|487.3118|321.3809|449.0195
74006|7.2|13.2|900147|526.4545|250.4917|509.0195
74006|7.2|13.2|900147|607.1427|249.1108|569.0195
74004|7.4|13.4|900147|593.663|396.5108|341.4577
74004|7.4|13.4|900147|514.2671|380.5822|401.4577
74004|7.4|13.4|900147|488.6041|304.0714|101.4577
74004|7.4|13.4|900147|542.337|243.4892|161.4577
74004|7.4|13.4|900147|621.7329|259.4178|221.4577
74004|7.4|13.4|900147|647.3959|335.9286|281.4577
74006|7.6|13.6|900147|501.664|365.9568|415.2862
74006|7.6|13.6|900147|494.8495|285.2661|475.2862
74006|7.6|13.6|900147|561.1855|239.3093|175.2862
74006|7.6|13.6|900147|634.3359|274.0432|235.2862
74006|7.6|13.6|900147|641.1505|354.7339|295.2862
74006|7.6|13.6|900147|574.8145|400.6907|355.2862
74004|7.8|13.8|900147|505.905|268.4568|489.695
74004|7.8|13.8|900147|581.795|240.2057|549.6951
74004|7.8|13.8|900147|643.8901|291.7489|249.695
74004|7.8|13.8|900147|630.095|371.5432|309.695
74004|7.8|13.8|900147|554.205|399.7943|369.695
74004|7.8|13.8|900147|492.1099|348.2511|429.695
74006|8|14|900147|592.0071|242.9536|557.3066
74006|8|14|900147|647.0339|302.3629|617.3066
74006|8|14|900147|623.0269|379.4094|317.3066
74006|8|14|900147|543.9929|397.0464|377.3066
74006|8|14|900147|488.9661|337.6371|437.3066
74006|8|14|900147|512.9731|260.5906|497.3066
74004|8.2|14.2|900147|648.6195|323.6039|272.5595
74004|8.2|14.2|900147|605.1744|391.9409|332.5595
74004|8.2|14.2|900147|524.5549|388.337|32.55956
74004|8.2|14.2|900147|487.3805|316.3961|92.55955
74004|8.2|14.2|900147|530.8256|248.0591|152.5595
74004|8.2|14.2|900147|611.4451|251.663|212.5595
74006|8.4|14.4|900147|594.5413|396.2106|340.7987
74006|8.4|14.4|900147|514.9674|381.1962|400.7987
74006|8.4|14.4|900147|488.4261|304.9856|100.7987
74006|8.4|14.4|900147|541.4587|243.7894|160.7987
74006|8.4|14.4|900147|621.0326|258.8038|220.7987
74006|8.4|14.4|900147|647.5739|335.0144|280.7987
74004|8.6|14.6|900147|502.7431|367.4766|413.9629
74004|8.6|14.6|900147|494.0669|286.9648|473.9629
74004|8.6|14.6|900147|559.3238|239.4882|173.9629
74004|8.6|14.6|900147|633.2569|272.5234|233.9629
74004|8.6|14.6|900147|641.9331|353.0352|293.9629
74004|8.6|14.6|900147|576.6762|400.5118|353.9628
74006|8.8|14.8|900147|504.3668|270.3683|487.953
74006|8.8|14.8|900147|579.363|239.8232|547.953
74006|8.8|14.8|900147|642.9962|289.455|247.953
74006|8.8|14.8|900147|631.6332|369.6317|307.953
74006|8.8|14.8|900147|556.637|400.1768|367.953
74006|8.8|14.8|900147|493.0038|350.545|427.953
74004|9|15|900147|598.3234|245.2137|562.0709
74004|9|15|900147|648.2257|308.9882|622.0709
74004|9|15|900147|617.9024|383.7744|322.0709
74004|9|15|900147|537.6766|394.7863|382.0709
74004|9|15|900147|487.7743|331.0118|442.0709
74004|9|15|900147|518.0976|256.2256|502.0709
74006|9.2|15.2|900147|648.6877|321.4087|271.0002
74006|9.2|15.2|900147|607.1183|390.9026|331.0002
74006|9.2|15.2|900147|526.4306|389.494|31.00019
74006|9.2|15.2|900147|487.3123|318.5913|91.00018
74006|9.2|15.2|900147|528.8817|249.0974|151.0002
74006|9.2|15.2|900147|609.5694|250.506|211.0002
74004|9.4|15.4|900147|589.676|397.7345|344.4191
74004|9.4|15.4|900147|511.209|377.7253|404.4191
74004|9.4|15.4|900147|489.5331|299.9909|104.4191
74004|9.4|15.4|900147|546.324|242.2655|164.4191
74004|9.4|15.4|900147|624.791|262.2747|224.4191
74004|9.4|15.4|900147|646.4669|340.0091|284.4191