18.3
74207|0.00|15.00|7010841|-444|732|330
74007|4|15|900113|546.6952|313.7309|100.6338
74007|4|15|900113|501.6425|407.9096|130.6338
74007|4|15|900113|415.2872|466.9635|160.6338
74007|4|15|900113|311.1806|474.7869|190.6338
74007|4|15|900113|217.0019|429.7342|220.6338
74007|4|15|900113|157.948|343.3789|250.6338
74007|4|15|900113|150.1246|239.2723|280.6338
74007|4|15|900113|195.1773|145.0936|310.6338
74007|4|15|900113|281.5327|86.03975|340.6338
74007|4|15|900113|385.6392|78.21635|370.6338
74007|4|15|900113|479.8179|123.269|400.6338
74007|4|15|900113|538.8718|209.6244|430.6338
74007|4.3|15.3|900113|292.3499|460.9335|208.3999
74007|4.3|15.3|900113|216.4095|389.2924|238.3999
74007|4.3|15.3|900113|186.5216|289.0362|268.3999
74007|4.3|15.3|900113|210.8375|187.5073|298.3999
74007|4.3|15.3|900113|282.4785|111.5669|328.3999
74007|4.3|15.3|900113|382.7348|81.67906|358.3999
74007|4.3|15.3|900113|484.2637|105.9949|388.3999
74007|4.3|15.3|900113|560.204|177.636|418.3999
74007|4.3|15.3|900113|590.0919|277.8922|448.3999
74007|4.3|15.3|900113|565.776|379.4211|478.3999
74007|4.3|15.3|900113|494.135|455.3615|508.3999
74007|4.3|15.3|900113|393.8787|485.2493|538.3999
74007|4.6|15.6|900113|290.6919|144.2824|316.5133
74007|4.6|15.6|900113|382.3924|94.37843|346.5133
74007|4.6|15.6|900113|486.9723|97.14122|376.5133
74007|4.6|15.6|900113|575.91|151.8172|406.5133
74007|4.6|15.6|900113|625.814|243.5177|436.5133
74007|4.6|15.6|900113|623.0511|348.0977|466.5133
74007|4.6|15.6|900113|568.3751|437.0354|496.5133
74007|4.6|15.6|900113|476.6747|486.9393|526.5133
74007|4.6|15.6|900113|372.0947|484.1765|556.5133
74007|4.6|15.6|900113|283.157|429.5005|586.5133
74007|4.6|15.6|900113|233.2531|337.8|616.5133
74007|4.6|15.6|900113|236.0159|233.2201|646.5133
74007|4.9|15.9|900113|640.7277|194.9712|419.5691
74007|4.9|15.9|900113|668.6264|295.5746|449.5691
74007|4.9|15.9|900113|642.3104|396.8271|479.5691
74007|4.9|15.9|900113|568.9566|471.1144|509.5691
74007|4.9|15.9|900113|468.3533|499.0131|539.5692
74007|4.9|15.9|900113|367.1008|472.6971|569.5691
74007|4.9|15.9|900113|292.8134|399.3433|599.5691
74007|4.9|15.9|900113|264.9147|298.74|629.5691
74007|4.9|15.9|900113|291.2308|197.4875|659.5691
74007|4.9|15.9|900113|364.5845|123.2002|689.5691
74007|4.9|15.9|900113|465.1879|95.30144|719.5691
74007|4.9|15.9|900113|566.4404|121.6175|749.5691
74007|5.2|16.2|900113|552.4634|500.6034|166.8799
74007|5.2|16.2|900113|448.1155|497.3036|196.8799
74007|5.2|16.2|900113|359.2797|442.0515|226.8799
74007|5.2|16.2|900113|310.1839|349.9159|256.8799
74007|5.2|16.2|900113|313.4836|245.5679|286.8799
74007|5.2|16.2|900113|368.7358|156.7321|316.8799
74007|5.2|16.2|900113|460.8714|107.6363|346.8799
74007|5.2|16.2|900113|565.2194|110.9361|376.8798
74007|5.2|16.2|900113|654.0552|166.1882|406.8799
74007|5.2|16.2|900113|703.151|258.3239|436.8799
74007|5.2|16.2|900113|699.8512|362.6718|466.8799
74007|5.2|16.2|900113|644.5991|451.5076|496.8799
74007|5.5|16.5|900113|349.6003|274.131|280.6206
74007|5.5|16.5|900113|394.6313|179.9419|310.6206
74007|5.5|16.5|900113|480.973|120.8681|340.6206
74007|5.5|16.5|900113|585.0777|113.0207|370.6206
74007|5.5|16.5|900113|679.2668|158.0517|400.6206
74007|5.5|16.5|900113|738.3406|244.3934|430.6206
74007|5.5|16.5|900113|746.188|348.4981|460.6206
74007|5.5|16.5|900113|701.157|442.6872|490.6206
74007|5.5|16.5|900113|614.8154|501.761|520.6206
74007|5.5|16.5|900113|510.7106|509.6083|550.6206
74007|5.5|16.5|900113|416.5215|464.5775|580.6206
74007|5.5|16.5|900113|357.4478|378.2357|610.6206
74007|5.8|16.8|900113|666.2276|132.7335|383.2892
74007|5.8|16.8|900113|748.2478|197.3249|413.2892
74007|5.8|16.8|900113|786.9477|294.5202|443.2892
74007|5.8|16.8|900113|771.7727|397.8115|473.2892
74007|5.8|16.8|900113|707.1813|479.8318|503.2892
74007|5.8|16.8|900113|609.986|518.5316|533.2892
74007|5.8|16.8|900113|506.6946|503.3566|563.2892
74007|5.8|16.8|900113|424.6744|438.7652|593.2892
74007|5.8|16.8|900113|385.9745|341.5699|623.2892
74007|5.8|16.8|900113|401.1496|238.2786|653.2892
74007|5.8|16.8|900113|465.741|156.2583|683.2892
74007|5.8|16.8|900113|562.9363|117.5584|713.2892
74007|6.1|17.1|900113|777.2467|458.9317|131.5912
74007|6.1|17.1|900113|690.1661|516.5195|161.5912
74007|6.1|17.1|900113|585.7348|522.7399|191.5912
74007|6.1|17.1|900113|492.4339|475.8964|221.5912
74007|6.1|17.1|900113|434.8461|388.8158|251.5912
74007|6.1|17.1|900113|428.6257|284.3845|281.5912
74007|6.1|17.1|900113|475.4692|191.0836|311.5912
74007|6.1|17.1|900113|562.5498|133.4957|341.5912
74007|6.1|17.1|900113|666.9811|127.2754|371.5912
74007|6.1|17.1|900113|760.282|174.1189|401.5912
74007|6.1|17.1|900113|817.8699|261.1994|431.5912
74007|6.1|17.1|900113|824.0902|365.6308|461.5912
74007|6.4|17.4|900113|493.3401|433.8974|239.7307
74007|6.4|17.4|900113|465.7252|333.2158|269.7307
74007|6.4|17.4|900113|492.3267|232.0379|299.7307
74007|6.4|17.4|900113|565.8896|157.9577|329.7307
74007|6.4|17.4|900113|666.5712|130.3428|359.7307
74007|6.4|17.4|900113|767.7491|156.9443|389.7307
74007|6.4|17.4|900113|841.8293|230.5072|419.7307
74007|6.4|17.4|900113|869.4442|331.1888|449.7307
74007|6.4|17.4|900113|842.8428|432.3667|479.7307
74007|6.4|17.4|900113|769.2798|506.4468|509.7307
74007|6.4|17.4|900113|668.5982|534.0618|539.7307
74007|6.4|17.4|900113|567.4203|507.4603|569.7307
74007|6.7|17.7|900113|677.5095|139.6536|351.4565
74007|6.7|17.7|900113|781.2614|151.2691|381.4565
74007|6.7|17.7|900113|865.4053|213.4335|411.4565
74007|6.7|17.7|900113|906.9928|309.1928|441.4565
74007|6.7|17.7|900113|895.3773|412.9447|471.4565
74007|6.7|17.7|900113|833.213|497.0886|501.4565
74007|6.7|17.7|900113|737.4536|538.6761|531.4565
74007|6.7|17.7|900113|633.7017|527.0607|561.4565
74007|6.7|17.7|900113|549.5579|464.8963|591.4565
74007|6.7|17.7|900113|507.9703|369.137|621.4565
74007|6.7|17.7|900113|519.5858|265.3851|651.4565
74007|6.7|17.7|900113|581.7501|181.2412|681.4565
74007|7|18|900113|946.7991|365.9516|95.70526
74007|7|18|900113|910.0043|463.6527|125.7053
74007|7|18|900113|829.0418|529.9073|155.7053
74007|7|18|900113|725.9923|546.646|185.7053
74007|7|18|900113|628.2911|509.8511|215.7053
74007|7|18|900113|562.0366|428.8887|245.7053
74007|7|18|900113|545.2979|325.8392|275.7053
74007|7|18|900113|582.0928|228.138|305.7053
74007|7|18|900113|663.0552|161.8834|335.7053
74007|7|18|900113|766.1047|145.1448|365.7053
74007|7|18|900113|863.8059|181.9396|395.7053
74007|7|18|900113|930.0605|262.9021|425.7053
74007|7.3|18.3|900113|701.164|535.9295|204.8491
74007|7.3|18.3|900113|620.9324|469.1292|234.8491
74007|7.3|18.3|900113|584.8927|370.9165|264.8491
74007|7.3|18.3|900113|602.8738|268.0766|294.8491
74007|7.3|18.3|900113|669.6741|187.845|324.8491
74007|7.3|18.3|900113|767.8868|151.8053|354.8491
74007|7.3|18.3|900113|870.7267|169.7865|384.8491
74007|7.3|18.3|900113|950.9584|236.5867|414.8491
74007|7.3|18.3|900113|986.998|334.7994|444.8491
74007|7.3|18.3|900113|969.0169|437.6394|474.8491
74007|7.3|18.3|900113|902.2167|517.871|504.8491
74007|7.3|18.3|900113|804.0039|553.9106|534.8491