25.8
74207|0.00|25.00|7010931|-520|712|340
74007|4|12|900146|467.1991|366.6375|375.5925
74007|4|12|900146|370.3948|530.3733|465.5925
74007|4|12|900146|206.659|433.5689|555.5925
74007|4|12|900146|303.4633|269.8331|645.5925
74007|4.2|12.2|900146|409.1219|513.5864|87.53737
74007|4.2|12.2|900146|223.4458|472.296|177.5374
74007|4.2|12.2|900146|264.7362|286.6199|267.5374
74007|4.2|12.2|900146|450.4123|327.9104|357.5374
74007|4.4|12.4|900146|251.489|503.9793|159.4379
74007|4.4|12.4|900146|233.0529|314.6632|249.4379
74007|4.4|12.4|900146|422.369|296.227|339.4379
74007|4.4|12.4|900146|440.8052|485.5432|429.4379
74007|4.6|12.6|900146|211.452|351.6701|231.1062
74007|4.6|12.6|900146|385.3621|274.6261|321.1062
74007|4.6|12.6|900146|462.4061|448.5363|411.1062
74007|4.6|12.6|900146|288.496|525.5802|501.1062
74007|4.8|12.8|900146|344.2653|265.8034|303.1267
74007|4.8|12.8|900146|471.2288|407.4394|393.1267
74007|4.8|12.8|900146|329.5928|534.403|483.1267
74007|4.8|12.8|900146|202.6293|392.7669|573.1267
74007|5|13|900146|465.9965|362.2633|373.66
74007|5|13|900146|374.7689|529.1706|463.66
74007|5|13|900146|207.8616|437.943|553.66
74007|5|13|900146|299.0892|271.0358|643.66
74007|5.2|13.2|900146|412.9164|511.0814|85.60034
74007|5.2|13.2|900146|225.9508|476.0906|175.6003
74007|5.2|13.2|900146|260.9417|289.125|265.6003
74007|5.2|13.2|900146|447.9073|324.1158|355.6003
74007|5.4|13.4|900146|255.2592|506.9689|157.3881
74007|5.4|13.4|900146|230.0633|318.4333|247.3881
74007|5.4|13.4|900146|418.5989|293.2375|337.3881
74007|5.4|13.4|900146|443.7948|481.773|427.3881
74007|5.6|13.6|900146|208.8829|358.9396|227.8213
74007|5.6|13.6|900146|378.0926|272.057|317.8213
74007|5.6|13.6|900146|464.9752|441.2667|407.8213
74007|5.6|13.6|900146|295.7655|528.1493|497.8213
74007|5.8|13.8|900146|336.0197|265.6063|299.6126
74007|5.8|13.8|900146|471.426|399.1938|389.6126
74007|5.8|13.8|900146|337.8384|534.6001|479.6126
74007|5.8|13.8|900146|202.4321|401.0125|569.6127
74007|6|14|900146|464.434|357.2927|371.4402
74007|6|14|900146|379.7396|527.6081|461.4402
74007|6|14|900146|209.4241|442.9137|551.4402
74007|6|14|900146|294.1185|272.5982|641.4402
74007|6.2|14.2|900146|417.3198|507.9344|83.2946
74007|6.2|14.2|900146|229.0978|480.494|173.2946
74007|6.2|14.2|900146|256.5383|292.2719|263.2946
74007|6.2|14.2|900146|444.7603|319.7124|353.2946
74007|6.4|14.4|900146|259.7534|510.2584|155.0154
74007|6.4|14.4|900146|226.7738|322.9276|245.0154
74007|6.4|14.4|900146|414.1047|289.9479|335.0154
74007|6.4|14.4|900146|447.0843|477.2788|425.0154
74008|10.8|18.8|900146|614.884|242.7127|312.593
74008|10.8|18.8|900146|716.824|403.3014|402.593
74008|10.8|18.8|900146|556.2354|505.2415|492.593
74008|10.8|18.8|900146|454.2953|344.6527|582.5931
74008|11|19|900146|719.4128|360.8018|384.3784
74008|11|19|900146|598.735|507.8302|474.3784
74008|11|19|900146|451.7065|387.1524|564.3784
74008|11|19|900146|572.3844|240.1239|654.3784
74008|11.2|19.2|900146|639.8833|497.0185|96.17822
74008|11.2|19.2|900146|462.5182|428.3007|186.1782
74008|11.2|19.2|900146|531.2361|250.9356|276.1782
74008|11.2|19.2|900146|708.6011|319.6534|366.1782
74008|11.4|19.4|900146|485.6899|464.0674|167.9471
74008|11.4|19.4|900146|495.4694|274.1073|257.9471
74008|11.4|19.4|900146|685.4295|283.8867|347.9471
74008|11.4|19.4|900146|675.65|473.8469|437.9471
74008|11.6|19.6|900146|468.9954|306.8726|239.9285
74008|11.6|19.6|900146|652.6642|257.4127|329.9285
74008|11.6|19.6|900146|702.124|441.0816|419.9285
74008|11.6|19.6|900146|518.4552|490.5414|509.9285
74007|15.4|23.4|900146|729.3543|432.1078|171.2117
74007|15.4|23.4|900146|749.9357|243.0128|261.2117
74007|15.4|23.4|900146|939.0307|263.5942|351.2117
74007|15.4|23.4|900146|918.4493|452.6892|441.2117
74007|15.6|23.6|900146|722.1886|273.3837|243.6185
74007|15.6|23.6|900146|908.6598|235.8471|333.6185
74007|15.6|23.6|900146|946.1964|422.3183|423.6185
74007|15.6|23.6|900146|759.7252|459.8549|513.6185
74007|15.8|23.8|900146|870.8353|218.4386|315.8093
74007|15.8|23.8|900146|963.6049|384.4937|405.8093
74007|15.8|23.8|900146|797.5497|477.2633|495.8093
74007|15.8|23.8|900146|704.7802|311.2083|585.8093
74007|16|24|900146|968.5587|341.8535|387.4443
74007|16|24|900146|840.1899|482.2172|477.4443
74007|16|24|900146|699.8263|353.8484|567.4443
74007|16|24|900146|828.1951|213.4848|657.4443
74007|16.2|24.2|900146|881.1198|473.8989|99.57986
74007|16.2|24.2|900146|708.1446|394.7782|189.5799
74007|16.2|24.2|900146|787.2653|221.803|279.5799
74007|16.2|24.2|900146|960.2404|300.9237|369.5799
74007|16.4|24.4|900146|727.7773|430.107|172.297
74007|16.4|24.4|900146|751.9365|241.4358|262.297
74007|16.4|24.4|900146|940.6077|265.595|352.297
74007|16.4|24.4|900146|916.4485|454.2662|442.297
74007|16.6|24.6|900146|724.1615|270.4984|245.1075
74007|16.6|24.6|900146|911.5451|237.82|335.1075
74007|16.6|24.6|900146|944.2235|425.2036|425.1075
74007|16.6|24.6|900146|756.8399|457.882|515.1075
74007|16.8|24.8|900146|862.8132|216.4314|312.2861
74007|16.8|24.8|900146|965.6121|376.4717|402.2861
74007|16.8|24.8|900146|805.5718|479.2706|492.2861
74007|16.8|24.8|900146|702.7729|319.2302|582.2861
74007|17|25|900146|968.0267|334.4848|384.2967
74007|17|25|900146|847.5587|481.6852|474.2967
74007|17|25|900146|700.3583|361.2171|564.2968
74007|17|25|900146|820.8264|214.0168|654.2968
74007|17.2|25.2|900146|887.2822|471.4298|96.75156
74007|17.2|25.2|900146|710.6136|400.9407|186.7516
74007|17.2|25.2|900146|781.1028|224.2721|276.7516
74007|17.2|25.2|900146|957.7714|294.7613|366.7516
74007|17.4|25.4|900146|732.8253|436.2531|168.9084
74007|17.4|25.4|900146|745.7903|246.4838|258.9084
74007|17.4|25.4|900146|935.5597|259.4488|348.9084
74007|17.4|25.4|900146|922.5947|449.2182|438.9084
74007|17.6|25.6|900146|718.5398|279.1873|240.6979
74007|17.6|25.6|900146|902.8562|232.1983|330.6979
74007|17.6|25.6|900146|949.8452|416.5147|420.6979
74007|17.6|25.6|900146|765.5288|463.5037|510.6979
74007|17.8|25.8|900146|864.3532|216.7762|312.9584
74007|17.8|25.8|900146|965.2672|378.0117|402.9584
74007|17.8|25.8|900146|804.0318|478.9257|492.9584
74007|17.8|25.8|900146|703.1178|317.6903|582.9584