21.9
74215|0|20.00|7010702|1041|1248|-110
74006|5.2|15|900103|452.8984|264.6817|320
74006|5.2|15|900103|509.9285|304.6187|350
74006|5.2|15|900103|539.3501|367.7135|380
74006|5.2|15|900103|533.2853|437.0721|410
74006|5.2|15|900103|493.3484|494.1022|440
74006|5.2|15|900103|430.2535|523.5238|470
74006|5.2|15|900103|360.895|517.459|500
74006|5.2|15|900103|303.8649|477.5222|530
74006|5.2|15|900103|274.4432|414.4273|560
74006|5.2|15|900103|280.508|345.0687|590
74006|5.2|15|900103|320.4449|288.0386|620
74006|5.2|15|900103|383.5398|258.617|650
74006|5.5|15.3|900103|452.8984|264.6817|320
74006|5.5|15.3|900103|509.9285|304.6187|350
74006|5.5|15.3|900103|539.3501|367.7135|380
74006|5.5|15.3|900103|533.2853|437.0721|410
74006|5.5|15.3|900103|493.3484|494.1022|440
74006|5.5|15.3|900103|430.2535|523.5238|470
74006|5.5|15.3|900103|360.895|517.459|500
74006|5.5|15.3|900103|303.8649|477.5222|530
74006|5.5|15.3|900103|274.4432|414.4273|560
74006|5.5|15.3|900103|280.508|345.0687|590
74006|5.5|15.3|900103|320.4449|288.0386|620
74006|5.5|15.3|900103|383.5398|258.617|650
74006|5.8|15.6|900103|452.8984|264.6817|320
74006|5.8|15.6|900103|509.9285|304.6187|350
74006|5.8|15.6|900103|539.3501|367.7135|380
74006|5.8|15.6|900103|533.2853|437.0721|410
74006|5.8|15.6|900103|493.3484|494.1022|440
74006|5.8|15.6|900103|430.2535|523.5238|470
74006|5.8|15.6|900103|360.895|517.459|500
74006|5.8|15.6|900103|303.8649|477.5222|530
74006|5.8|15.6|900103|274.4432|414.4273|560
74006|5.8|15.6|900103|280.508|345.0687|590
74006|5.8|15.6|900103|320.4449|288.0386|620
74006|5.8|15.6|900103|383.5398|258.617|650
74006|6.1|15.9|900103|452.8984|264.6817|320
74006|6.1|15.9|900103|509.9285|304.6187|350
74006|6.1|15.9|900103|539.3501|367.7135|380
74006|6.1|15.9|900103|533.2853|437.0721|410
74006|6.1|15.9|900103|493.3484|494.1022|440
74006|6.1|15.9|900103|430.2535|523.5238|470
74006|6.1|15.9|900103|360.895|517.459|500
74006|6.1|15.9|900103|303.8649|477.5222|530
74006|6.1|15.9|900103|274.4432|414.4273|560
74006|6.1|15.9|900103|280.508|345.0687|590
74006|6.1|15.9|900103|320.4449|288.0386|620
74006|6.1|15.9|900103|383.5398|258.617|650
74008|11.1|20.9|900103|909.1642|208.2584|370
74008|11.1|20.9|900103|915.229|277.617|400
74008|11.1|20.9|900103|885.8074|340.7119|430
74008|11.1|20.9|900103|828.7773|380.6488|460
74008|11.1|20.9|900103|759.4188|386.7136|490
74008|11.1|20.9|900103|696.3239|357.292|520
74008|11.1|20.9|900103|656.3869|300.2619|550
74008|11.1|20.9|900103|650.3221|230.9033|580
74008|11.1|20.9|900103|679.7438|167.8084|610
74008|11.1|20.9|900103|736.7738|127.8715|640
74008|11.1|20.9|900103|806.1324|121.8067|670
74008|11.1|20.9|900103|869.2273|151.2283|700
74008|11.6|21.4|900103|909.1642|208.2584|370
74008|11.6|21.4|900103|915.229|277.617|400
74008|11.6|21.4|900103|885.8074|340.7119|430
74008|11.6|21.4|900103|828.7773|380.6488|460
74008|11.6|21.4|900103|759.4188|386.7136|490
74008|11.6|21.4|900103|696.3239|357.292|520
74008|11.6|21.4|900103|656.3869|300.2619|550
74008|11.6|21.4|900103|650.3221|230.9033|580
74008|11.6|21.4|900103|679.7438|167.8084|610
74008|11.6|21.4|900103|736.7738|127.8715|640
74008|11.6|21.4|900103|806.1324|121.8067|670
74008|11.6|21.4|900103|869.2273|151.2283|700
74008|12.1|21.9|900103|909.1642|208.2584|370
74008|12.1|21.9|900103|915.229|277.617|400
74008|12.1|21.9|900103|885.8074|340.7119|430
74008|12.1|21.9|900103|828.7773|380.6488|460
74008|12.1|21.9|900103|759.4188|386.7136|490
74008|12.1|21.9|900103|696.3239|357.292|520
74008|12.1|21.9|900103|656.3869|300.2619|550
74008|12.1|21.9|900103|650.3221|230.9033|580
74008|12.1|21.9|900103|679.7438|167.8084|610
74008|12.1|21.9|900103|736.7738|127.8715|640
74008|12.1|21.9|900103|806.1324|121.8067|670
74008|12.1|21.9|900103|869.2273|151.2283|700