20
74207|0.00|18.00|7010882|817|1283|-100
74006|4.1|12|900191|578.9567|296.7977|589.0612
74006|4.1|12|900191|591.907|315.8328|599.0612
74006|4.1|12|900191|602.8253|336.6305|609.0612
74006|4.1|12|900191|609.8141|359.0562|619.0612
74006|4.1|12|900191|611.9922|382.0937|629.0612
74006|4.1|12|900191|610.241|406.7591|639.0612
74006|4.1|12|900191|604.8298|429.2578|649.0612
74006|4.1|12|900191|594.7426|450.471|659.0612
74006|4.1|12|900191|580.9954|469.5174|669.0612
74006|4.1|12|900191|565.4855|486.5319|679.0612
74006|4.1|12|900191|546.4505|499.4821|689.0612
74006|4.1|12|900191|525.6528|510.4004|699.0612
74006|4.1|12|900191|503.2271|517.3892|709.0612
74006|4.1|12|900191|480.1896|519.5674|719.0612
74006|4.1|12|900191|455.5242|517.8161|729.0612
74006|4.1|12|900191|433.0255|512.4049|739.0612
74006|4.1|12|900191|411.8123|502.3177|749.0612
74006|4.1|12|900191|392.7659|488.5705|759.0612
74006|4.1|12|900191|375.7515|473.0607|769.0612
74006|4.1|12|900191|362.8011|454.0256|779.0612
74006|4.1|12|900191|351.8829|433.2279|789.0612
74006|4.1|12|900191|344.8941|410.8022|799.0612
74006|4.1|12|900191|342.7159|387.7647|809.0612
74006|4.1|12|900191|344.4672|363.0993|819.0612
74006|4.1|12|900191|349.8784|340.6006|829.0612
74006|4.1|12|900191|359.9656|319.3874|839.0612
74006|4.1|12|900191|373.7128|300.341|849.0612
74006|4.1|12|900191|389.2226|283.3265|859.0612
74006|4.1|12|900191|408.2577|270.3763|869.0612
74006|4.1|12|900191|429.0554|259.458|879.0612
74006|4.1|12|900191|451.481|252.4692|889.0612
74006|4.1|12|900191|474.5186|250.291|899.0612
74006|4.1|12|900191|499.184|252.0423|909.0612
74006|4.1|12|900191|521.6827|257.4535|919.0612
74006|4.1|12|900191|542.8959|267.5407|929.0612
74006|4.1|12|900191|561.9423|281.2879|939.0612
74006|4.5|12.4|900191|455.1108|517.5772|369.5192
74006|4.5|12.4|900191|433.0055|511.1429|379.5192
74006|4.5|12.4|900191|411.3451|502.0556|389.5192
74006|4.5|12.4|900191|391.6784|489.2113|399.5192
74006|4.5|12.4|900191|375.332|472.8325|409.5192
74006|4.5|12.4|900191|360.9794|452.6966|419.5192
74006|4.5|12.4|900191|350.8287|431.9016|429.5192
74006|4.5|12.4|900191|345.1022|409.1208|439.5192
74006|4.5|12.4|900191|343.5777|385.681|449.5192
74006|4.5|12.4|900191|344.7061|362.6859|459.5192
74006|4.5|12.4|900191|351.1404|340.5806|469.5192
74006|4.5|12.4|900191|360.2277|318.9202|479.5192
74006|4.5|12.4|900191|373.072|299.2535|489.5192
74006|4.5|12.4|900191|389.4508|282.9072|499.5192
74006|4.5|12.4|900191|409.5867|268.5545|509.5192
74006|4.5|12.4|900191|430.3817|258.4038|519.5192
74006|4.5|12.4|900191|453.1624|252.6774|529.5192
74006|4.5|12.4|900191|476.6024|251.1528|539.5192
74006|4.5|12.4|900191|499.5974|252.2812|549.5192
74006|4.5|12.4|900191|521.7026|258.7155|559.5192
74006|4.5|12.4|900191|543.3631|267.8028|569.5192
74006|4.5|12.4|900191|563.0297|280.6471|579.5192
74006|4.5|12.4|900191|579.3762|297.0259|589.5192
74006|4.5|12.4|900191|593.7288|317.1618|599.5192
74006|4.5|12.4|900191|603.8795|337.9568|609.5192
74006|4.5|12.4|900191|609.606|360.7375|619.5192
74006|4.5|12.4|900191|611.1305|384.1774|629.5192
74006|4.5|12.4|900191|610.0021|407.1725|639.5192
74006|4.5|12.4|900191|603.5678|429.2778|649.5192
74006|4.5|12.4|900191|594.4805|450.9382|659.5192
74006|4.5|12.4|900191|581.6362|470.6049|669.5192
74006|4.5|12.4|900191|565.2574|486.9512|679.5192
74006|4.5|12.4|900191|545.1215|501.3039|689.5192
74006|4.5|12.4|900191|524.3265|511.4546|699.5192
74006|4.5|12.4|900191|501.5457|517.181|709.5192
74006|4.5|12.4|900191|478.1058|518.7056|719.5192
74006|4.9|12.8|900191|414.9364|265.7894|512.3499
74006|4.9|12.8|900191|436.4385|257.5612|522.3499
74006|4.9|12.8|900191|459.189|251.7158|532.3499
74006|4.9|12.8|900191|482.6206|250.0688|542.3499
74006|4.9|12.8|900191|505.542|253.2443|552.3499
74006|4.9|12.8|900191|529.1444|260.6181|562.3499
74006|4.9|12.8|900191|549.7969|271.0559|572.3499
74006|4.9|12.8|900191|568.1235|285.7491|582.3499
74006|4.9|12.8|900191|583.5001|303.5061|592.3499
74006|4.9|12.8|900191|596.4939|322.5115|602.3499
74006|4.9|12.8|900191|604.7221|344.0136|612.3499
74006|4.9|12.8|900191|610.5675|366.7641|622.3499
74006|4.9|12.8|900191|612.2145|390.1957|632.3499
74006|4.9|12.8|900191|609.0391|413.1171|642.3499
74006|4.9|12.8|900191|601.6652|436.7195|652.3499
74006|4.9|12.8|900191|591.2274|457.372|662.3499
74006|4.9|12.8|900191|576.5342|475.6986|672.3499
74006|4.9|12.8|900191|558.7772|491.0752|682.3499
74006|4.9|12.8|900191|539.7717|504.069|692.3499
74006|4.9|12.8|900191|518.2697|512.2972|702.3499
74006|4.9|12.8|900191|495.5192|518.1426|712.3499
74006|4.9|12.8|900191|472.0876|519.7897|722.3499
74006|4.9|12.8|900191|449.1662|516.6141|732.3499
74006|4.9|12.8|900191|425.5638|509.2403|742.3499
74006|4.9|12.8|900191|404.9113|498.8025|752.3499
74006|4.9|12.8|900191|386.5847|484.1093|762.3499
74006|4.9|12.8|900191|371.2081|466.3523|772.3499
74006|4.9|12.8|900191|358.2143|447.3469|782.3499
74006|4.9|12.8|900191|349.9861|425.8448|792.3499
74006|4.9|12.8|900191|344.1407|403.0943|802.3498
74006|4.9|12.8|900191|342.4937|379.6627|812.3499
74006|4.9|12.8|900191|345.6692|356.7413|822.3498
74006|4.9|12.8|900191|353.043|333.1389|832.3499
74006|4.9|12.8|900191|363.4808|312.4864|842.3499
74006|4.9|12.8|900191|378.174|294.1598|852.3498
74006|4.9|12.8|900191|395.931|278.7832|862.3498
74003|8.7|16.6|900192|658.4001|223.8573|511.024
74003|8.7|16.6|900192|679.7061|215.1338|521.024
74003|8.7|16.6|900192|702.3152|208.7636|531.024
74003|8.7|16.6|900192|725.7024|206.5748|541.024
74003|8.7|16.6|900192|748.6911|209.2191|551.024
74003|8.7|16.6|900192|772.4578|216.0449|561.024
74003|8.7|16.6|900192|793.3463|226.002|571.024
74003|8.7|16.6|900192|812.0079|240.2672|581.024
74003|8.7|16.6|900192|827.7913|257.6637|591.024
74003|8.7|16.6|900192|841.2213|276.3634|601.024
74003|8.7|16.6|900192|849.9449|297.6694|611.024
74003|8.7|16.6|900192|856.3151|320.2785|621.024
74003|8.7|16.6|900192|858.5039|343.6657|631.024
74003|8.7|16.6|900192|855.8596|366.6544|641.024
74003|8.7|16.6|900192|849.0338|390.4212|651.024
74003|8.7|16.6|900192|839.0766|411.3096|661.024
74003|8.7|16.6|900192|824.8115|429.9713|671.024
74003|8.7|16.6|900192|807.4149|445.7546|681.024
74003|8.7|16.6|900192|788.7153|459.1847|691.024
74003|8.7|16.6|900192|767.4093|467.9082|701.024
74003|8.7|16.6|900192|744.8002|474.2784|711.024
74003|8.7|16.6|900192|721.413|476.4672|721.024
74003|8.7|16.6|900192|698.4243|473.8229|731.024
74003|8.7|16.6|900192|674.6575|466.9971|741.024
74003|8.7|16.6|900192|653.7691|457.0399|751.024
74003|8.7|16.6|900192|635.1074|442.7748|761.024
74003|8.7|16.6|900192|619.3241|425.3783|771.024
74003|8.7|16.6|900192|605.894|406.6786|781.024
74003|8.7|16.6|900192|597.1705|385.3726|791.024
74003|8.7|16.6|900192|590.8003|362.7635|801.024
74003|8.7|16.6|900192|588.6115|339.3763|811.024
74003|8.7|16.6|900192|591.2558|316.3876|821.024
74003|8.7|16.6|900192|598.0816|292.6208|831.024
74003|8.7|16.6|900192|608.0388|271.7324|841.024
74003|8.7|16.6|900192|622.3039|253.0707|851.024
74003|8.7|16.6|900192|639.7004|237.2874|861.024
74003|9.2|17.1|900192|783.2622|462.0433|333.647
74003|9.2|17.1|900192|761.5793|469.7826|343.647
74003|9.2|17.1|900192|738.7023|475.1115|353.647
74003|9.2|17.1|900192|715.2394|476.2276|363.647
74003|9.2|17.1|900192|692.3959|472.5341|373.647
74003|9.2|17.1|900192|668.9664|464.6277|383.647
74003|9.2|17.1|900192|648.5555|453.7251|393.647
74003|9.2|17.1|900192|630.5663|438.6208|403.647
74003|9.2|17.1|900192|615.5956|420.5202|413.647
74003|9.2|17.1|900192|603.0354|401.2255|423.647
74003|9.2|17.1|900192|595.2961|379.5426|433.647
74003|9.2|17.1|900192|589.9672|356.6656|443.647
74003|9.2|17.1|900192|588.8511|333.2028|453.647
74003|9.2|17.1|900192|592.5446|310.3592|463.647
74003|9.2|17.1|900192|600.4509|286.9297|473.647
74003|9.2|17.1|900192|611.3536|266.5189|483.647
74003|9.2|17.1|900192|626.4579|248.5296|493.647
74003|9.2|17.1|900192|644.5585|233.5589|503.647
74003|9.2|17.1|900192|663.8531|220.9987|513.647
74003|9.2|17.1|900192|685.5361|213.2594|523.647
74003|9.2|17.1|900192|708.413|207.9305|533.647
74003|9.2|17.1|900192|731.8759|206.8144|543.647
74003|9.2|17.1|900192|754.7195|210.5079|553.647
74003|9.2|17.1|900192|778.1489|218.4143|563.647
74003|9.2|17.1|900192|798.5598|229.3169|573.647
74003|9.2|17.1|900192|816.5491|244.4212|583.647
74003|9.2|17.1|900192|831.5198|262.5218|593.647
74003|9.2|17.1|900192|844.08|281.8165|603.647
74003|9.2|17.1|900192|851.8193|303.4994|613.647
74003|9.2|17.1|900192|857.1482|326.3763|623.647
74003|9.2|17.1|900192|858.2643|349.8392|633.647
74003|9.2|17.1|900192|854.5707|372.6828|643.647
74003|9.2|17.1|900192|846.6644|396.1123|653.647
74003|9.2|17.1|900192|835.7617|416.5231|663.647
74003|9.2|17.1|900192|820.6575|434.5124|673.647
74003|9.2|17.1|900192|802.5569|449.4831|683.647
74003|9.7|17.6|900192|661.3102|222.2922|512.4316
74003|9.7|17.6|900192|682.8241|214.0947|522.4317
74003|9.7|17.6|900192|705.5829|208.2818|532.4316
74003|9.7|17.6|900192|729.0168|206.6682|542.4317
74003|9.7|17.6|900192|751.9336|209.8764|552.4316
74003|9.7|17.6|900192|775.5255|217.284|562.4316
74003|9.7|17.6|900192|796.163|227.7513|572.4317
74003|9.7|17.6|900192|814.4686|242.4706|582.4316
74003|9.7|17.6|900192|829.8198|260.2496|592.4316
74003|9.7|17.6|900192|842.7865|279.2736|602.4316
74003|9.7|17.6|900192|850.984|300.7874|612.4316
74003|9.7|17.6|900192|856.7969|323.5462|622.4316
74003|9.7|17.6|900192|858.4105|346.9801|632.4317
74003|9.7|17.6|900192|855.2022|369.8969|642.4316
74003|9.7|17.6|900192|847.7947|393.4888|652.4316
74003|9.7|17.6|900192|837.3273|414.1263|662.4316
74003|9.7|17.6|900192|822.6081|432.4319|672.4316
74003|9.7|17.6|900192|804.8291|447.7832|682.4316
74003|9.7|17.6|900192|785.8051|460.7498|692.4316
74003|9.7|17.6|900192|764.2913|468.9473|702.4316
74003|9.7|17.6|900192|741.5325|474.7602|712.4316
74003|9.7|17.6|900192|718.0986|476.3738|722.4316
74003|9.7|17.6|900192|695.1818|473.1655|732.4316
74003|9.7|17.6|900192|671.5898|465.758|742.4316
74003|9.7|17.6|900192|650.9523|455.2906|752.4316
74003|9.7|17.6|900192|632.6467|440.5714|762.4316
74003|9.7|17.6|900192|617.2955|422.7924|772.4316
74003|9.7|17.6|900192|604.3289|403.7684|782.4316
74003|9.7|17.6|900192|596.1313|382.2546|792.4316
74003|9.7|17.6|900192|590.3185|359.4958|802.4316
74003|9.7|17.6|900192|588.7049|336.0619|812.4316
74003|9.7|17.6|900192|591.9131|313.1451|822.4316
74003|9.7|17.6|900192|599.3207|289.5532|832.4316
74003|9.7|17.6|900192|609.788|268.9156|842.4316
74003|9.7|17.6|900192|624.5073|250.61|852.4316
74003|9.7|17.6|900192|642.2863|235.2588|862.4316
74003|10.2|18.1|900192|785.0573|461.1373|332.7904
74003|10.2|18.1|900192|763.4926|469.1999|342.7905
74003|10.2|18.1|900192|740.6978|474.8701|352.7904
74003|10.2|18.1|900192|717.2542|476.3369|362.7905
74003|10.2|18.1|900192|694.358|472.9853|372.7904
74003|10.2|18.1|900192|670.8129|465.4301|382.7904
74003|10.2|18.1|900192|650.2413|454.8338|392.7905
74003|10.2|18.1|900192|632.0283|440.0002|402.7904
74003|10.2|18.1|900192|616.7887|422.1254|412.7904
74003|10.2|18.1|900192|603.9414|403.0206|422.7904
74003|10.2|18.1|900192|595.8788|381.4559|432.7904
74003|10.2|18.1|900192|590.2085|358.6611|442.7904
74003|10.2|18.1|900192|588.7418|335.2175|452.7905
74003|10.2|18.1|900192|592.0934|312.3213|462.7904
74003|10.2|18.1|900192|599.6486|288.7762|472.7904
74003|10.2|18.1|900192|610.2449|268.2047|482.7904
74003|10.2|18.1|900192|625.0785|249.9916|492.7904
74003|10.2|18.1|900192|642.9533|234.752|502.7904
74003|10.2|18.1|900192|662.058|221.9047|512.7905
74003|10.2|18.1|900192|683.6228|213.8421|522.7905
74003|10.2|18.1|900192|706.4175|208.1718|532.7904
74003|10.2|18.1|900192|729.8611|206.7051|542.7904
74003|10.2|18.1|900192|752.7574|210.0567|552.7905
74003|10.2|18.1|900192|776.3024|217.6119|562.7905
74003|10.2|18.1|900192|796.874|228.2082|572.7905
74003|10.2|18.1|900192|815.0871|243.0418|582.7904
74003|10.2|18.1|900192|830.3267|260.9166|592.7905
74003|10.2|18.1|900192|843.174|280.0214|602.7905
74003|10.2|18.1|900192|851.2365|301.5861|612.7905
74003|10.2|18.1|900192|856.9069|324.3809|622.7904
74003|10.2|18.1|900192|858.3736|347.8245|632.7905
74003|10.2|18.1|900192|855.022|370.7207|642.7904
74003|10.2|18.1|900192|847.4668|394.2657|652.7905
74003|10.2|18.1|900192|836.8705|414.8373|662.7905
74003|10.2|18.1|900192|822.0369|433.0504|672.7904
74003|10.2|18.1|900192|804.162|448.29|682.7904
74003|10.7|18.6|900192|651.0128|228.2625|507.3594
74003|10.7|18.6|900192|671.7177|218.195|517.3594
74003|10.7|18.6|900192|693.8734|210.3928|527.3594
74003|10.7|18.6|900192|717.0729|206.7137|537.3594
74003|10.7|18.6|900192|740.1835|207.8832|547.3594
74003|10.7|18.6|900192|764.338|213.176|557.3594
74003|10.7|18.6|900192|785.8201|221.7777|567.3594
74003|10.7|18.6|900192|805.3554|234.8209|577.3594
74003|10.7|18.6|900192|822.2184|251.1731|587.3594
74003|10.7|18.6|900192|836.8162|268.9761|597.3594
74003|10.7|18.6|900192|846.8837|289.6809|607.3594
74003|10.7|18.6|900192|854.6859|311.8367|617.3594
74003|10.7|18.6|900192|858.365|335.0362|627.3594
74003|10.7|18.6|900192|857.1954|358.1469|637.3594
74003|10.7|18.6|900192|851.9027|382.3013|647.3594
74003|10.7|18.6|900192|843.301|403.7834|657.3594
74003|10.7|18.6|900192|830.2578|423.3187|667.3594
74003|10.7|18.6|900192|813.9056|440.1817|677.3594
74003|10.7|18.6|900192|796.1026|454.7795|687.3594
74003|10.7|18.6|900192|775.3977|464.847|697.3594
74003|10.7|18.6|900192|753.242|472.6492|707.3594
74003|10.7|18.6|900192|730.0425|476.3283|717.3594
74003|10.7|18.6|900192|706.9318|475.1588|727.3594
74003|10.7|18.6|900192|682.7774|469.866|737.3594
74003|10.7|18.6|900192|661.2952|461.2643|747.3594
74003|10.7|18.6|900192|641.7599|448.2211|757.3594
74003|10.7|18.6|900192|624.897|431.8689|767.3594
74003|10.7|18.6|900192|610.2992|414.0659|777.3594
74003|10.7|18.6|900192|600.2317|393.3611|787.3594
74003|10.7|18.6|900192|592.4294|371.2053|797.3594
74003|10.7|18.6|900192|588.7504|348.0058|807.3594
74003|10.7|18.6|900192|589.9199|324.8951|817.3594
74003|10.7|18.6|900192|595.2126|300.7407|827.3594
74003|10.7|18.6|900192|603.8144|279.2586|837.3594
74003|10.7|18.6|900192|616.8576|259.7233|847.3594
74003|10.7|18.6|900192|633.2097|242.8603|857.3594
74003|11.2|19.1|900192|785.6357|460.8381|332.513
74003|11.2|19.1|900192|764.1103|469.005|342.513
74003|11.2|19.1|900192|741.3433|474.7856|352.513
74003|11.2|19.1|900192|717.907|476.3659|362.513
74003|11.2|19.1|900192|694.9949|473.1251|372.513
74003|11.2|19.1|900192|671.4135|465.684|382.513
74003|11.2|19.1|900192|650.7908|455.1874|392.513
74003|11.2|19.1|900192|632.5062|440.4422|402.513
74003|11.2|19.1|900192|617.1802|422.6414|412.513
74003|11.2|19.1|900192|604.2406|403.5991|422.513
74003|11.2|19.1|900192|596.0737|382.0736|432.513
74003|11.2|19.1|900192|590.2931|359.3065|442.513
74003|11.2|19.1|900192|588.7128|335.8704|452.513
74003|11.2|19.1|900192|591.9536|312.9582|462.513
74003|11.2|19.1|900192|599.3947|289.3768|472.513
74003|11.2|19.1|900192|609.8912|268.7542|482.513
74003|11.2|19.1|900192|624.6365|250.4695|492.513
74003|11.2|19.1|900192|642.4373|235.1435|502.513
74003|11.2|19.1|900192|661.4796|222.2039|512.5131
74003|11.2|19.1|900192|683.0051|214.037|522.5131
74003|11.2|19.1|900192|705.7721|208.2564|532.513
74003|11.2|19.1|900192|729.2083|206.6761|542.513
74003|11.2|19.1|900192|752.1205|209.9169|552.5131
74003|11.2|19.1|900192|775.7018|217.358|562.5131
74003|11.2|19.1|900192|796.3245|227.8546|572.5131
74003|11.2|19.1|900192|814.6092|242.5998|582.513
74003|11.2|19.1|900192|829.9351|260.4006|592.5131
74003|11.2|19.1|900192|842.8748|279.4429|602.5131
74003|11.2|19.1|900192|851.0417|300.9684|612.5131
74003|11.2|19.1|900192|856.8223|323.7354|622.513
74003|11.2|19.1|900192|858.4026|347.1716|632.5131
74003|11.2|19.1|900192|855.1617|370.0838|642.513
74003|11.2|19.1|900192|847.7207|393.6652|652.5131
74003|11.2|19.1|900192|837.2241|414.2878|662.5131
74003|11.2|19.1|900192|822.4789|432.5725|672.513
74003|11.2|19.1|900192|804.6781|447.8985|682.513