18
74215|0|18.00|7010802|1576|771|-160
74003|5.1|12|900145|889.1952|287.2122|340
74003|5.1|12|900145|898.4187|391.204|370
74003|5.1|12|900145|854.2059|486.0187|400
74003|5.1|12|900145|768.6148|545.7978|430
74003|5.1|12|900145|664.6229|555.0214|460
74003|5.1|12|900145|569.8082|510.8086|490
74003|5.1|12|900145|510.0292|425.2174|520
74003|5.1|12|900145|500.8056|321.2256|550
74003|5.1|12|900145|545.0184|226.4109|580
74003|5.1|12|900145|630.6096|166.6318|610
74003|5.1|12|900145|734.6014|157.4083|640
74003|5.1|12|900145|829.4161|201.6211|670
74003|5.6|12.5|900145|889.1952|287.2122|340
74003|5.6|12.5|900145|898.4187|391.204|370
74003|5.6|12.5|900145|854.2059|486.0187|400
74003|5.6|12.5|900145|768.6148|545.7978|430
74003|5.6|12.5|900145|664.6229|555.0214|460
74003|5.6|12.5|900145|569.8082|510.8086|490
74003|5.6|12.5|900145|510.0292|425.2174|520
74003|5.6|12.5|900145|500.8056|321.2256|550
74003|5.6|12.5|900145|545.0184|226.4109|580
74003|5.6|12.5|900145|630.6096|166.6318|610
74003|5.6|12.5|900145|734.6014|157.4083|640
74003|5.6|12.5|900145|829.4161|201.6211|670
74003|6.1|13|900145|889.1952|287.2122|340
74003|6.1|13|900145|898.4187|391.204|370
74003|6.1|13|900145|854.2059|486.0187|400
74003|6.1|13|900145|768.6148|545.7978|430
74003|6.1|13|900145|664.6229|555.0214|460
74003|6.1|13|900145|569.8082|510.8086|490
74003|6.1|13|900145|510.0292|425.2174|520
74003|6.1|13|900145|500.8056|321.2256|550
74003|6.1|13|900145|545.0184|226.4109|580
74003|6.1|13|900145|630.6096|166.6318|610
74003|6.1|13|900145|734.6014|157.4083|640
74003|6.1|13|900145|829.4161|201.6211|670
74003|6.6|13.5|900145|889.1952|287.2122|340
74003|6.6|13.5|900145|898.4187|391.204|370
74003|6.6|13.5|900145|854.2059|486.0187|400
74003|6.6|13.5|900145|768.6148|545.7978|430
74003|6.6|13.5|900145|664.6229|555.0214|460
74003|6.6|13.5|900145|569.8082|510.8086|490
74003|6.6|13.5|900145|510.0292|425.2174|520
74003|6.6|13.5|900145|500.8056|321.2256|550
74003|6.6|13.5|900145|545.0184|226.4109|580
74003|6.6|13.5|900145|630.6096|166.6318|610
74003|6.6|13.5|900145|734.6014|157.4083|640
74003|6.6|13.5|900145|829.4161|201.6211|670
74003|7.1|14|900145|889.1952|287.2122|340
74003|7.1|14|900145|898.4187|391.204|370
74003|7.1|14|900145|854.2059|486.0187|400
74003|7.1|14|900145|768.6148|545.7978|430
74003|7.1|14|900145|664.6229|555.0214|460
74003|7.1|14|900145|569.8082|510.8086|490
74003|7.1|14|900145|510.0292|425.2174|520
74003|7.1|14|900145|500.8056|321.2256|550
74003|7.1|14|900145|545.0184|226.4109|580
74003|7.1|14|900145|630.6096|166.6318|610
74003|7.1|14|900145|734.6014|157.4083|640
74003|7.1|14|900145|829.4161|201.6211|670
74003|7.6|14.5|900145|889.1952|287.2122|340
74003|7.6|14.5|900145|898.4187|391.204|370
74003|7.6|14.5|900145|854.2059|486.0187|400
74003|7.6|14.5|900145|768.6148|545.7978|430
74003|7.6|14.5|900145|664.6229|555.0214|460
74003|7.6|14.5|900145|569.8082|510.8086|490
74003|7.6|14.5|900145|510.0292|425.2174|520
74003|7.6|14.5|900145|500.8056|321.2256|550
74003|7.6|14.5|900145|545.0184|226.4109|580
74003|7.6|14.5|900145|630.6096|166.6318|610
74003|7.6|14.5|900145|734.6014|157.4083|640
74003|7.6|14.5|900145|829.4161|201.6211|670