17.5
74207|0.00|15.00|7010823|-438|-51|20
74007|4.00|15.00|900067|713.1552|272.0136|340
74004|4|15|900067|689.9823|404.9726|400
74007|4.00|15.00|900067|563.5937|450.9743|460
74004|4|15|900067|460.3778|364.0171|520
74007|4.00|15.00|900067|483.5507|231.0581|580
74004|4|15|900067|609.9393|185.0563|640
74007|4.10|15.10|900067|718.4476|294.4197|350
74004|4.1|15.1|900067|672.9802|421.1801|410
74007|4.10|15.10|900067|541.2991|444.7757|470
74004|4.1|15.1|900067|455.0853|341.611|530
74007|4.10|15.10|900067|500.5527|214.8506|590
74004|4.1|15.1|900067|632.2339|191.255|650
74007|4.2|15.2|900067|721.2124|317.7458|360
74004|4.2|15.2|900067|653.3342|434.0559|420
74007|4.2|15.2|900067|518.8883|434.3254|480
74004|4.2|15.2|900067|452.3206|318.2848|540
74007|4.2|15.2|900067|520.1987|201.9747|600
74004|4.2|15.2|900067|654.6447|201.7052|660
74007|4.3|15.3|900067|719.7255|341.1881|370
74004|4.3|15.3|900067|632.7682|444.404|430
74007|4.3|15.3|900067|499.8092|421.2311|490
74004|4.3|15.3|900067|453.8075|294.8425|550
74007|4.3|15.3|900067|540.7648|191.6267|610
74004|4.3|15.3|900067|673.7238|214.7995|670
74007|4.4|15.4|900067|713.5269|363.4827|380
74004|4.4|15.4|900067|610.3621|449.6965|440
74007|4.4|15.4|900067|483.6017|404.2291|500
74004|4.4|15.4|900067|460.0061|272.5479|560
74007|4.4|15.4|900067|563.1708|186.3342|620
74004|4.4|15.4|900067|689.9312|231.8015|680
74007|4.5|15.5|900067|703.0765|385.8935|390
74004|4.5|15.5|900067|587.0359|452.4612|450
74007|4.5|15.5|900067|470.7259|384.5831|510
74004|4.5|15.5|900067|470.4564|250.1372|570
74007|4.5|15.5|900067|586.497|183.5694|630
74004|4.5|15.5|900067|702.8071|251.4475|690
74004|4.6|15.6|900067|713.1552|272.0136|340
74007|4.6|15.6|900067|689.9823|404.9726|400
74004|4.6|15.6|900067|563.5937|450.9743|460
74007|4.6|15.6|900067|460.3778|364.0171|520
74004|4.6|15.6|900067|483.5507|231.0581|580
74007|4.6|15.6|900067|609.9393|185.0563|640
74004|4.7|15.7|900067|718.4476|294.4197|350
74007|4.7|15.7|900067|672.9802|421.1801|410
74004|4.7|15.7|900067|541.2991|444.7757|470
74007|4.7|15.7|900067|455.0853|341.611|530
74004|4.7|15.7|900067|500.5527|214.8506|590
74007|4.7|15.7|900067|632.2339|191.255|650
74004|4.8|15.8|900067|721.2124|317.7458|360
74007|4.8|15.8|900067|653.3342|434.0559|420
74004|4.8|15.8|900067|518.8883|434.3254|480
74007|4.8|15.8|900067|452.3206|318.2848|540
74004|4.8|15.8|900067|520.1987|201.9747|600
74007|4.8|15.8|900067|654.6447|201.7052|660
74004|4.9|15.9|900067|719.7255|341.1881|370
74007|4.9|15.9|900067|632.7682|444.404|430
74004|4.9|15.9|900067|499.8092|421.2311|490
74007|4.9|15.9|900067|453.8075|294.8425|550
74004|4.9|15.9|900067|540.7648|191.6267|610
74007|4.9|15.9|900067|673.7238|214.7995|670
74004|5|16|900067|713.5269|363.4827|380
74007|5|16|900067|610.3621|449.6965|440
74004|5|16|900067|483.6017|404.2291|500
74007|5|16|900067|460.0061|272.5479|560
74004|5|16|900067|563.1708|186.3342|620
74007|5|16|900067|689.9312|231.8015|680
74004|5.1|16.1|900067|703.0765|385.8935|390
74007|5.1|16.1|900067|587.0359|452.4612|450
74004|5.1|16.1|900067|470.7259|384.5831|510
74007|5.1|16.1|900067|470.4564|250.1372|570
74004|5.1|16.1|900067|586.497|183.5694|630
74007|5.1|16.1|900067|702.8071|251.4475|690
74007|5.2|16.2|900067|713.1552|272.0136|340
74004|5.2|16.2|900067|689.9823|404.9726|400
74007|5.2|16.2|900067|563.5937|450.9743|460
74004|5.2|16.2|900067|460.3778|364.0171|520
74007|5.2|16.2|900067|483.5507|231.0581|580
74004|5.2|16.2|900067|609.9393|185.0563|640
74007|5.3|16.3|900067|718.4476|294.4197|350
74004|5.3|16.3|900067|672.9802|421.1801|410
74007|5.3|16.3|900067|541.2991|444.7757|470
74004|5.3|16.3|900067|455.0853|341.611|530
74007|5.3|16.3|900067|500.5527|214.8506|590
74004|5.3|16.3|900067|632.2339|191.255|650
74007|5.4|16.4|900067|721.2124|317.7458|360
74004|5.4|16.4|900067|653.3342|434.0559|420
74007|5.4|16.4|900067|518.8883|434.3254|480
74004|5.4|16.4|900067|452.3206|318.2848|540
74007|5.4|16.4|900067|520.1987|201.9747|600
74004|5.4|16.4|900067|654.6447|201.7052|660
74007|5.5|16.5|900067|719.7255|341.1881|370
74004|5.5|16.5|900067|632.7682|444.404|430
74007|5.5|16.5|900067|499.8092|421.2311|490
74004|5.5|16.5|900067|453.8075|294.8425|550
74007|5.5|16.5|900067|540.7648|191.6267|610
74004|5.5|16.5|900067|673.7238|214.7995|670
74007|5.6|16.6|900067|713.5269|363.4827|380
74004|5.6|16.6|900067|610.3621|449.6965|440
74007|5.6|16.6|900067|483.6017|404.2291|500
74004|5.6|16.6|900067|460.0061|272.5479|560
74007|5.6|16.6|900067|563.1708|186.3342|620
74004|5.6|16.6|900067|689.9312|231.8015|680
74007|5.7|16.7|900067|703.0765|385.8935|390
74004|5.7|16.7|900067|587.0359|452.4612|450
74007|5.7|16.7|900067|470.7259|384.5831|510
74004|5.7|16.7|900067|470.4564|250.1372|570
74007|5.7|16.7|900067|586.497|183.5694|630
74004|5.7|16.7|900067|702.8071|251.4475|690
74004|5.8|16.8|900067|713.1552|272.0136|340
74007|5.8|16.8|900067|689.9823|404.9726|400
74004|5.8|16.8|900067|563.5937|450.9743|460
74007|5.8|16.8|900067|460.3778|364.0171|520
74004|5.8|16.8|900067|483.5507|231.0581|580
74007|5.8|16.8|900067|609.9393|185.0563|640
74004|5.9|16.9|900067|718.4476|294.4197|350
74007|5.9|16.9|900067|672.9802|421.1801|410
74004|5.9|16.9|900067|541.2991|444.7757|470
74007|5.9|16.9|900067|455.0853|341.611|530
74004|5.9|16.9|900067|500.5527|214.8506|590
74007|5.9|16.9|900067|632.2339|191.255|650
74004|6|17|900067|721.2124|317.7458|360
74007|6|17|900067|653.3342|434.0559|420
74004|6|17|900067|518.8883|434.3254|480
74007|6|17|900067|452.3206|318.2848|540
74004|6|17|900067|520.1987|201.9747|600
74007|6|17|900067|654.6447|201.7052|660
74004|6.1|17.1|900067|719.7255|341.1881|370
74007|6.1|17.1|900067|632.7682|444.404|430
74004|6.1|17.1|900067|499.8092|421.2311|490
74007|6.1|17.1|900067|453.8075|294.8425|550
74004|6.1|17.1|900067|540.7648|191.6267|610
74007|6.1|17.1|900067|673.7238|214.7995|670
74004|6.2|17.2|900067|713.5269|363.4827|380
74007|6.2|17.2|900067|610.3621|449.6965|440
74004|6.2|17.2|900067|483.6017|404.2291|500
74007|6.2|17.2|900067|460.0061|272.5479|560
74004|6.2|17.2|900067|563.1708|186.3342|620
74007|6.2|17.2|900067|689.9312|231.8015|680
74004|6.3|17.3|900067|703.0765|385.8935|390
74007|6.3|17.3|900067|587.0359|452.4612|450
74004|6.3|17.3|900067|470.7259|384.5831|510
74007|6.3|17.3|900067|470.4564|250.1372|570
74004|6.3|17.3|900067|586.497|183.5694|630
74007|6.3|17.3|900067|702.8071|251.4475|690
74007|6.4|17.4|900067|713.1552|272.0136|340
74004|6.4|17.4|900067|689.9823|404.9726|400
74007|6.4|17.4|900067|563.5937|450.9743|460
74004|6.4|17.4|900067|460.3778|364.0171|520
74007|6.4|17.4|900067|483.5507|231.0581|580
74004|6.4|17.4|900067|609.9393|185.0563|640
74007|6.5|17.5|900067|718.4476|294.4197|350
74004|6.5|17.5|900067|672.9802|421.1801|410
74007|6.5|17.5|900067|541.2991|444.7757|470
74004|6.5|17.5|900067|455.0853|341.611|530
74007|6.5|17.5|900067|500.5527|214.8506|590