25
74215|0|25.00|7010724|1578|-59|520
74007|5.1|12|900187|792.9674|249.5082|400
74007|5.1|12|900187|802.191|353.5001|430
74007|5.1|12|900187|757.9782|448.3148|460
74007|5.1|12|900187|672.3871|508.0938|490
74007|5.1|12|900187|568.3952|517.3174|520
74007|5.1|12|900187|473.5805|473.1046|550
74007|5.1|12|900187|413.8015|387.5134|580
74007|5.1|12|900187|404.5779|283.5216|610
74007|5.1|12|900187|448.7907|188.7069|640
74007|5.1|12|900187|534.3818|128.9279|670
74007|5.1|12|900187|638.3737|119.7043|700
74007|5.1|12|900187|733.1884|163.9171|730
74007|5.5|12.4|900187|792.9674|249.5082|400
74007|5.5|12.4|900187|802.191|353.5001|430
74007|5.5|12.4|900187|757.9782|448.3148|460
74007|5.5|12.4|900187|672.3871|508.0938|490
74007|5.5|12.4|900187|568.3952|517.3174|520
74007|5.5|12.4|900187|473.5805|473.1046|550
74007|5.5|12.4|900187|413.8015|387.5134|580
74007|5.5|12.4|900187|404.5779|283.5216|610
74007|5.5|12.4|900187|448.7907|188.7069|640
74007|5.5|12.4|900187|534.3818|128.9279|670
74007|5.5|12.4|900187|638.3737|119.7043|700
74007|5.5|12.4|900187|733.1884|163.9171|730
74007|5.9|12.8|900187|792.9674|249.5082|400
74007|5.9|12.8|900187|802.191|353.5001|430
74007|5.9|12.8|900187|757.9782|448.3148|460
74007|5.9|12.8|900187|672.3871|508.0938|490
74007|5.9|12.8|900187|568.3952|517.3174|520
74007|5.9|12.8|900187|473.5805|473.1046|550
74007|5.9|12.8|900187|413.8015|387.5134|580
74007|5.9|12.8|900187|404.5779|283.5216|610
74007|5.9|12.8|900187|448.7907|188.7069|640
74007|5.9|12.8|900187|534.3818|128.9279|670
74007|5.9|12.8|900187|638.3737|119.7043|700
74007|5.9|12.8|900187|733.1884|163.9171|730
74017|10|16.9|900187|792.9674|249.5082|400
74017|10|16.9|900187|757.9782|448.3148|460
74017|10|16.9|900187|568.3952|517.3174|520
74017|10|16.9|900187|413.8015|387.5134|580
74017|10|16.9|900187|448.7907|188.7069|640
74017|10|16.9|900187|638.3737|119.7043|700
74017|10.6|17.5|900187|792.9674|249.5082|400
74017|10.6|17.5|900187|757.9782|448.3148|460
74017|10.6|17.5|900187|568.3952|517.3174|520
74017|10.6|17.5|900187|413.8015|387.5134|580
74017|10.6|17.5|900187|448.7907|188.7069|640
74017|10.6|17.5|900187|638.3737|119.7043|700
74025|13.7|20.6|900188|792.9674|249.5082|430
74025|13.7|20.6|900188|568.3952|517.3174|550
74025|13.7|20.6|900188|448.7907|188.7069|670