20
74207|0|20.00|7011011|568|320|280
74004|6|12|900147|583.8425|240.8703|551.3214
74004|6|12|900147|644.764|294.2181|611.3214
74004|6|12|900147|628.9216|373.3478|311.3214
74004|6|12|900147|552.1575|399.1297|371.3214
74004|6|12|900147|491.2359|345.7819|431.3214
74004|6|12|900147|507.0784|266.6522|491.3214
74004|6.2|12.2|900147|646.7263|302.261|617.3019
74004|6.2|12.2|900147|622.796|379.6223|677.3019
74004|6.2|12.2|900147|544.0698|397.3613|377.3019
74004|6.2|12.2|900147|489.2738|337.739|437.3019
74004|6.2|12.2|900147|513.204|260.3777|497.3019
74004|6.2|12.2|900147|591.9302|242.6387|557.3019
74004|6.4|12.4|900147|607.0028|390.6489|331.0984
74004|6.4|12.4|900147|526.0368|389.2569|391.0984
74004|6.4|12.4|900147|487.034|318.608|91.09845
74004|6.4|12.4|900147|528.9972|249.3511|151.0984
74004|6.4|12.4|900147|609.9632|250.7431|211.0984
74004|6.4|12.4|900147|648.966|321.392|271.0984
74004|6.6|12.6|900147|511.5381|377.6589|404.399
74004|6.6|12.6|900147|489.6058|299.7076|464.399
74004|6.6|12.6|900147|546.0677|242.0487|164.399
74004|6.6|12.6|900147|624.4619|262.3411|224.399
74004|6.6|12.6|900147|646.3942|340.2924|284.399
74004|6.6|12.6|900147|589.9323|397.9513|344.399
74004|6.8|12.8|900147|497.333|281.0299|478.875
74004|6.8|12.8|900147|566.5705|239.0347|538.875
74004|6.8|12.8|900147|637.2375|278.0048|238.875
74004|6.8|12.8|900147|638.667|358.9701|298.875
74004|6.8|12.8|900147|569.4295|400.9653|358.875
74004|6.8|12.8|900147|498.7625|361.9952|418.875
74004|7|13|900147|578.698|240.0122|547.6178
74004|7|13|900147|642.9384|289.3134|607.6178
74004|7|13|900147|632.2404|369.3011|307.6178
74004|7|13|900147|557.302|399.9878|367.6178
74004|7|13|900147|493.0616|350.6866|427.6178
74004|7|13|900147|503.7596|270.6989|487.6178
74004|7.2|13.2|900147|647.6168|306.8223|620.6019
74004|7.2|13.2|900147|619.2731|382.6778|680.6019
74004|7.2|13.2|900147|539.6562|395.8555|380.6019
74004|7.2|13.2|900147|488.3832|333.1777|440.6019
74004|7.2|13.2|900147|516.7269|257.3222|500.6019
74004|7.2|13.2|900147|596.3438|244.1445|560.6019
74004|7.4|13.4|900147|608.0968|390.0338|330.2073
74004|7.4|13.4|900147|527.119|389.9011|390.2073
74004|7.4|13.4|900147|487.0222|319.8673|90.20736
74004|7.4|13.4|900147|527.9032|249.9662|150.2074
74004|7.4|13.4|900147|608.881|250.0989|210.2074
74004|7.4|13.4|900147|648.9778|320.1327|270.2073
74004|7.6|13.6|900147|513.3334|379.3637|402.6412
74004|7.6|13.6|900147|489.0203|302.1219|462.6412
74004|7.6|13.6|900147|543.6869|242.7582|162.6412
74004|7.6|13.6|900147|622.6666|260.6363|222.6412
74004|7.6|13.6|900147|646.9797|337.8781|282.6412
74004|7.6|13.6|900147|592.3131|397.2418|342.6412
74004|7.8|13.8|900147|494.6696|286.3082|474.6765
74004|7.8|13.8|900147|560.6467|239.3566|534.6765
74004|7.8|13.8|900147|633.9771|273.0485|234.6765
74004|7.8|13.8|900147|641.3304|353.6918|294.6765
74004|7.8|13.8|900147|575.3533|400.6434|354.6765
74004|7.8|13.8|900147|502.0229|366.9515|414.6765
74004|8|14|900147|579.6206|240.1411|548.2792
74004|8|14|900147|643.2876|290.1805|608.2792
74004|8|14|900147|631.667|370.0394|308.2792
74004|8|14|900147|556.3794|399.8589|368.2792
74004|8|14|900147|492.7124|349.8195|428.2792
74004|8|14|900147|504.333|269.9606|488.2792
74004|8.2|14.2|900147|647.9683|309.1576|622.2787
74004|8.2|14.2|900147|617.4171|384.1512|682.2787
74004|8.2|14.2|900147|537.4487|394.9937|382.2787
74004|8.2|14.2|900147|488.0317|330.8424|442.2787
74004|8.2|14.2|900147|518.5829|255.8488|502.2787
74004|8.2|14.2|900147|598.5513|245.0063|562.2787
74004|8.4|14.4|900147|608.7107|389.6788|329.7039
74004|8.4|14.4|900147|527.7348|390.2577|389.7039
74004|8.4|14.4|900147|487.0241|320.5789|89.70386
74004|8.4|14.4|900147|527.2893|250.3212|149.7039
74004|8.4|14.4|900147|608.2652|249.7423|209.7039
74004|8.4|14.4|900147|648.9759|319.4211|269.7038
74004|8.6|14.6|900147|512.5084|378.5932|403.4427
74004|8.6|14.6|900147|489.278|301.0189|463.4427
74004|8.6|14.6|900147|544.7697|242.4256|163.4427
74004|8.6|14.6|900147|623.4916|261.4068|223.4427
74004|8.6|14.6|900147|646.7219|338.9811|283.4427
74004|8.6|14.6|900147|591.2303|397.5744|343.4427
74004|8.8|14.8|900147|496.27|283.0231|477.2711
74004|8.8|14.8|900147|564.3049|239.1064|537.2711
74004|8.8|14.8|900147|636.0349|276.0833|237.2711
74004|8.8|14.8|900147|639.73|356.9769|297.2711
74004|8.8|14.8|900147|571.6951|400.8936|357.2711
74004|8.8|14.8|900147|499.9651|363.9167|417.2711
74004|9|15|900147|576.7306|239.7737|546.2108
74004|9|15|900147|642.1622|287.4824|606.2108
74004|9|15|900147|633.4316|367.7088|306.2108
74004|9|15|900147|559.2694|400.2263|366.2108
74004|9|15|900147|493.8378|352.5176|426.2108
74004|9|15|900147|502.5684|272.2912|486.2108
74004|9.2|15.2|900147|647.5491|306.4198|620.3121
74004|9.2|15.2|900147|619.5894|382.4177|680.3121
74004|9.2|15.2|900147|540.0402|395.9979|380.3122
74004|9.2|15.2|900147|488.4508|333.5802|440.3122
74004|9.2|15.2|900147|516.4106|257.5823|500.3122
74004|9.2|15.2|900147|595.9598|244.0021|560.3121
74004|9.4|15.4|900147|603.1475|392.6439|334.1808
74004|9.4|15.4|900147|522.3735|386.9003|394.1808
74004|9.4|15.4|900147|487.226|314.2564|94.18079
74004|9.4|15.4|900147|532.8525|247.3561|154.1808
74004|9.4|15.4|900147|613.6265|253.0997|214.1808
74004|9.4|15.4|900147|648.774|325.7436|274.1808