18
74215|0|18.00|7010784|981|-355|495
74007|5.1|12|900145|942.4871|207.5126|315
74007|5.1|12|900145|994.7953|297.8632|345
74007|5.1|12|900145|994.7953|402.4796|375
74007|5.1|12|900145|942.4871|492.8302|405
74007|5.1|12|900145|852.1365|545.1384|435
74007|5.1|12|900145|747.52|545.1384|465
74007|5.1|12|900145|657.1694|492.8303|495
74007|5.1|12|900145|604.8612|402.4797|525
74007|5.1|12|900145|604.8612|297.8633|555
74007|5.1|12|900145|657.1694|207.5127|585
74007|5.1|12|900145|747.52|155.2045|615
74007|5.1|12|900145|852.1365|155.2044|645
74007|5.6|12.5|900145|942.4871|207.5126|315
74007|5.6|12.5|900145|994.7953|297.8632|345
74007|5.6|12.5|900145|994.7953|402.4796|375
74007|5.6|12.5|900145|942.4871|492.8302|405
74007|5.6|12.5|900145|852.1365|545.1384|435
74007|5.6|12.5|900145|747.52|545.1384|465
74007|5.6|12.5|900145|657.1694|492.8303|495
74007|5.6|12.5|900145|604.8612|402.4797|525
74007|5.6|12.5|900145|604.8612|297.8633|555
74007|5.6|12.5|900145|657.1694|207.5127|585
74007|5.6|12.5|900145|747.52|155.2045|615
74007|5.6|12.5|900145|852.1365|155.2044|645
74007|6.1|13|900145|942.4871|207.5126|315
74007|6.1|13|900145|994.7953|297.8632|345
74007|6.1|13|900145|994.7953|402.4796|375
74007|6.1|13|900145|942.4871|492.8302|405
74007|6.1|13|900145|852.1365|545.1384|435
74007|6.1|13|900145|747.52|545.1384|465
74007|6.1|13|900145|657.1694|492.8303|495
74007|6.1|13|900145|604.8612|402.4797|525
74007|6.1|13|900145|604.8612|297.8633|555
74007|6.1|13|900145|657.1694|207.5127|585
74007|6.1|13|900145|747.52|155.2045|615
74007|6.1|13|900145|852.1365|155.2044|645
74007|6.6|13.5|900145|942.4871|207.5126|315
74007|6.6|13.5|900145|994.7953|297.8632|345
74007|6.6|13.5|900145|994.7953|402.4796|375
74007|6.6|13.5|900145|942.4871|492.8302|405
74007|6.6|13.5|900145|852.1365|545.1384|435
74007|6.6|13.5|900145|747.52|545.1384|465
74007|6.6|13.5|900145|657.1694|492.8303|495
74007|6.6|13.5|900145|604.8612|402.4797|525
74007|6.6|13.5|900145|604.8612|297.8633|555
74007|6.6|13.5|900145|657.1694|207.5127|585
74007|6.6|13.5|900145|747.52|155.2045|615
74007|6.6|13.5|900145|852.1365|155.2044|645
74007|7.1|14|900145|942.4871|207.5126|315
74007|7.1|14|900145|994.7953|297.8632|345
74007|7.1|14|900145|994.7953|402.4796|375
74007|7.1|14|900145|942.4871|492.8302|405
74007|7.1|14|900145|852.1365|545.1384|435
74007|7.1|14|900145|747.52|545.1384|465
74007|7.1|14|900145|657.1694|492.8303|495
74007|7.1|14|900145|604.8612|402.4797|525
74007|7.1|14|900145|604.8612|297.8633|555
74007|7.1|14|900145|657.1694|207.5127|585
74007|7.1|14|900145|747.52|155.2045|615
74007|7.1|14|900145|852.1365|155.2044|645
74007|7.6|14.5|900145|942.4871|207.5126|315
74007|7.6|14.5|900145|994.7953|297.8632|345
74007|7.6|14.5|900145|994.7953|402.4796|375
74007|7.6|14.5|900145|942.4871|492.8302|405
74007|7.6|14.5|900145|852.1365|545.1384|435
74007|7.6|14.5|900145|747.52|545.1384|465
74007|7.6|14.5|900145|657.1694|492.8303|495
74007|7.6|14.5|900145|604.8612|402.4797|525
74007|7.6|14.5|900145|604.8612|297.8633|555
74007|7.6|14.5|900145|657.1694|207.5127|585
74007|7.6|14.5|900145|747.52|155.2045|615
74007|7.6|14.5|900145|852.1365|155.2044|645