25.8
74207|0.00|25.00|7010953|189|-631|80
74006|4|12|900146|382.28|243.0429|315.0506
74006|4|12|900146|477.2403|407.8551|405.0506
74006|4|12|900146|312.4281|502.8154|495.0506
74006|4|12|900146|217.4678|338.0032|585.0506
74006|4.2|12.2|900146|480.606|354.6485|382.1884
74006|4.2|12.2|900146|365.6347|506.1811|472.1884
74006|4.2|12.2|900146|214.1021|391.2098|562.1884
74006|4.2|12.2|900146|329.0734|239.6773|652.1884
74006|4.4|12.4|900146|399.9645|496.7128|96.97356
74006|4.4|12.4|900146|223.5704|425.5397|186.9736
74006|4.4|12.4|900146|294.7435|249.1455|276.9736
74006|4.4|12.4|900146|471.1377|320.3187|366.9736
74006|4.6|12.6|900146|245.7662|461.0777|169.0516
74006|4.6|12.6|900146|259.2055|271.3413|259.0516
74006|4.6|12.6|900146|448.9418|284.7806|349.0516
74006|4.6|12.6|900146|435.5026|474.517|439.0516
74006|4.8|12.8|900146|231.9376|303.8691|240.8944
74006|4.8|12.8|900146|416.4141|257.5127|330.8944
74006|4.8|12.8|900146|462.7705|441.9892|420.8944
74006|4.8|12.8|900146|278.294|488.3456|510.8944
74006|5|13|900146|377.2607|241.7962|312.8474
74006|5|13|900146|478.4869|402.8358|402.8474
74006|5|13|900146|317.4474|504.0621|492.8474
74006|5|13|900146|216.2211|343.0225|582.8474
74006|5.2|13.2|900146|480.794|356.076|382.8018
74006|5.2|13.2|900146|364.2072|506.3691|472.8018
74006|5.2|13.2|900146|213.9141|389.7824|562.8018
74006|5.2|13.2|900146|330.5008|239.4892|652.8018
74006|5.4|13.4|900146|405.071|494.4159|94.58817
74006|5.4|13.4|900146|225.8673|430.6461|184.5882
74006|5.4|13.4|900146|289.6371|251.4425|274.5882
74006|5.4|13.4|900146|468.8407|315.2122|364.5882
74006|5.6|13.6|900146|249.9964|465.7287|166.3731
74006|5.6|13.6|900146|254.5545|275.5716|256.3731
74006|5.6|13.6|900146|444.7116|280.1297|346.3731
74006|5.6|13.6|900146|440.1535|470.2867|436.3731
74006|5.8|13.8|900146|228.8133|309.3813|238.1951
74006|5.8|13.8|900146|410.9019|254.3884|328.1951
74006|5.8|13.8|900146|465.8948|436.4771|418.1951
74006|5.8|13.8|900146|283.8062|491.4699|508.1951
74006|6|14|900146|370.5768|240.4491|309.9425
74006|6|14|900146|479.834|396.1519|399.9425
74006|6|14|900146|324.1313|505.4092|489.9425
74006|6|14|900146|214.874|349.7065|579.9425
74006|6.2|14.2|900146|480.5472|354.2254|382.0065
74006|6.2|14.2|900146|366.0578|506.1223|472.0065
74006|6.2|14.2|900146|214.1609|391.6329|562.0065
74006|6.2|14.2|900146|328.6503|239.736|652.0065
74006|6.4|14.4|900146|407.0375|493.4619|93.65706
74006|6.4|14.4|900146|226.8213|432.6126|183.6571
74006|6.4|14.4|900146|287.6706|252.3965|273.657
74006|6.4|14.4|900146|467.8867|313.2457|363.657
74008|10.8|18.8|900146|619.7336|197.5927|311.2224
74008|10.8|18.8|900146|725.4859|355.6969|401.2224
74008|10.8|18.8|900146|567.3817|461.4492|491.2224
74008|10.8|18.8|900146|461.6293|303.345|581.2224
74008|11|19|900146|727.087|313.3923|383.1128
74008|11|19|900146|609.6863|463.0504|473.1128
74008|11|19|900146|460.0282|345.6497|563.1128
74008|11|19|900146|577.429|195.9915|653.1128
74008|11.2|19.2|900146|650.6179|451.3174|94.89742
74008|11.2|19.2|900146|471.7612|386.5813|184.8974
74008|11.2|19.2|900146|536.4973|207.7245|274.8974
74008|11.2|19.2|900146|715.3541|272.4606|364.8974
74008|11.4|19.4|900146|495.7005|421.7936|166.6824
74008|11.4|19.4|900146|501.285|231.6638|256.6824
74008|11.4|19.4|900146|691.4148|237.2484|346.6824
74008|11.4|19.4|900146|685.8302|427.3781|436.6824
74008|11.6|19.6|900146|475.596|264.9043|238.7129
74008|11.6|19.6|900146|658.1743|211.5593|328.7129
74008|11.6|19.6|900146|711.5192|394.1376|418.7129
74008|11.6|19.6|900146|528.941|447.4826|508.7129
74006|15.4|23.4|900146|744.3445|380.9067|165.1876
74006|15.4|23.4|900146|744.9673|190.696|255.1876
74006|15.4|23.4|900146|935.178|191.3188|345.1876
74006|15.4|23.4|900146|934.5552|381.5295|435.1876
74006|15.6|23.6|900146|720.1722|224.5602|237.2349
74006|15.6|23.6|900146|901.3138|166.5237|327.2349
74006|15.6|23.6|900146|959.3503|347.6653|417.2349
74006|15.6|23.6|900146|778.2087|405.7018|507.2349
74006|15.8|23.8|900146|862.6804|153.5799|309.8112
74006|15.8|23.8|900146|972.2941|309.032|399.8112
74006|15.8|23.8|900146|816.842|418.6456|489.8112
74006|15.8|23.8|900146|707.2284|263.1936|579.8113
74006|16|24|900146|972.9509|267.3845|381.9959
74006|16|24|900146|858.4895|419.3025|471.9959
74006|16|24|900146|706.5715|304.841|561.9959
74006|16|24|900146|821.033|152.923|651.9959
74006|16.2|24.2|900146|898.2952|407.2079|94.2022
74006|16.2|24.2|900146|718.6661|344.6467|184.2022
74006|16.2|24.2|900146|781.2273|165.0177|274.2022
74006|16.2|24.2|900146|960.8563|227.5788|364.2022
74006|16.4|24.4|900146|742.9486|379.4807|166.0377
74006|16.4|24.4|900146|746.3932|189.3002|256.0377
74006|16.4|24.4|900146|936.5739|192.7448|346.0377
74006|16.4|24.4|900146|933.1292|382.9254|436.0377
74006|16.6|24.6|900146|721.4298|222.1758|238.3833
74006|16.6|24.6|900146|903.6982|167.7814|328.3833
74006|16.6|24.6|900146|958.0927|350.0497|418.3833
74006|16.6|24.6|900146|775.8242|404.4442|508.3833
74006|16.8|24.8|900146|864.6766|153.9406|310.6754
74006|16.8|24.8|900146|971.9333|311.0282|400.6754
74006|16.8|24.8|900146|814.8458|418.2849|490.6754
74006|16.8|24.8|900146|707.5891|261.1974|580.6754
74006|17|25|900146|973.2299|269.4889|382.9002
74006|17|25|900146|856.3851|419.5815|472.9002
74006|17|25|900146|706.2925|302.7366|562.9003
74006|17|25|900146|823.1374|152.6441|652.9003
74006|17.2|25.2|900146|895.9846|408.2978|95.29053
74006|17.2|25.2|900146|717.5762|342.3361|185.2905
74006|17.2|25.2|900146|783.5379|163.9277|275.2905
74006|17.2|25.2|900146|961.9463|229.8894|365.2905
74006|17.4|25.4|900146|741.185|377.6167|167.1308
74006|17.4|25.4|900146|748.2573|187.5365|257.1308
74006|17.4|25.4|900146|938.3375|194.6088|347.1308
74006|17.4|25.4|900146|931.2652|384.689|437.1308
74006|17.6|25.6|900146|721.8221|221.4551|238.7328
74006|17.6|25.6|900146|904.4189|168.1736|328.7328
74006|17.6|25.6|900146|957.7003|350.7704|418.7328
74006|17.6|25.6|900146|775.1036|404.0519|508.7328
74006|17.8|25.8|900146|865.563|154.1108|311.0599
74006|17.8|25.8|900146|971.7632|311.9146|401.0599
74006|17.8|25.8|900146|813.9594|418.1147|491.0599
74006|17.8|25.8|900146|707.7593|260.3109|581.0599