18.3
74207|0.00|15.00|7010853|-544|89|10
74006|4|15|900113|548.2264|327.6379|431.5031
74006|4|15|900113|554.719|431.8359|461.5031
74006|4|15|900113|508.0344|525.4583|491.5031
74006|4|15|900113|420.9047|582.9716|521.5031
74006|4|15|900113|316.7067|589.4642|551.5031
74006|4|15|900113|223.0843|542.7796|581.5031
74006|4|15|900113|165.571|455.6499|611.5031
74006|4|15|900113|159.0783|351.4519|641.5031
74006|4|15|900113|205.763|257.8295|671.5031
74006|4|15|900113|292.8927|200.3162|701.5031
74006|4|15|900113|397.0907|193.8235|731.5031
74006|4|15|900113|490.713|240.5082|761.5031
74006|4.3|15.3|900113|419.6848|577.6961|173.8023
74006|4.3|15.3|900113|316.4952|561.8438|203.8023
74006|4.3|15.3|900113|234.9663|496.2875|233.8023
74006|4.3|15.3|900113|197.333|398.9063|263.8022
74006|4.3|15.3|900113|213.1853|295.7167|293.8023
74006|4.3|15.3|900113|278.7416|214.1878|323.8022
74006|4.3|15.3|900113|376.1229|176.5545|353.8022
74006|4.3|15.3|900113|479.3124|192.4068|383.8022
74006|4.3|15.3|900113|560.8414|257.9631|413.8022
74006|4.3|15.3|900113|598.4747|355.3444|443.8022
74006|4.3|15.3|900113|582.6223|458.5339|473.8022
74006|4.3|15.3|900113|517.066|540.0629|503.8022
74006|4.6|15.6|900113|243.0757|319.7199|282.1278
74006|4.6|15.6|900113|290.5684|226.7478|312.1278
74006|4.6|15.6|900113|378.434|169.9654|342.1278
74006|4.6|15.6|900113|482.7091|164.8588|372.1278
74006|4.6|15.6|900113|575.6813|212.3515|402.1278
74006|4.6|15.6|900113|632.4637|300.2171|432.1278
74006|4.6|15.6|900113|637.5703|404.4922|462.1278
74006|4.6|15.6|900113|590.0775|497.4644|492.1277
74006|4.6|15.6|900113|502.2119|554.2468|522.1278
74006|4.6|15.6|900113|397.9368|559.3533|552.1278
74006|4.6|15.6|900113|304.9647|511.8607|582.1278
74006|4.6|15.6|900113|248.1823|423.9951|612.1278
74006|4.9|15.9|900113|588.8807|175.5128|391.7416
74006|4.9|15.9|900113|660.5159|251.4586|421.7416
74006|4.9|15.9|900113|684.5089|353.2866|451.7416
74006|4.9|15.9|900113|654.3162|453.2255|481.7416
74006|4.9|15.9|900113|578.3703|524.8607|511.7416
74006|4.9|15.9|900113|476.5424|548.8537|541.7416
74006|4.9|15.9|900113|376.6035|518.6609|571.7416
74006|4.9|15.9|900113|304.9683|442.7151|601.7416
74006|4.9|15.9|900113|280.9753|340.8871|631.7416
74006|4.9|15.9|900113|311.168|240.9483|661.7416
74006|4.9|15.9|900113|387.1139|169.313|691.7416
74006|4.9|15.9|900113|488.9418|145.32|721.7416
74006|5.2|16.2|900113|652.7953|488.957|141.2719
74006|5.2|16.2|900113|557.2711|531.0815|171.2719
74006|5.2|16.2|900113|453.2808|519.6525|201.2719
74006|5.2|16.2|900113|369.1855|457.7869|231.2719
74006|5.2|16.2|900113|327.0609|362.2625|261.2719
74006|5.2|16.2|900113|338.49|258.2722|291.2719
74006|5.2|16.2|900113|400.3557|174.177|321.2719
74006|5.2|16.2|900113|495.88|132.0524|351.2719
74006|5.2|16.2|900113|599.8702|143.4814|381.2719
74006|5.2|16.2|900113|683.9655|205.3471|411.2719
74006|5.2|16.2|900113|726.0901|300.8715|441.2719
74006|5.2|16.2|900113|714.661|404.8617|471.2719
74006|5.5|16.5|900113|378.1352|381.9341|251.0892
74006|5.5|16.5|900113|370.89|277.7857|281.0892
74006|5.5|16.5|900113|416.8972|183.8286|311.0892
74006|5.5|16.5|900113|503.6092|125.6874|341.0892
74006|5.5|16.5|900113|607.7576|118.4423|371.0892
74006|5.5|16.5|900113|701.7147|164.4494|401.0892
74006|5.5|16.5|900113|759.856|251.1614|431.0892
74006|5.5|16.5|900113|767.1011|355.3098|461.0892
74006|5.5|16.5|900113|721.0939|449.2669|491.0892
74006|5.5|16.5|900113|634.3819|507.4081|521.0892
74006|5.5|16.5|900113|530.2335|514.6533|551.0892
74006|5.5|16.5|900113|436.2764|468.6461|581.0892
74006|5.8|16.8|900113|592.5736|101.0334|355.0444
74006|5.8|16.8|900113|695.3953|119.1188|385.0444
74006|5.8|16.8|900113|775.484|186.427|415.0444
74006|5.8|16.8|900113|810.9974|284.6012|445.0444
74006|5.8|16.8|900113|792.912|387.4228|475.0444
74006|5.8|16.8|900113|725.6038|467.5116|505.0444
74006|5.8|16.8|900113|627.4296|503.025|535.0444
74006|5.8|16.8|900113|524.6079|484.9396|565.0444
74006|5.8|16.8|900113|444.5192|417.6313|595.0444
74006|5.8|16.8|900113|409.0058|319.4572|625.0444
74006|5.8|16.8|900113|427.0912|216.6355|655.0444
74006|5.8|16.8|900113|494.3994|136.5468|685.0444
74006|6.1|17.1|900113|847.7177|342.302|106.054
74006|6.1|17.1|900113|793.9703|431.804|136.054
74006|6.1|17.1|900113|702.423|482.4368|166.054
74006|6.1|17.1|900113|598.0429|480.3913|196.054
74006|6.1|17.1|900113|508.5409|426.644|226.054
74006|6.1|17.1|900113|457.9082|335.0966|256.054
74006|6.1|17.1|900113|459.9536|230.7166|286.054
74006|6.1|17.1|900113|513.7009|141.2146|316.054
74006|6.1|17.1|900113|605.2483|90.58186|346.054
74006|6.1|17.1|900113|709.6284|92.62729|376.054
74006|6.1|17.1|900113|799.1304|146.3746|406.054
74006|6.1|17.1|900113|849.7631|237.922|436.054
74006|6.4|17.4|900113|590.7802|444.8325|211.0505
74006|6.4|17.4|900113|518.2342|369.7562|241.0506
74006|6.4|17.4|900113|493.0147|268.225|271.0505
74006|6.4|17.4|900113|521.9999|167.9293|301.0505
74006|6.4|17.4|900113|597.0762|95.38324|331.0505
74006|6.4|17.4|900113|698.6074|70.16379|361.0505
74006|6.4|17.4|900113|798.9031|99.14891|391.0505
74006|6.4|17.4|900113|871.4492|174.2252|421.0505
74006|6.4|17.4|900113|896.6686|275.7564|451.0505
74006|6.4|17.4|900113|867.6835|376.0522|481.0505
74006|6.4|17.4|900113|792.6072|448.5982|511.0505
74006|6.4|17.4|900113|691.076|473.8177|541.0505
74006|6.7|17.7|900113|617.4339|95.21487|323.062
74006|6.7|17.7|900113|714.2274|56.09476|353.062
74006|6.7|17.7|900113|817.8099|70.76663|383.062
74006|6.7|17.7|900113|899.9317|135.229|413.062
74006|6.7|17.7|900113|939.0518|232.0226|443.062
74006|6.7|17.7|900113|924.3799|335.6051|473.062
74006|6.7|17.7|900113|859.9175|417.7268|503.062
74006|6.7|17.7|900113|763.124|456.847|533.062
74006|6.7|17.7|900113|659.5415|442.1751|563.062
74006|6.7|17.7|900113|577.4197|377.7127|593.062
74006|6.7|17.7|900113|538.2996|280.9191|623.062
74006|6.7|17.7|900113|552.9715|177.3366|653.062
74006|7|18|900113|965.9703|164.4944|427.4228
74006|7|18|900113|979.8605|267.9664|457.4228
74006|7|18|900113|939.9557|364.6732|487.4228
74006|7|18|900113|857.1392|428.2404|517.4229
74006|7|18|900113|753.6672|442.1306|547.4229
74006|7|18|900113|656.9604|402.2258|577.4229
74006|7|18|900113|593.3932|319.4092|607.4229
74006|7|18|900113|579.503|215.9373|637.4228
74006|7|18|900113|619.4078|119.2305|667.4229
74006|7|18|900113|702.2244|55.6633|697.4229
74006|7|18|900113|805.6963|41.77307|727.4229
74006|7|18|900113|902.4031|81.67784|757.4229
74006|7.3|18.3|900113|842.1021|427.6884|174.3107
74006|7.3|18.3|900113|739.0573|410.921|204.3107
74006|7.3|18.3|900113|658.1132|344.6438|234.3107
74006|7.3|18.3|900113|621.3456|246.9324|264.3107
74006|7.3|18.3|900113|638.113|143.8876|294.3107
74006|7.3|18.3|900113|704.3901|62.94354|324.3107
74006|7.3|18.3|900113|802.1016|26.17593|354.3107
74006|7.3|18.3|900113|905.1464|42.9433|384.3107
74006|7.3|18.3|900113|986.0904|109.2205|414.3107
74006|7.3|18.3|900113|1022.858|206.9319|444.3107
74006|7.3|18.3|900113|1006.091|309.9767|474.3107
74006|7.3|18.3|900113|939.8135|390.9207|504.3107