20
74207|0|20.00|7010991|568|320|300
74007|6|12|900147|613.4081|253.2873|574.2412
74007|6|12|900147|648.7441|326.1487|634.2412
74007|6|12|900147|603.336|392.8615|334.2412
74007|6|12|900147|522.5919|386.7127|394.2412
74007|6|12|900147|487.2558|313.8513|454.2412
74007|6|12|900147|532.664|247.1385|514.2412
74007|6.2|12.2|900147|647.5226|333.7348|279.7992
74007|6.2|12.2|900147|595.812|396.0521|339.7992
74007|6.2|12.2|900147|516.2894|382.3173|39.79924
74007|6.2|12.2|900147|488.4774|306.2652|99.79922
74007|6.2|12.2|900147|540.188|243.9479|159.7992
74007|6.2|12.2|900147|619.7106|257.6827|219.7992
74007|6.4|12.4|900147|575.5137|400.3495|354.6577
74007|6.4|12.4|900147|501.8528|366.7116|414.6577
74007|6.4|12.4|900147|494.3391|286.3622|114.6577
74007|6.4|12.4|900147|560.4863|239.6505|174.6577
74007|6.4|12.4|900147|634.1472|273.2884|234.6577
74007|6.4|12.4|900147|641.6609|353.6378|294.6577
74007|6.6|12.6|900147|493.128|350.1111|428.0916
74007|6.6|12.6|900147|504.3674|269.9169|488.0916
74007|6.6|12.6|900147|579.2394|239.8058|188.0916
74007|6.6|12.6|900147|642.872|289.8889|248.0916
74007|6.6|12.6|900147|631.6326|370.0831|308.0916
74007|6.6|12.6|900147|556.7606|400.1942|368.0916
74007|6.8|12.8|900147|515.5104|258.7029|499.426
74007|6.8|12.8|900147|595.0836|243.6855|559.426
74007|6.8|12.8|900147|647.5732|304.9825|259.426
74007|6.8|12.8|900147|620.4896|381.2971|319.426
74007|6.8|12.8|900147|540.9164|396.3145|379.426
74007|6.8|12.8|900147|488.4268|335.0175|439.426
74007|7|13|900147|613.1008|253.0791|573.9777
74007|7|13|900147|648.7716|325.7773|633.9777
74007|7|13|900147|603.6707|392.6982|333.9777
74007|7|13|900147|522.8992|386.9209|393.9777
74007|7|13|900147|487.2284|314.2227|453.9777
74007|7|13|900147|532.3293|247.3018|513.9777
74007|7.2|13.2|900147|646.898|336.9585|282.1307
74007|7.2|13.2|900147|592.6951|397.1205|342.1307
74007|7.2|13.2|900147|513.7971|380.162|42.13073
74007|7.2|13.2|900147|489.102|303.0415|102.1307
74007|7.2|13.2|900147|543.3049|242.8794|162.1307
74007|7.2|13.2|900147|622.2029|259.838|222.1307
74007|7.4|13.4|900147|570.8501|400.6497|357.976
74007|7.4|13.4|900147|499.2599|362.8044|417.976
74007|7.4|13.4|900147|496.4098|282.1548|117.9761
74007|7.4|13.4|900147|565.1499|239.3503|177.976
74007|7.4|13.4|900147|636.7401|277.1956|237.976
74007|7.4|13.4|900147|639.5902|357.8452|297.976
74007|7.6|13.6|900147|493.575|351.1996|427.2562
74007|7.6|13.6|900147|503.6439|270.8501|487.2562
74007|7.6|13.6|900147|578.0688|239.6505|187.2562
74007|7.6|13.6|900147|642.425|288.8004|247.2562
74007|7.6|13.6|900147|632.3561|369.1499|307.2562
74007|7.6|13.6|900147|557.9312|400.3495|367.2562
74007|7.8|13.8|900147|517.479|257.0705|501.2419
74007|7.8|13.8|900147|597.4882|244.582|561.2419
74007|7.8|13.8|900147|648.0092|307.5115|261.2419
74007|7.8|13.8|900147|618.521|382.9295|321.2419
74007|7.8|13.8|900147|538.5118|395.418|381.2419
74007|7.8|13.8|900147|487.9908|332.4885|441.2419
74007|8|14|900147|607.9334|249.8729|569.6591
74007|8|14|900147|648.9773|319.6785|629.6591
74007|8|14|900147|609.0439|389.8056|329.6591
74007|8|14|900147|528.0666|390.1271|389.6591
74007|8|14|900147|487.0227|320.3215|449.6591
74007|8|14|900147|526.9561|250.1944|509.6591
74007|8.2|14.2|900147|647.3425|334.7396|280.524
74007|8.2|14.2|900147|594.8478|396.3978|340.524
74007|8.2|14.2|900147|515.5052|381.6582|40.52398
74007|8.2|14.2|900147|488.6575|305.2604|100.524
74007|8.2|14.2|900147|541.1522|243.6022|160.524
74007|8.2|14.2|900147|620.4948|258.3418|220.524
74007|8.4|14.4|900147|578.3241|400.0369|352.6499
74007|8.4|14.4|900147|503.53|369.0004|412.6499
74007|8.4|14.4|900147|493.2059|288.9635|112.6499
74007|8.4|14.4|900147|557.6759|239.9631|172.6499
74007|8.4|14.4|900147|632.47|270.9996|232.6499
74007|8.4|14.4|900147|642.7941|351.0365|292.6499
74007|8.6|14.6|900147|492.4316|348.318|429.4574
74007|8.6|14.6|900147|505.5791|268.4145|489.4574
74007|8.6|14.6|900147|581.1476|240.0965|189.4574
74007|8.6|14.6|900147|643.5684|291.682|249.4574
74007|8.6|14.6|900147|630.4208|371.5855|309.4574
74007|8.6|14.6|900147|554.8524|399.9035|369.4573
74007|8.8|14.8|900147|512.5386|261.3781|496.5869
74007|8.8|14.8|900147|591.2704|242.4377|556.5869
74007|8.8|14.8|900147|646.7318|301.0596|256.5869
74007|8.8|14.8|900147|623.4614|378.6219|316.5869
74007|8.8|14.8|900147|544.7296|397.5623|376.5869
74007|8.8|14.8|900147|489.2682|338.9404|436.5869
74007|9|15|900147|611.9053|252.2887|572.9601
74007|9|15|900147|648.8615|324.3419|632.9601
74007|9|15|900147|604.9562|392.0532|332.9601
74007|9|15|900147|524.0947|387.7113|392.9601
74007|9|15|900147|487.1385|315.6581|452.9601
74007|9|15|900147|531.0438|247.9468|512.9601
74007|9.2|15.2|900147|646.0654|340.4518|284.6806
74007|9.2|15.2|900147|589.2396|398.1429|344.6806
74007|9.2|15.2|900147|511.1742|377.691|44.6806
74007|9.2|15.2|900147|489.9345|299.5482|104.6806
74007|9.2|15.2|900147|546.7604|241.8571|164.6806
74007|9.2|15.2|900147|624.8258|262.309|224.6806
74007|9.4|15.4|900147|572.2272|400.5892|356.9974
74007|9.4|15.4|900147|500.001|363.9723|416.9974
74007|9.4|15.4|900147|495.7738|283.3831|116.9974
74007|9.4|15.4|900147|563.7728|239.4108|176.9974
74007|9.4|15.4|900147|635.999|276.0277|236.9974
74007|9.4|15.4|900147|640.2262|356.6169|296.9974