25
74215|0|25.00|7010981|568|320|300
74004|11.8|12|900147|518.975|255.8982|502.5913
74004|11.8|12|900147|632.1018|270.975|232.5913
74004|11.8|12|900147|617.025|384.1018|322.5913
74004|11.8|12|900147|493.2145|377.1958|412.5913
74004|12.1|12.3|900147|644.107|293.1631|610.5763
74004|12.1|12.3|900147|594.8369|396.107|340.5763
74004|12.1|12.3|900147|491.893|346.8369|430.5763
74004|12.1|12.3|900147|536.6902|231.2085|520.5763
74004|12.4|12.6|900147|570.9064|400.6477|357.9361
74004|12.4|12.6|900147|487.3523|322.9064|87.93606
74004|12.4|12.6|900147|565.0936|239.3523|177.9361
74004|12.4|12.6|900147|662.0889|316.6092|267.9361
74004|12.7|12.9|900147|490.26|298.3438|465.5663
74004|12.7|12.9|900147|589.6561|242.26|195.5663
74004|12.7|12.9|900147|645.74|341.6562|285.5663
74004|12.7|12.9|900147|542.7345|410.6966|375.5663
74004|13|13.2|900147|612.1111|252.4227|573.1345
74004|13|13.2|900147|635.5773|364.1112|303.1345
74004|13|13.2|900147|523.8889|387.5773|393.1345
74004|13|13.2|900147|489.1598|268.537|483.1345
74004|13.3|13.5|900147|617.6315|383.6334|322.0471
74004|13.3|13.5|900147|504.3666|369.6315|52.04716
74004|13.3|13.5|900147|518.3685|256.3666|142.0471
74004|13.3|13.5|900147|642.2389|262.0965|232.0471
74004|13.6|13.8|900147|492.0102|347.1668|430.3277
74004|13.6|13.8|900147|540.8331|244.0102|160.3277
74004|13.6|13.8|900147|643.9898|292.8332|250.3277
74004|13.6|13.8|900147|599.6946|408.6548|340.3277
74004|13.9|14.1|900147|565.2337|239.3474|538.0356
74004|13.9|14.1|900147|648.6526|317.2337|268.0356
74004|13.9|14.1|900147|570.7663|400.6526|358.0356
74004|13.9|14.1|900147|473.9053|323.2274|448.0356
74004|14.2|14.4|900147|645.6763|341.8834|285.7339
74004|14.2|14.4|900147|546.1166|397.6763|15.7339
74004|14.2|14.4|900147|490.3237|298.1166|105.7339
74004|14.2|14.4|900147|593.5306|229.3777|195.7339