18
74215|0|18.00|7010793|18|-553|70
74005|5.1|12|900145|398.8992|146.4874|290
74005|5.1|12|900145|484.4904|206.2664|320
74005|5.1|12|900145|528.7031|301.0811|350
74005|5.1|12|900145|519.4796|405.073|380
74005|5.1|12|900145|459.7006|490.6641|410
74005|5.1|12|900145|364.8859|534.877|440
74005|5.1|12|900145|260.8941|525.6534|470
74005|5.1|12|900145|175.3029|465.8744|500
74005|5.1|12|900145|131.0901|371.0597|530
74005|5.1|12|900145|140.3136|267.0679|560
74005|5.1|12|900145|200.0927|181.4767|590
74005|5.1|12|900145|294.9073|137.2639|620
74005|5.6|12.5|900145|398.8992|146.4874|290
74005|5.6|12.5|900145|484.4904|206.2664|320
74005|5.6|12.5|900145|528.7031|301.0811|350
74005|5.6|12.5|900145|519.4796|405.073|380
74005|5.6|12.5|900145|459.7006|490.6641|410
74005|5.6|12.5|900145|364.8859|534.877|440
74005|5.6|12.5|900145|260.8941|525.6534|470
74005|5.6|12.5|900145|175.3029|465.8744|500
74005|5.6|12.5|900145|131.0901|371.0597|530
74005|5.6|12.5|900145|140.3136|267.0679|560
74005|5.6|12.5|900145|200.0927|181.4767|590
74005|5.6|12.5|900145|294.9073|137.2639|620
74005|6.1|13|900145|398.8992|146.4874|290
74005|6.1|13|900145|484.4904|206.2664|320
74005|6.1|13|900145|528.7031|301.0811|350
74005|6.1|13|900145|519.4796|405.073|380
74005|6.1|13|900145|459.7006|490.6641|410
74005|6.1|13|900145|364.8859|534.877|440
74005|6.1|13|900145|260.8941|525.6534|470
74005|6.1|13|900145|175.3029|465.8744|500
74005|6.1|13|900145|131.0901|371.0597|530
74005|6.1|13|900145|140.3136|267.0679|560
74005|6.1|13|900145|200.0927|181.4767|590
74005|6.1|13|900145|294.9073|137.2639|620
74005|6.6|13.5|900145|398.8992|146.4874|290
74005|6.6|13.5|900145|484.4904|206.2664|320
74005|6.6|13.5|900145|528.7031|301.0811|350
74005|6.6|13.5|900145|519.4796|405.073|380
74005|6.6|13.5|900145|459.7006|490.6641|410
74005|6.6|13.5|900145|364.8859|534.877|440
74005|6.6|13.5|900145|260.8941|525.6534|470
74005|6.6|13.5|900145|175.3029|465.8744|500
74005|6.6|13.5|900145|131.0901|371.0597|530
74005|6.6|13.5|900145|140.3136|267.0679|560
74005|6.6|13.5|900145|200.0927|181.4767|590
74005|6.6|13.5|900145|294.9073|137.2639|620
74005|7.1|14|900145|398.8992|146.4874|290
74005|7.1|14|900145|484.4904|206.2664|320
74005|7.1|14|900145|528.7031|301.0811|350
74005|7.1|14|900145|519.4796|405.073|380
74005|7.1|14|900145|459.7006|490.6641|410
74005|7.1|14|900145|364.8859|534.877|440
74005|7.1|14|900145|260.8941|525.6534|470
74005|7.1|14|900145|175.3029|465.8744|500
74005|7.1|14|900145|131.0901|371.0597|530
74005|7.1|14|900145|140.3136|267.0679|560
74005|7.1|14|900145|200.0927|181.4767|590
74005|7.1|14|900145|294.9073|137.2639|620
74005|7.6|14.5|900145|398.8992|146.4874|290
74005|7.6|14.5|900145|484.4904|206.2664|320
74005|7.6|14.5|900145|528.7031|301.0811|350
74005|7.6|14.5|900145|519.4796|405.073|380
74005|7.6|14.5|900145|459.7006|490.6641|410
74005|7.6|14.5|900145|364.8859|534.877|440
74005|7.6|14.5|900145|260.8941|525.6534|470
74005|7.6|14.5|900145|175.3029|465.8744|500
74005|7.6|14.5|900145|131.0901|371.0597|530
74005|7.6|14.5|900145|140.3136|267.0679|560
74005|7.6|14.5|900145|200.0927|181.4767|590
74005|7.6|14.5|900145|294.9073|137.2639|620