18.3
74207|0.00|15.00|7010863|-130|-538|60
74002|4|15|900113|527.3398|351.2399|439.589
74002|4|15|900113|519.1116|455.3152|469.589
74002|4|15|900113|459.7224|541.4403|499.589
74002|4|15|900113|365.3692|586.1264|529.589
74002|4|15|900113|261.2939|577.8983|559.589
74002|4|15|900113|175.1688|518.509|589.589
74002|4|15|900113|130.4827|424.1559|619.589
74002|4|15|900113|138.7109|320.0805|649.5889
74002|4|15|900113|198.1001|233.9555|679.589
74002|4|15|900113|292.4533|189.2693|709.589
74002|4|15|900113|396.5286|197.4975|739.589
74002|4|15|900113|482.6537|256.8867|769.589
74002|4.3|15.3|900113|346.6344|579.4223|187.5504
74002|4.3|15.3|900113|250.1686|539.5007|217.5504
74002|4.3|15.3|900113|186.5552|456.4469|247.5504
74002|4.3|15.3|900113|173.1433|352.9118|277.5504
74002|4.3|15.3|900113|213.0649|256.4461|307.5504
74002|4.3|15.3|900113|296.1187|192.8327|337.5504
74002|4.3|15.3|900113|399.6537|179.4207|367.5504
74002|4.3|15.3|900113|496.1195|219.3423|397.5504
74002|4.3|15.3|900113|559.7329|302.3961|427.5504
74002|4.3|15.3|900113|573.1448|405.9312|457.5504
74002|4.3|15.3|900113|533.2232|502.3969|487.5504
74002|4.3|15.3|900113|450.1694|566.0104|517.5504
74002|4.6|15.6|900113|226.2981|302.4771|289.9823
74002|4.6|15.6|900113|286.0507|216.8674|319.9823
74002|4.6|15.6|900113|380.8517|172.6253|349.9823
74002|4.6|15.6|900113|484.8464|181.8167|379.9823
74002|4.6|15.6|900113|570.456|241.5693|409.9823
74002|4.6|15.6|900113|614.6981|336.3703|439.9823
74002|4.6|15.6|900113|605.5067|440.365|469.9823
74002|4.6|15.6|900113|545.7542|525.9746|499.9823
74002|4.6|15.6|900113|450.9531|570.2167|529.9823
74002|4.6|15.6|900113|346.9584|561.0253|559.9823
74002|4.6|15.6|900113|261.3488|501.2727|589.9823
74002|4.6|15.6|900113|217.1067|406.4717|619.9823
74002|4.9|15.9|900113|585.1084|204.763|398.2757
74002|4.9|15.9|900113|647.6362|288.3672|428.2757
74002|4.9|15.9|900113|659.8859|392.2639|458.2757
74002|4.9|15.9|900113|618.5168|488.1179|488.2757
74002|4.9|15.9|900113|534.9127|550.6456|518.2757
74002|4.9|15.9|900113|431.0159|562.8954|548.2757
74002|4.9|15.9|900113|335.162|521.5263|578.2757
74002|4.9|15.9|900113|272.6342|437.9221|608.2757
74002|4.9|15.9|900113|260.3845|334.0254|638.2757
74002|4.9|15.9|900113|301.7535|238.1714|668.2757
74002|4.9|15.9|900113|385.3577|175.6437|698.2757
74002|4.9|15.9|900113|489.2545|163.3939|728.2757
74002|5.2|16.2|900113|613.2512|524.7138|147.3372
74002|5.2|16.2|900113|513.8107|556.5093|177.3372
74002|5.2|16.2|900113|411.6102|534.1566|207.3372
74002|5.2|16.2|900113|334.5225|463.7515|237.3372
74002|5.2|16.2|900113|302.7269|364.311|267.3372
74002|5.2|16.2|900113|325.0797|262.1105|297.3372
74002|5.2|16.2|900113|395.4847|185.0228|327.3372
74002|5.2|16.2|900113|494.9252|153.2272|357.3372
74002|5.2|16.2|900113|597.1258|175.58|387.3372
74002|5.2|16.2|900113|674.2135|245.985|417.3372
74002|5.2|16.2|900113|706.009|345.4255|447.3372
74002|5.2|16.2|900113|683.6563|447.6261|477.3372
74002|5.5|16.5|900113|352.7861|388.5068|257.929
74002|5.5|16.5|900113|357.9959|284.2368|287.929
74002|5.5|16.5|900113|414.8653|196.4275|317.929
74002|5.5|16.5|900113|507.8845|149.0269|347.929
74002|5.5|16.5|900113|612.1544|154.2368|377.929
74002|5.5|16.5|900113|699.9637|211.1062|407.929
74002|5.5|16.5|900113|747.3643|304.1253|437.929
74002|5.5|16.5|900113|742.1545|408.3953|467.929
74002|5.5|16.5|900113|685.285|496.2046|497.929
74002|5.5|16.5|900113|592.2659|543.6052|527.929
74002|5.5|16.5|900113|487.9959|538.3953|557.929
74002|5.5|16.5|900113|400.1867|481.5259|587.929
74002|5.8|16.8|900113|619.5754|137.8782|367.1947
74002|5.8|16.8|900113|716.2872|177.2001|397.1947
74002|5.8|16.8|900113|780.415|259.8574|427.1947
74002|5.8|16.8|900113|794.4695|363.3071|457.1947
74002|5.8|16.8|900113|755.1476|460.0189|487.1947
74002|5.8|16.8|900113|672.4903|524.1467|517.1947
74002|5.8|16.8|900113|569.0405|538.2012|547.1947
74002|5.8|16.8|900113|472.3288|498.8792|577.1947
74002|5.8|16.8|900113|408.201|416.222|607.1947
74002|5.8|16.8|900113|394.1465|312.7722|637.1947
74002|5.8|16.8|900113|433.4684|216.0605|667.1947
74002|5.8|16.8|900113|516.1257|151.9327|697.1947
74002|6.1|17.1|900113|824.7076|404.1595|111.5545
74002|6.1|17.1|900113|762.6287|488.0974|141.5546
74002|6.1|17.1|900113|666.6494|529.7217|171.5546
74002|6.1|17.1|900113|562.946|517.6804|201.5545
74002|6.1|17.1|900113|479.0081|455.6015|231.5546
74002|6.1|17.1|900113|437.3838|359.6223|261.5545
74002|6.1|17.1|900113|449.4251|255.9189|291.5545
74002|6.1|17.1|900113|511.5041|171.981|321.5545
74002|6.1|17.1|900113|607.4833|130.3566|351.5545
74002|6.1|17.1|900113|711.1866|142.3979|381.5545
74002|6.1|17.1|900113|795.1245|204.4769|411.5545
74002|6.1|17.1|900113|836.7489|300.4561|441.5545
74002|6.4|17.4|900113|549.0586|472.561|221.5119
74002|6.4|17.4|900113|491.3502|385.5603|251.5119
74002|6.4|17.4|900113|484.9852|281.1377|281.5119
74002|6.4|17.4|900113|531.6995|187.772|311.5119
74002|6.4|17.4|900113|618.7002|130.0636|341.5119
74002|6.4|17.4|900113|723.1228|123.6986|371.5119
74002|6.4|17.4|900113|816.4885|170.4129|401.5119
74002|6.4|17.4|900113|874.1969|257.4136|431.5119
74002|6.4|17.4|900113|880.5619|361.8362|461.5119
74002|6.4|17.4|900113|833.8477|455.2019|491.5119
74002|6.4|17.4|900113|746.8469|512.9103|521.5119
74002|6.4|17.4|900113|642.4243|519.2753|551.5119
74002|6.7|17.7|900113|614.7034|144.9039|326.6785
74002|6.7|17.7|900113|713.7718|111.9673|356.6785
74002|6.7|17.7|900113|816.2225|133.1437|386.6785
74002|6.7|17.7|900113|894.1145|202.6579|416.6785
74002|6.7|17.7|900113|927.0511|301.7263|446.6785
74002|6.7|17.7|900113|905.8746|404.1771|476.6785
74002|6.7|17.7|900113|836.3605|482.069|506.6785
74002|6.7|17.7|900113|737.2921|515.0056|536.6785
74002|6.7|17.7|900113|634.8413|493.8292|566.6785
74002|6.7|17.7|900113|556.9493|424.315|596.6785
74002|6.7|17.7|900113|524.0127|325.2466|626.6785
74002|6.7|17.7|900113|545.1892|222.7958|656.6785
74002|7|18|900113|968.3279|261.8171|437.6598
74002|7|18|900113|963.608|366.1104|467.6598
74002|7|18|900113|907.1517|454.1859|497.6598
74002|7|18|900113|814.3563|502.0229|527.6598
74002|7|18|900113|710.0629|497.303|557.6599
74002|7|18|900113|621.9874|440.8468|587.6598
74002|7|18|900113|574.1504|348.0513|617.6598
74002|7|18|900113|578.8703|243.758|647.6598
74002|7|18|900113|635.3266|155.6825|677.6598
74002|7|18|900113|728.122|107.8455|707.6598
74002|7|18|900113|832.4153|112.5654|737.6598
74002|7|18|900113|920.4908|169.0216|767.6598
74002|7.3|18.3|900113|803.72|498.4218|182.92
74002|7.3|18.3|900113|704.3463|466.418|212.92
74002|7.3|18.3|900113|634.2358|388.7706|242.92
74002|7.3|18.3|900113|612.5094|286.6563|272.92
74002|7.3|18.3|900113|644.5132|187.2825|302.92
74002|7.3|18.3|900113|722.1606|117.172|332.92
74002|7.3|18.3|900113|824.275|95.44563|362.92
74002|7.3|18.3|900113|923.6487|127.4495|392.92
74002|7.3|18.3|900113|993.7592|205.0968|422.92
74002|7.3|18.3|900113|1015.486|307.2112|452.92
74002|7.3|18.3|900113|983.4818|406.5849|482.92
74002|7.3|18.3|900113|905.8344|476.6954|512.92