25
74215|0|25.00|7010742|1001|1129|-120
74004|5.1|12|900187|691.8374|164.529|360
74004|5.1|12|900187|765.7477|238.2625|390
74004|5.1|12|900187|792.8245|339.3143|420
74004|5.1|12|900187|765.683|440.1246|450
74004|5.1|12|900187|691.9495|514.0349|480
74004|5.1|12|900187|590.8978|541.1116|510
74004|5.1|12|900187|490.0874|513.9702|540
74004|5.1|12|900187|416.1771|440.2367|570
74004|5.1|12|900187|389.1004|339.1849|600
74004|5.1|12|900187|416.2418|238.3746|630
74004|5.1|12|900187|489.9753|164.4643|660
74004|5.1|12|900187|591.027|137.3876|690
74004|5.5|12.4|900187|691.8374|164.529|360
74004|5.5|12.4|900187|765.7477|238.2625|390
74004|5.5|12.4|900187|792.8245|339.3143|420
74004|5.5|12.4|900187|765.683|440.1246|450
74004|5.5|12.4|900187|691.9495|514.0349|480
74004|5.5|12.4|900187|590.8978|541.1116|510
74004|5.5|12.4|900187|490.0874|513.9702|540
74004|5.5|12.4|900187|416.1771|440.2367|570
74004|5.5|12.4|900187|389.1004|339.1849|600
74004|5.5|12.4|900187|416.2418|238.3746|630
74004|5.5|12.4|900187|489.9753|164.4643|660
74004|5.5|12.4|900187|591.027|137.3876|690
74004|5.9|12.8|900187|691.8374|164.529|360
74004|5.9|12.8|900187|765.7477|238.2625|390
74004|5.9|12.8|900187|792.8245|339.3143|420
74004|5.9|12.8|900187|765.683|440.1246|450
74004|5.9|12.8|900187|691.9495|514.0349|480
74004|5.9|12.8|900187|590.8978|541.1116|510
74004|5.9|12.8|900187|490.0874|513.9702|540
74004|5.9|12.8|900187|416.1771|440.2367|570
74004|5.9|12.8|900187|389.1004|339.1849|600
74004|5.9|12.8|900187|416.2418|238.3746|630
74004|5.9|12.8|900187|489.9753|164.4643|660
74004|5.9|12.8|900187|591.027|137.3876|690
74008|10|16.9|900187|691.8374|164.529|360
74008|10|16.9|900187|792.8245|339.3143|420
74008|10|16.9|900187|691.9495|514.0349|480
74008|10|16.9|900187|490.0874|513.9702|540
74008|10|16.9|900187|389.1004|339.1849|600
74008|10|16.9|900187|489.9753|164.4643|660
74008|10.6|17.5|900187|691.8374|164.529|360
74008|10.6|17.5|900187|792.8245|339.3143|420
74008|10.6|17.5|900187|691.9495|514.0349|480
74008|10.6|17.5|900187|490.0874|513.9702|540
74008|10.6|17.5|900187|389.1004|339.1849|600
74008|10.6|17.5|900187|489.9753|164.4643|660
74025|13.7|20.6|900188|691.8374|164.529|390
74025|13.7|20.6|900188|691.9495|514.0349|510
74025|13.7|20.6|900188|389.1004|339.1849|630