26.4
74215|0|25.00|7010753|-576|107|10
74007|4.1|15|900103|426.4889|547.4026|298.8687
74007|4.1|15|900103|224.6649|551.3234|358.8687
74007|4.1|15|900103|120.2467|378.5659|58.86874
74007|4.1|15|900103|217.6526|201.8878|118.8687
74007|4.1|15|900103|419.4765|197.9671|178.8687
74007|4.1|15|900103|523.8947|370.7245|238.8687
74007|4.3|15.2|900103|190.4851|527.7253|370.7003
74007|4.3|15.2|900103|123.8287|337.1861|430.7003
74007|4.3|15.2|900103|255.4143|184.1059|130.7003
74007|4.3|15.2|900103|453.6563|221.5651|190.7003
74007|4.3|15.2|900103|520.3127|412.1043|250.7003
74007|4.3|15.2|900103|388.7271|565.1844|310.7003
74007|4.5|15.4|900103|135.7751|296.9133|442.6667
74007|4.5|15.4|900103|296.3192|174.5454|502.6667
74007|4.5|15.4|900103|482.6147|252.2773|202.6667
74007|4.5|15.4|900103|508.3663|452.3771|262.6667
74007|4.5|15.4|900103|347.8222|574.745|322.6667
74007|4.5|15.4|900103|161.5267|497.0131|382.6667
74007|4.7|15.6|900103|318.0166|172.8239|508.8676
74007|4.7|15.6|900103|494.7636|270.3369|568.8676
74007|4.7|15.6|900103|498.8177|472.1582|268.8676
74007|4.7|15.6|900103|326.1248|576.4666|328.8676
74007|4.7|15.6|900103|149.3778|478.9536|388.8676
74007|4.7|15.6|900103|145.3237|277.1322|448.8676
74007|4.9|15.8|900103|515.3917|316.548|583.2917
74007|4.9|15.8|900103|468.9189|512.9877|643.2917
74007|4.9|15.8|900103|275.598|571.085|343.2917
74007|4.9|15.8|900103|128.7497|432.7424|403.2917
74007|4.9|15.8|900103|175.2225|236.3027|463.2917
74007|4.9|15.8|900103|368.5435|178.2055|523.2917
74007|5.1|16|900103|437.2796|540.4016|295.2172
74007|5.1|16|900103|236.1151|557.1683|355.2172
74007|5.1|16|900103|120.9062|391.4119|55.21716
74007|5.1|16|900103|206.8618|208.8888|115.2172
74007|5.1|16|900103|408.0263|192.1221|175.2172
74007|5.1|16|900103|523.2352|357.8785|235.2171
74007|8.7|19.6|900105|584.7566|130.0461|814.7025
74007|8.7|19.6|900105|750.6744|245.0225|874.7025
74007|8.7|19.6|900105|734.1898|446.2103|574.7025
74007|8.7|19.6|900105|551.7874|532.4218|634.7025
74007|8.7|19.6|900105|385.8695|417.4454|694.7025
74007|8.7|19.6|900105|402.3542|216.2576|754.7025
74007|8.9|19.8|900105|764.698|284.7034|886.6915
74007|8.9|19.8|900105|706.6577|478.0415|946.6915
74007|8.9|19.8|900105|510.2316|524.572|646.6915
74007|8.9|19.8|900105|371.8459|377.7645|706.6915
74007|8.9|19.8|900105|429.8862|184.4264|766.6915
74007|8.9|19.8|900105|626.3123|137.8959|826.6915
74007|9.1|20|900105|689.397|492.7178|593.1457
74007|9.1|20|900105|488.9699|516.7448|653.1457
74007|9.1|20|900105|367.845|355.2609|353.1457
74007|9.1|20|900105|447.147|169.7501|413.1457
74007|9.1|20|900105|647.574|145.7232|473.1457
74007|9.1|20|900105|768.699|307.207|533.1457
74007|9.299999|20.2|900105|448.0028|493.3562|666.588
74007|9.299999|20.2|900105|367.8541|308.0876|726.588
74007|9.299999|20.2|900105|488.1232|145.9653|426.588
74007|9.299999|20.2|900105|688.5411|169.1117|486.588
74007|9.299999|20.2|900105|768.6898|354.3803|546.588
74007|9.299999|20.2|900105|648.4207|516.5026|606.588
74007|9.5|20.4|900105|378.9904|261.0856|740.3533
74007|9.5|20.4|900105|534.464|132.3367|800.3533
74007|9.5|20.4|900105|723.7455|202.4851|500.3532
74007|9.5|20.4|900105|757.5535|401.3823|560.3533
74007|9.5|20.4|900105|602.08|530.1312|620.3533
74007|9.5|20.4|900105|412.7984|459.9828|680.3533
74007|9.7|20.6|900105|564.5485|129.4062|808.9614
74007|9.7|20.6|900105|741.1356|227.2087|868.9614
74007|9.7|20.6|900105|744.859|429.0364|568.9614
74007|9.7|20.6|900105|571.9954|533.0616|628.9615
74007|9.7|20.6|900105|395.4084|435.2592|688.9615
74007|9.7|20.6|900105|391.685|233.4315|748.9614
74007|14.5|25.4|900103|627.8444|210.9003|442.418
74007|14.5|25.4|900103|787.8556|87.83659|502.418
74007|14.5|25.4|900103|974.4869|164.759|202.418
74007|14.5|25.4|900103|1001.107|364.7451|262.418
74007|14.5|25.4|900103|841.0956|487.8088|322.418
74007|14.5|25.4|900103|654.4643|410.8864|382.418
74007|14.7|25.6|900103|810.8817|85.99261|508.9982
74007|14.7|25.6|900103|987.4059|183.9084|568.9982
74007|14.7|25.6|900103|990.9998|385.7384|268.9982
74007|14.7|25.6|900103|818.0695|489.6528|328.9982
74007|14.7|25.6|900103|641.5453|391.737|388.9982
74007|14.7|25.6|900103|637.9514|189.907|448.9982
74007|14.9|25.8|900103|1006.193|224.6339|581.7764
74007|14.9|25.8|900103|964.9307|422.2337|641.7764
74007|14.9|25.8|900103|773.2135|485.4226|341.7764
74007|14.9|25.8|900103|622.7585|351.0115|401.7764
74007|14.9|25.8|900103|664.0205|153.4117|461.7764
74007|14.9|25.8|900103|855.7377|90.22276|521.7764
74007|15.1|26|900103|931.472|452.3223|294.5969
74007|15.1|26|900103|730.5007|471.2656|354.5969
74007|15.1|26|900103|613.5043|306.766|54.59694
74007|15.1|26|900103|697.4791|123.3231|114.5969
74007|15.1|26|900103|898.4504|104.3798|174.597
74007|15.1|26|900103|1015.447|268.8794|234.5969
74007|15.3|26.2|900103|691.5428|447.9346|367.5352
74007|15.3|26.2|900103|614.4678|261.3663|427.5352
74007|15.3|26.2|900103|737.4006|101.2544|127.5352
74007|15.3|26.2|900103|937.4084|127.7108|187.5352
74007|15.3|26.2|900103|1014.483|314.2791|247.5352
74007|15.3|26.2|900103|891.5506|474.391|307.5352
74007|15.5|26.4|900103|626.0058|215.5217|441.0062
74007|15.5|26.4|900103|782.9366|88.55313|501.0062
74007|15.5|26.4|900103|971.4064|160.8541|201.0062
74007|15.5|26.4|900103|1002.945|360.1237|261.0062
74007|15.5|26.4|900103|846.0145|487.0923|321.0062
74007|15.5|26.4|900103|657.5448|414.7913|381.0062