21.9
74215|0|20.00|7010691|-423|835|330
74007|5.2|15|900103|532.0592|283.596|360
74007|5.2|15|900103|550.0758|350.8477|390
74007|5.2|15|900103|532.0575|418.093|420
74007|5.2|15|900103|482.8288|467.3264|450
74007|5.2|15|900103|415.5771|485.343|480
74007|5.2|15|900103|348.3318|467.3247|510
74007|5.2|15|900103|299.0984|418.096|540
74007|5.2|15|900103|281.0817|350.8443|570
74007|5.2|15|900103|299.1|283.599|600
74007|5.2|15|900103|348.3287|234.3656|630
74007|5.2|15|900103|415.5804|216.349|660
74007|5.2|15|900103|482.8258|234.3673|690
74007|5.5|15.3|900103|532.0592|283.596|360
74007|5.5|15.3|900103|550.0758|350.8477|390
74007|5.5|15.3|900103|532.0575|418.093|420
74007|5.5|15.3|900103|482.8288|467.3264|450
74007|5.5|15.3|900103|415.5771|485.343|480
74007|5.5|15.3|900103|348.3318|467.3247|510
74007|5.5|15.3|900103|299.0984|418.096|540
74007|5.5|15.3|900103|281.0817|350.8443|570
74007|5.5|15.3|900103|299.1|283.599|600
74007|5.5|15.3|900103|348.3287|234.3656|630
74007|5.5|15.3|900103|415.5804|216.349|660
74007|5.5|15.3|900103|482.8258|234.3673|690
74007|5.8|15.6|900103|532.0592|283.596|360
74007|5.8|15.6|900103|550.0758|350.8477|390
74007|5.8|15.6|900103|532.0575|418.093|420
74007|5.8|15.6|900103|482.8288|467.3264|450
74007|5.8|15.6|900103|415.5771|485.343|480
74007|5.8|15.6|900103|348.3318|467.3247|510
74007|5.8|15.6|900103|299.0984|418.096|540
74007|5.8|15.6|900103|281.0817|350.8443|570
74007|5.8|15.6|900103|299.1|283.599|600
74007|5.8|15.6|900103|348.3287|234.3656|630
74007|5.8|15.6|900103|415.5804|216.349|660
74007|5.8|15.6|900103|482.8258|234.3673|690
74007|6.1|15.9|900103|532.0592|283.596|360
74007|6.1|15.9|900103|550.0758|350.8477|390
74007|6.1|15.9|900103|532.0575|418.093|420
74007|6.1|15.9|900103|482.8288|467.3264|450
74007|6.1|15.9|900103|415.5771|485.343|480
74007|6.1|15.9|900103|348.3318|467.3247|510
74007|6.1|15.9|900103|299.0984|418.096|540
74007|6.1|15.9|900103|281.0817|350.8443|570
74007|6.1|15.9|900103|299.1|283.599|600
74007|6.1|15.9|900103|348.3287|234.3656|630
74007|6.1|15.9|900103|415.5804|216.349|660
74007|6.1|15.9|900103|482.8258|234.3673|690
74009|11.1|20.9|900103|805.0805|209.0815|370.0006
74009|11.1|20.9|900103|811.1445|278.4401|400.0006
74009|11.1|20.9|900103|781.7222|341.5347|430.0006
74009|11.1|20.9|900103|724.6917|381.471|460.0006
74009|11.1|20.9|900103|655.3331|387.535|490.0006
74009|11.1|20.9|900103|592.2385|358.1127|520.0006
74009|11.1|20.9|900103|552.3022|301.0822|550.0006
74009|11.1|20.9|900103|546.2382|231.7236|580.0006
74009|11.1|20.9|900103|575.6605|168.629|610.0006
74009|11.1|20.9|900103|632.691|128.6927|640.0006
74009|11.1|20.9|900103|702.0496|122.6287|670.0006
74009|11.1|20.9|900103|765.1442|152.051|700.0006
74009|11.6|21.4|900103|805.0805|209.0815|370.0006
74009|11.6|21.4|900103|811.1445|278.4401|400.0006
74009|11.6|21.4|900103|781.7222|341.5347|430.0006
74009|11.6|21.4|900103|724.6917|381.471|460.0006
74009|11.6|21.4|900103|655.3331|387.535|490.0006
74009|11.6|21.4|900103|592.2385|358.1127|520.0006
74009|11.6|21.4|900103|552.3022|301.0822|550.0006
74009|11.6|21.4|900103|546.2382|231.7236|580.0006
74009|11.6|21.4|900103|575.6605|168.629|610.0006
74009|11.6|21.4|900103|632.691|128.6927|640.0006
74009|11.6|21.4|900103|702.0496|122.6287|670.0006
74009|11.6|21.4|900103|765.1442|152.051|700.0006
74009|12.1|21.9|900103|805.0805|209.0815|370.0006
74009|12.1|21.9|900103|811.1445|278.4401|400.0006
74009|12.1|21.9|900103|781.7222|341.5347|430.0006
74009|12.1|21.9|900103|724.6917|381.471|460.0006
74009|12.1|21.9|900103|655.3331|387.535|490.0006
74009|12.1|21.9|900103|592.2385|358.1127|520.0006
74009|12.1|21.9|900103|552.3022|301.0822|550.0006
74009|12.1|21.9|900103|546.2382|231.7236|580.0006
74009|12.1|21.9|900103|575.6605|168.629|610.0006
74009|12.1|21.9|900103|632.691|128.6927|640.0006
74009|12.1|21.9|900103|702.0496|122.6287|670.0006
74009|12.1|21.9|900103|765.1442|152.051|700.0006