25
74215|0|25.00|7010961|568|320|280
74007|11.8|12|900145|499.9383|276.6399|482.5
74007|11.8|12|900145|611.3601|251.9383|212.5
74007|11.8|12|900145|636.0617|363.3601|302.5
74007|11.8|12|900145|517.4133|399.4053|392.5
74007|12.1|12.3|900145|625.1694|263.0426|585.1064
74007|12.1|12.3|900145|624.9574|377.1695|315.1065
74007|12.1|12.3|900145|510.8305|376.9574|405.1065
74007|12.1|12.3|900145|501.5497|253.3023|495.1065
74007|12.4|12.6|900145|603.0927|392.6705|334.2241
74007|12.4|12.6|900145|495.3295|355.0927|64.22406
74007|12.4|12.6|900145|532.9073|247.3295|154.2241
74007|12.4|12.6|900145|652.7822|279.0586|244.2241
74007|12.7|12.9|900145|487.6038|326.9956|445.027
74007|12.7|12.9|900145|561.0044|239.6038|175.027
74007|12.7|12.9|900145|648.3962|313.0044|265.027
74007|12.7|12.9|900145|576.1616|413.7956|355.027
74007|13|13.2|900145|586.2359|241.3874|553.0601
74007|13|13.2|900145|646.6126|338.2359|283.06
74007|13|13.2|900145|549.7641|398.6126|373.06
74007|13|13.2|900145|476.2853|298.7247|463.06
74007|13.3|13.5|900145|637.0287|361.8033|301.1988
74007|13.3|13.5|900145|526.1967|389.0288|31.1988
74007|13.3|13.5|900145|498.9712|278.1967|121.1988
74007|13.3|13.5|900145|616.7706|239.4664|211.1988
74007|13.6|13.8|900145|506.5283|372.285|409.617
74007|13.6|13.8|900145|515.715|258.5283|139.617
74007|13.6|13.8|900145|629.4717|267.715|229.617
74007|13.6|13.8|900145|628.9992|391.7169|319.617
74007|13.9|14.1|900145|536.482|245.7093|517.0108
74007|13.9|14.1|900145|642.2907|288.482|247.0108
74007|13.9|14.1|900145|599.518|394.2907|337.0108
74007|13.9|14.1|900145|481.3275|356.771|427.0108
74007|14.2|14.4|900145|648.0032|309.4183|622.4655
74007|14.2|14.4|900145|578.5817|400.0032|352.4655
74007|14.2|14.4|900145|487.9968|330.5817|442.4655
74007|14.2|14.4|900145|555.6547|226.6629|532.4655