25
74215|0|25.00|7010971|568|320|290
74007|11.8|12|900145|499.8542|276.7722|482.3887
74007|11.8|12|900145|611.2278|251.8542|212.3887
74007|11.8|12|900145|636.1458|363.2278|302.3887
74007|11.8|12|900145|517.5675|399.5034|392.3887
74006|12.1|12.3|900145|627.8246|265.8382|587.8441
74006|12.1|12.3|900145|622.1618|379.8246|317.8441
74006|12.1|12.3|900145|508.1753|374.1618|407.8441
74006|12.1|12.3|900145|504.8112|250.2046|497.8441
74007|12.4|12.6|900145|604.4442|392.0022|333.1536
74007|12.4|12.6|900145|495.9978|356.4442|63.15356
74007|12.4|12.6|900145|531.5558|247.9978|153.1536
74007|12.4|12.6|900145|652.0026|277.4818|243.1536
74006|12.7|12.9|900145|488.1671|331.7981|441.5934
74006|12.7|12.9|900145|556.2019|240.1671|171.5934
74006|12.7|12.9|900145|647.8329|308.2019|261.5934
74006|12.7|12.9|900145|581.7644|413.1384|351.5934
74007|13|13.2|900145|584.897|241.0888|552.086
74007|13|13.2|900145|646.9113|336.897|282.086
74007|13|13.2|900145|551.103|398.9112|372.086
74007|13|13.2|900145|475.9369|300.2869|462.086
74006|13.3|13.5|900145|639.0892|358.1943|298.2479
74006|13.3|13.5|900145|529.8057|391.0893|28.24793
74006|13.3|13.5|900145|496.9107|281.8057|118.2479
74006|13.3|13.5|900145|612.5601|237.0625|208.2479
74007|13.6|13.8|900145|509.9754|376.086|405.9733
74007|13.6|13.8|900145|511.914|261.9754|135.9733
74007|13.6|13.8|900145|626.0247|263.914|225.9733
74007|13.6|13.8|900145|633.4336|387.6954|315.9733
74006|13.9|14.1|900145|535.9904|245.9198|516.6311
74006|13.9|14.1|900145|642.0802|287.9904|246.6311
74006|13.9|14.1|900145|600.0096|394.0802|336.6311
74006|13.9|14.1|900145|481.5731|357.3446|426.6311
74007|14.2|14.4|900145|647.8359|308.2225|621.6082
74007|14.2|14.4|900145|579.7775|399.836|351.6082
74007|14.2|14.4|900145|488.164|331.7775|441.6082
74007|14.2|14.4|900145|554.2596|226.858|531.6082