20
74207|0.00|20|701066|103|1114|0
11007|5.10|13.10|900049|626.2125|207.7693|300
11007|5.15|13.15|900049|661.7808|237.6231|320
11007|5.20|13.20|900049|685.2924|277.5998|340
11007|5.25|13.25|900049|693.9254|324.517|360
11007|5.30|13.30|900049|684.5458|370.353|380
11007|5.35|13.35|900049|661.6808|409.9564|400
11007|5.40|13.40|900049|626.6754|440.9974|420
11007|5.45|13.45|900049|581.7275|456.9796|440
11007|5.50|13.50|900049|535.3508|456.6063|460
11007|5.55|13.55|900049|491.7125|440.7301|480
11007|5.60|13.60|900049|456.1441|410.8763|500
11007|5.65|13.65|900049|432.6325|370.8996|520
11007|5.70|13.70|900049|423.9995|323.9824|540
11007|5.75|13.75|900049|433.3792|278.1464|560
11007|5.80|13.80|900049|456.2441|238.543|580
11007|5.85|13.85|900049|491.2495|207.502|600
11007|5.90|13.90|900049|536.1974|191.5198|620
11007|5.95|13.95|900049|582.5741|191.8931|640
11007|6.00|14.00|900049|626.2125|207.7693|300
11007|6.05|14.05|900049|661.7808|237.6231|320
11007|6.10|14.10|900049|685.2924|277.5998|340
11007|6.15|14.15|900049|693.9254|324.517|360
11007|6.20|14.20|900049|684.5458|370.353|380
11007|6.25|14.25|900049|661.6808|409.9564|400
11007|6.30|14.30|900049|626.6754|440.9974|420
11007|6.35|14.35|900049|581.7275|456.9796|440
11007|6.40|14.40|900049|535.3508|456.6063|460
11007|6.45|14.45|900049|491.7125|440.7301|480
11007|6.50|14.50|900049|456.1441|410.8763|500
11007|6.55|14.55|900049|432.6325|370.8996|520
11007|6.60|14.60|900049|423.9995|323.9824|540
11006|9.90|17.90|900049|626.2125|207.7693|300
11006|9.95|17.95|900049|661.7808|237.6231|320
11006|10|18.00|900049|685.2924|277.5998|340
11006|10.05|18.05|900049|693.9254|324.517|360
11006|10.10|18.10|900049|684.5458|370.353|380
11006|10.15|18.15|900049|661.6808|409.9564|400
11006|10.20|18.20|900049|626.6754|440.9974|420
11006|10.25|18.25|900049|581.7275|456.9796|440
11006|10.30|18.30|900049|535.3508|456.6063|460
11006|10.35|18.35|900049|491.7125|440.7301|480
11006|10.40|18.40|900049|456.1441|410.8763|500
11006|10.45|18.45|900049|432.6325|370.8996|520
11006|10.50|18.50|900049|423.9995|323.9824|540
11006|10.55|18.55|900049|433.3792|278.1464|560
11006|10.60|18.60|900049|456.2441|238.543|580
11006|10.65|18.65|900049|491.2495|207.502|600
11006|10.70|18.70|900049|536.1974|191.5198|620
11006|10.75|18.75|900049|582.5741|191.8931|640
11006|10.80|18.80|900049|626.2125|207.7693|300
11006|10.85|18.85|900049|661.7808|237.6231|320
11006|10.90|18.90|900049|685.2924|277.5998|340
11006|10.95|18.95|900049|693.9254|324.517|360
11006|11|19.00|900049|684.5458|370.353|380
11006|11.05|19.05|900049|661.6808|409.9564|400
11006|11.10|19.10|900049|626.6754|440.9974|420
11006|11.15|19.15|900049|581.7275|456.9796|440
11006|11.20|19.20|900049|535.3508|456.6063|460
11006|11.25|19.25|900049|491.7125|440.7301|480
11006|11.30|19.30|900049|456.1441|410.8763|500
11006|11.35|19.35|900049|432.6325|370.8996|520
11006|11.40|19.40|900049|423.9995|323.9824|540
