26.4
74215|0|25.00|7010761|198|1246|280
74006|4.1|15|900103|553.994|306.8593|588.2793
74006|4.1|15|900103|490.6187|498.5149|648.2793
74006|4.1|15|900103|292.9788|539.5847|348.2793
74006|4.1|15|900103|158.7141|388.999|408.2793
74006|4.1|15|900103|222.0894|197.3434|468.2793
74006|4.1|15|900103|419.7293|156.2736|528.2793
74006|4.3|15.2|900103|466.814|516.8874|296.8429
74006|4.3|15.2|900103|265.2547|527.9402|356.8429
74006|4.3|15.2|900103|154.7948|358.982|56.84289
74006|4.3|15.2|900103|245.8941|178.9709|116.8429
74006|4.3|15.2|900103|447.4533|167.9181|176.8429
74006|4.3|15.2|900103|557.9133|336.8763|236.8429
74006|4.5|15.4|900103|224.2419|500.5552|370.8976
74006|4.5|15.4|900103|158.2422|309.7874|430.8976
74006|4.5|15.4|900103|290.3543|157.1614|130.8976
74006|4.5|15.4|900103|488.4661|195.3032|190.8976
74006|4.5|15.4|900103|554.4658|386.0709|250.8976
74006|4.5|15.4|900103|422.3538|538.6969|310.8976
74006|4.7|15.6|900103|168.1084|275.0466|441.1832
74006|4.7|15.6|900103|325.4305|148.5631|501.1832
74006|4.7|15.6|900103|513.6761|221.4457|201.1832
74006|4.7|15.6|900103|544.5997|420.8118|261.1832
74006|4.7|15.6|900103|387.2776|547.2952|321.1832
74006|4.7|15.6|900103|199.032|474.4126|381.1832
74006|4.9|15.8|900103|357.5865|146.0709|510.3682
74006|4.9|15.8|900103|531.7192|248.1789|570.3682
74006|4.9|15.8|900103|530.4868|450.0372|270.3682
74006|4.9|15.8|900103|355.1216|549.7875|330.3682
74006|4.9|15.8|900103|180.9888|447.6794|390.3682
74006|4.9|15.8|900103|182.2212|245.8211|450.3682
74006|5.1|16|900103|549.7146|289.964|583.3308
74006|5.1|16|900103|503.1078|486.3719|643.3308
74006|5.1|16|900103|309.7472|544.3372|343.3308
74006|5.1|16|900103|162.9934|405.8944|403.3308
74006|5.1|16|900103|209.6003|209.4864|463.3308
74006|5.1|16|900103|402.9609|151.5212|523.3308
74006|8.7|19.6|900105|614.1127|102.9899|813.2999
74006|8.7|19.6|900105|782.7952|213.8706|873.2999
74006|8.7|19.6|900105|771.2401|415.4017|573.2999
74006|8.7|19.6|900105|591.0025|506.0521|633.2999
74006|8.7|19.6|900105|422.32|395.1714|693.2999
74006|8.7|19.6|900105|433.8752|193.6403|753.2999
74006|8.9|19.8|900105|796.6111|248.9192|884.0299
74006|8.9|19.8|900105|747.6113|444.744|944.0299
74006|8.9|19.8|900105|553.5579|500.3457|644.0299
74006|8.9|19.8|900105|408.5042|360.1227|704.0299
74006|8.9|19.8|900105|457.5039|164.298|764.0299
74006|8.9|19.8|900105|651.5573|108.6962|824.0299
74006|9.1|20|900105|721.7371|467.4459|593.8329
74006|9.1|20|900105|521.0363|489.0673|653.8329
74006|9.1|20|900105|401.8568|326.1423|353.8329
74006|9.1|20|900105|483.3781|141.596|413.8329
74006|9.1|20|900105|684.0789|119.9747|473.8329
74006|9.1|20|900105|803.2584|282.8996|533.8329
74006|9.299999|20.2|900105|476.7102|462.3522|668.5856
74006|9.299999|20.2|900105|403.0684|274.4023|728.5856
74006|9.299999|20.2|900105|528.9159|116.571|428.5856
74006|9.299999|20.2|900105|728.405|146.6897|488.5856
74006|9.299999|20.2|900105|802.0468|334.6396|548.5856
74006|9.299999|20.2|900105|676.1993|492.4709|608.5856
74006|9.5|20.4|900105|409.5287|245.4604|737.0308
74006|9.5|20.4|900105|557.2794|107.9174|797.0308
74006|9.5|20.4|900105|750.3082|166.978|497.0308
74006|9.5|20.4|900105|795.5865|363.5815|557.0308
74006|9.5|20.4|900105|647.8359|501.1245|617.0308
74006|9.5|20.4|900105|454.807|442.0639|677.0308
74006|9.7|20.6|900105|609.5443|102.7798|812.0018
74006|9.7|20.6|900105|780.6953|209.8107|872.0018
74006|9.7|20.6|900105|773.7087|411.5519|572.0018
74006|9.7|20.6|900105|595.5709|506.2621|632.0018
74006|9.7|20.6|900105|424.4199|399.2312|692.0018
74006|9.7|20.6|900105|431.4066|197.4901|752.0018
74006|14.5|25.4|900103|659.9481|189.7131|440.7325
74006|14.5|25.4|900103|816.2705|61.99615|500.7325
74006|14.5|25.4|900103|1005.084|133.3958|200.7325
74006|14.5|25.4|900103|1037.574|332.5124|260.7325
74006|14.5|25.4|900103|881.252|460.2294|320.7325
74006|14.5|25.4|900103|692.4388|388.8297|380.7325
74006|14.7|25.6|900103|853.8956|59.31599|511.4758
74006|14.7|25.6|900103|1026.022|164.7712|571.4758
74006|14.7|25.6|900103|1020.888|366.5679|271.4758
74006|14.7|25.6|900103|843.6269|462.9095|331.4758
74006|14.7|25.6|900103|671.5005|357.4543|391.4758
74006|14.7|25.6|900103|676.6348|155.6576|451.4758
74006|14.9|25.8|900103|1042.152|203.2475|583.3604
74006|14.9|25.8|900103|995.4434|399.6313|643.3604
74006|14.9|25.8|900103|802.0529|457.4966|343.3604
74006|14.9|25.8|900103|655.3707|318.978|403.3604
74006|14.9|25.8|900103|702.079|122.5942|463.3604
74006|14.9|25.8|900103|895.4696|64.72893|523.3604
74006|15.1|26|900103|968.0803|423.9355|293.7838
74006|15.1|26|900103|767.3981|445.7289|353.7838
74006|15.1|26|900103|648.079|282.9061|53.78384
74006|15.1|26|900103|729.4422|98.28998|113.7838
74006|15.1|26|900103|930.1244|76.49667|173.7838
74006|15.1|26|900103|1049.443|239.3195|233.7838
74006|15.3|26.2|900103|726.5389|421.7677|367.2814
74006|15.3|26.2|900103|648.6382|235.5427|427.2814
74006|15.3|26.2|900103|770.8605|74.88774|127.2814
74006|15.3|26.2|900103|970.9835|100.4579|187.2814
74006|15.3|26.2|900103|1048.884|286.6829|247.2814
74006|15.3|26.2|900103|926.662|447.3378|307.2814
74006|15.5|26.4|900103|656.3597|200.0394|437.6292
74006|15.5|26.4|900103|805.5388|64.04706|497.6292
74006|15.5|26.4|900103|997.9403|125.1205|197.6292
74006|15.5|26.4|900103|1041.163|322.1862|257.6292
74006|15.5|26.4|900103|891.9836|458.1785|317.6292
74006|15.5|26.4|900103|699.5822|397.105|377.6292