20
74207|0.00|18.00|7010891|84|1252|300
74007|4.1|12|900191|667.4029|419.2475|611.3541
74007|4.1|12|900191|672.1644|441.7724|621.3541
74007|4.1|12|900191|674.3772|465.1574|631.3541
74007|4.1|12|900191|672.3367|488.558|641.3541
74007|4.1|12|900191|665.613|510.6999|651.3541
74007|4.1|12|900191|654.636|532.8574|661.3541
74007|4.1|12|900191|641.0946|551.6218|671.3541
74007|4.1|12|900191|623.7143|567.423|681.3541
74007|4.1|12|900191|603.7695|579.8309|691.3541
74007|4.1|12|900191|582.9647|589.6901|701.3541
74007|4.1|12|900191|560.4398|594.4517|711.3541
74007|4.1|12|900191|537.0548|596.6644|721.3541
74007|4.1|12|900191|513.6542|594.624|731.3541
74007|4.1|12|900191|491.5123|587.9002|741.3541
74007|4.1|12|900191|469.3547|576.9232|751.3541
74007|4.1|12|900191|450.5904|563.3818|761.3541
74007|4.1|12|900191|434.7892|546.0015|771.3541
74007|4.1|12|900191|422.3812|526.0567|781.3541
74007|4.1|12|900191|412.522|505.2519|791.3541
74007|4.1|12|900191|407.7605|482.727|801.3541
74007|4.1|12|900191|405.5477|459.342|811.3541
74007|4.1|12|900191|407.5882|435.9414|821.3541
74007|4.1|12|900191|414.312|413.7995|831.3541
74007|4.1|12|900191|425.2889|391.642|841.3541
74007|4.1|12|900191|438.8303|372.8776|851.3541
74007|4.1|12|900191|456.2107|357.0764|861.3541
74007|4.1|12|900191|476.1555|344.6685|871.3541
74007|4.1|12|900191|496.9603|334.8093|881.3541
74007|4.1|12|900191|519.4852|330.0477|891.3541
74007|4.1|12|900191|542.8701|327.835|901.354
74007|4.1|12|900191|566.2708|329.8754|911.3541
74007|4.1|12|900191|588.4127|336.5992|921.354
74007|4.1|12|900191|610.5702|347.5761|931.3541
74007|4.1|12|900191|629.3345|361.1176|941.3541
74007|4.1|12|900191|645.1357|378.4979|951.354
74007|4.1|12|900191|657.5437|398.4427|961.354
74007|4.5|12.4|900191|470.671|577.5274|391.0093
74007|4.5|12.4|900191|452.4596|563.4423|401.0094
74007|4.5|12.4|900191|435.6341|547.0516|411.0093
74007|4.5|12.4|900191|422.04|527.8956|421.0094
74007|4.5|12.4|900191|412.8303|506.667|431.0093
74007|4.5|12.4|900191|406.8521|482.673|441.0093
74007|4.5|12.4|900191|405.0251|459.605|451.0094
74007|4.5|12.4|900191|408.0424|436.3102|461.0093
74007|4.5|12.4|900191|415.2108|413.9413|471.0093
74007|4.5|12.4|900191|424.6848|392.9583|481.0093
74007|4.5|12.4|900191|438.7699|374.7469|491.0093
74007|4.5|12.4|900191|455.1606|357.9213|501.0093
74007|4.5|12.4|900191|474.3166|344.3273|511.0094
74007|4.5|12.4|900191|495.5452|335.1176|521.0093
74007|4.5|12.4|900191|519.5392|329.1393|531.0093
74007|4.5|12.4|900191|542.6072|327.3124|541.0093
74007|4.5|12.4|900191|565.902|330.3296|551.0093
74007|4.5|12.4|900191|588.2709|337.498|561.0093
74007|4.5|12.4|900191|609.2539|346.972|571.0093
74007|4.5|12.4|900191|627.4653|361.0571|581.0093
74007|4.5|12.4|900191|644.2908|377.4478|591.0093
74007|4.5|12.4|900191|657.8849|396.6039|601.0093
74007|4.5|12.4|900191|667.0946|417.8324|611.0093
74007|4.5|12.4|900191|673.0728|441.8264|621.0093
74007|4.5|12.4|900191|674.8998|464.8944|631.0093
74007|4.5|12.4|900191|671.8826|488.1892|641.0093
74007|4.5|12.4|900191|664.7141|510.5581|651.0093
74007|4.5|12.4|900191|655.2402|531.5411|661.0093
74007|4.5|12.4|900191|641.155|549.7525|671.0093
74007|4.5|12.4|900191|624.7644|566.5781|681.0093
74007|4.5|12.4|900191|605.6083|580.1721|691.0093
74007|4.5|12.4|900191|584.3798|589.3818|701.0093
74007|4.5|12.4|900191|560.3857|595.36|711.0093
74007|4.5|12.4|900191|537.3177|597.187|721.0093
74007|4.5|12.4|900191|514.0229|594.1698|731.0093
74007|4.5|12.4|900191|491.6541|587.0014|741.0093
74007|4.9|12.8|900191|534.4806|327.8615|537.6641
74007|4.9|12.8|900191|557.4362|329.6173|547.6641
74007|4.9|12.8|900191|580.5015|334.0609|557.6641
74007|4.9|12.8|900191|602.3873|342.591|567.6641
74007|4.9|12.8|900191|621.7499|355.2623|577.6641
74007|4.9|12.8|900191|639.933|372.0201|587.6641
74007|4.9|12.8|900191|654.1393|390.2863|597.6641
74007|4.9|12.8|900191|664.4236|411.4047|607.6641
74007|4.9|12.8|900191|670.731|434.0314|617.6641
74007|4.9|12.8|900191|674.3507|456.7678|627.6641
74007|4.9|12.8|900191|672.5948|479.7234|637.6641
74007|4.9|12.8|900191|668.1512|502.7887|647.6641
74007|4.9|12.8|900191|659.6212|524.6746|657.6641
74007|4.9|12.8|900191|646.9498|544.0371|667.6641
74007|4.9|12.8|900191|630.192|562.2202|677.6641
74007|4.9|12.8|900191|611.9258|576.4265|687.6641
74007|4.9|12.8|900191|590.8074|586.7108|697.6641
74007|4.9|12.8|900191|568.1807|593.0182|707.6641
74007|4.9|12.8|900191|545.4443|596.6379|717.6641
74007|4.9|12.8|900191|522.4887|594.8821|727.6641
74007|4.9|12.8|900191|499.4234|590.4385|737.6641
74007|4.9|12.8|900191|477.5376|581.9084|747.6641
74007|4.9|12.8|900191|458.175|569.2371|757.6641
74007|4.9|12.8|900191|439.9919|552.4792|767.6641
74007|4.9|12.8|900191|425.7856|534.2131|777.6641
74007|4.9|12.8|900191|415.5013|513.0947|787.6641
74007|4.9|12.8|900191|409.1939|490.468|797.6641
74007|4.9|12.8|900191|405.5742|467.7316|807.6641
74007|4.9|12.8|900191|407.3301|444.7759|817.6641
74007|4.9|12.8|900191|411.7737|421.7107|827.6641
74007|4.9|12.8|900191|420.3037|399.8248|837.6641
74007|4.9|12.8|900191|432.9751|380.4623|847.6641
74007|4.9|12.8|900191|449.7329|362.2792|857.6641
74007|4.9|12.8|900191|467.9991|348.0729|867.6641
74007|4.9|12.8|900191|489.1175|337.7886|877.6641
74007|4.9|12.8|900191|511.7442|331.4811|887.6641
74002|8.7|16.6|900192|441.4374|283.5953|442.1762
74002|8.7|16.6|900192|440.9898|260.577|452.1762
74002|8.7|16.6|900192|443.2072|237.1925|462.1762
74002|8.7|16.6|900192|449.605|214.5912|472.1762
74002|8.7|16.6|900192|460.3666|194.1055|482.1762
74002|8.7|16.6|900192|475.3086|174.4031|492.1762
74002|8.7|16.6|900192|492.1324|158.515|502.1762
74002|8.7|16.6|900192|512.1704|146.2582|512.1762
74002|8.7|16.6|900192|534.0902|137.8157|522.1762
74002|8.7|16.6|900192|556.3762|132.0382|532.1762
74002|8.7|16.6|900192|579.3945|131.5906|542.1762
74002|8.7|16.6|900192|602.7791|133.808|552.1762
74002|8.7|16.6|900192|625.3804|140.2059|562.1762
74002|8.7|16.6|900192|645.866|150.9674|572.1762
74002|8.7|16.6|900192|665.5685|165.9094|582.1762
74002|8.7|16.6|900192|681.4565|182.7332|592.1762
74002|8.7|16.6|900192|693.7134|202.7713|602.1762
74002|8.7|16.6|900192|702.1558|224.6911|612.1761
74002|8.7|16.6|900192|707.9333|246.9771|622.1762
74002|8.7|16.6|900192|708.381|269.9954|632.1762
74002|8.7|16.6|900192|706.1636|293.3799|642.1761
74002|8.7|16.6|900192|699.7657|315.9812|652.1761
74002|8.7|16.6|900192|689.0042|336.4669|662.1762
74002|8.7|16.6|900192|674.0621|356.1693|672.1762
74002|8.7|16.6|900192|657.2383|372.0574|682.1762
74002|8.7|16.6|900192|637.2003|384.3142|692.1761
74002|8.7|16.6|900192|615.2805|392.7567|702.1762
74002|8.7|16.6|900192|592.9945|398.5342|712.1762
74002|8.7|16.6|900192|569.9762|398.9818|722.1762
74002|8.7|16.6|900192|546.5916|396.7644|732.1761
74002|8.7|16.6|900192|523.9903|390.3665|742.1762
74002|8.7|16.6|900192|503.5047|379.605|752.1761
74002|8.7|16.6|900192|483.8023|364.663|762.1762
74002|8.7|16.6|900192|467.9142|347.8391|772.1762
74002|8.7|16.6|900192|455.6573|327.8011|782.1761
74002|8.7|16.6|900192|447.2149|305.8813|792.1761
74002|9.2|17.1|900192|708.5348|252.0728|624.3621
74002|9.2|17.1|900192|708.104|275.0915|634.3621
74002|9.2|17.1|900192|704.9963|298.3744|644.3621
74002|9.2|17.1|900192|697.741|320.7152|654.3621
74002|9.2|17.1|900192|686.2059|340.7755|664.3621
74002|9.2|17.1|900192|670.5233|359.8937|674.3621
74002|9.2|17.1|900192|653.1057|375.1285|684.3621
74002|9.2|17.1|900192|632.6147|386.6121|694.3621
74002|9.2|17.1|900192|610.3889|394.2123|704.3621
74002|9.2|17.1|900192|587.8987|399.1356|714.3621
74002|9.2|17.1|900192|564.8801|398.7049|724.3621
74002|9.2|17.1|900192|541.5972|395.5972|734.3621
74002|9.2|17.1|900192|519.2563|388.3419|744.3621
74002|9.2|17.1|900192|499.196|376.8068|754.3621
74002|9.2|17.1|900192|480.0779|361.1241|764.3621
74002|9.2|17.1|900192|464.8431|343.7065|774.3621
74002|9.2|17.1|900192|453.3595|323.2155|784.3621
74002|9.2|17.1|900192|445.7592|300.9897|794.3621
74002|9.2|17.1|900192|440.836|278.4996|804.3621
74002|9.2|17.1|900192|441.2667|255.4809|814.3621
74002|9.2|17.1|900192|444.3744|232.198|824.3621
74002|9.2|17.1|900192|451.6297|209.8571|834.3621
74002|9.2|17.1|900192|463.1648|189.7969|844.3621
74002|9.2|17.1|900192|478.8475|170.6787|854.3621
74002|9.2|17.1|900192|496.265|155.4439|864.3621
74002|9.2|17.1|900192|516.756|143.9603|874.3621
74002|9.2|17.1|900192|538.9819|136.3601|884.3621
74002|9.2|17.1|900192|561.472|131.4368|894.3621
74002|9.2|17.1|900192|584.4907|131.8675|904.3621
74002|9.2|17.1|900192|607.7736|134.9752|914.3621
74002|9.2|17.1|900192|630.1144|142.2305|924.3621
74002|9.2|17.1|900192|650.1747|153.7656|934.3621
74002|9.2|17.1|900192|669.2928|169.4483|944.3621
74002|9.2|17.1|900192|684.5276|186.8659|954.3621
74002|9.2|17.1|900192|696.0112|207.3568|964.3621
74002|9.2|17.1|900192|703.6115|229.5827|974.3621
74002|9.7|17.6|900192|440.7203|277.2695|444.8884
74002|9.7|17.6|900192|441.3624|254.2558|454.8885
74002|9.7|17.6|900192|444.6838|231.0024|464.8884
74002|9.7|17.6|900192|452.1441|208.7291|474.8885
74002|9.7|17.6|900192|463.8629|188.7757|484.8884
74002|9.7|17.6|900192|479.7206|169.8024|494.8884
74002|9.7|17.6|900192|497.2773|154.7282|504.8885
74002|9.7|17.6|900192|517.8729|143.4333|514.8884
74002|9.7|17.6|900192|540.1677|136.0376|524.8884
74002|9.7|17.6|900192|562.7021|131.3211|534.8884
74002|9.7|17.6|900192|585.7158|131.9632|544.8884
74002|9.7|17.6|900192|608.9692|135.2847|554.8884
74002|9.7|17.6|900192|631.2424|142.7449|564.8884
74002|9.7|17.6|900192|651.1959|154.4638|574.8884
74002|9.7|17.6|900192|670.1692|170.3214|584.8884
74002|9.7|17.6|900192|685.2433|187.8782|594.8884
74002|9.7|17.6|900192|696.5383|208.4738|604.8884
74002|9.7|17.6|900192|703.934|230.7685|614.8884
74002|9.7|17.6|900192|708.6505|253.3029|624.8884
74002|9.7|17.6|900192|708.0083|276.3167|634.8884
74002|9.7|17.6|900192|704.6869|299.57|644.8884
74002|9.7|17.6|900192|697.2267|321.8433|654.8884
74002|9.7|17.6|900192|685.5078|341.7967|664.8884
74002|9.7|17.6|900192|669.6501|360.77|674.8884
74002|9.7|17.6|900192|652.0934|375.8442|684.8884
74002|9.7|17.6|900192|631.4978|387.1391|694.8884
74002|9.7|17.6|900192|609.2031|394.5349|704.8884
74002|9.7|17.6|900192|586.6686|399.2513|714.8884
74002|9.7|17.6|900192|563.6549|398.6091|724.8884
74002|9.7|17.6|900192|540.4016|395.2877|734.8884
74002|9.7|17.6|900192|518.1283|387.8275|744.8884
74002|9.7|17.6|900192|498.1748|376.1086|754.8884
74002|9.7|17.6|900192|479.2015|360.251|764.8884
74002|9.7|17.6|900192|464.1274|342.6942|774.8884
74002|9.7|17.6|900192|452.8325|322.0986|784.8884
74002|9.7|17.6|900192|445.4367|299.8039|794.8884
74002|10.2|18.1|900192|708.4319|251.0699|623.9326
74002|10.2|18.1|900192|708.1738|274.0911|633.9326
74002|10.2|18.1|900192|705.2407|297.3967|643.9326
74002|10.2|18.1|900192|698.1531|319.7913|653.9326
74002|10.2|18.1|900192|686.7687|339.9374|663.9326
74002|10.2|18.1|900192|671.2297|359.1726|673.9326
74002|10.2|18.1|900192|653.9269|374.5376|683.9326
74002|10.2|18.1|900192|633.5226|386.1744|693.9326
74002|10.2|18.1|900192|611.3543|393.9411|703.9326
74002|10.2|18.1|900192|588.9017|399.0328|713.9326
74002|10.2|18.1|900192|565.8804|398.7746|723.9326
74002|10.2|18.1|900192|542.5749|395.8415|733.9326
74002|10.2|18.1|900192|520.1803|388.7539|743.9326
74002|10.2|18.1|900192|500.0341|377.3695|753.9326
74002|10.2|18.1|900192|480.799|361.8306|763.9326
74002|10.2|18.1|900192|465.434|344.5277|773.9326
74002|10.2|18.1|900192|453.7971|324.1234|783.9326
74002|10.2|18.1|900192|446.0305|301.9551|793.9326
74002|10.2|18.1|900192|440.9388|279.5025|803.9326
74002|10.2|18.1|900192|441.1969|256.4813|813.9326
74002|10.2|18.1|900192|444.13|233.1757|823.9326
74002|10.2|18.1|900192|451.2177|210.7811|833.9326
74002|10.2|18.1|900192|462.6021|190.6349|843.9326
74002|10.2|18.1|900192|478.141|171.3998|853.9326
74002|10.2|18.1|900192|495.4439|156.0348|863.9326
74002|10.2|18.1|900192|515.8481|144.3979|873.9326
74002|10.2|18.1|900192|538.0164|136.6313|883.9326
74002|10.2|18.1|900192|560.4691|131.5396|893.9326
74002|10.2|18.1|900192|583.4903|131.7978|903.9326
74002|10.2|18.1|900192|606.7958|134.7309|913.9326
74002|10.2|18.1|900192|629.1904|141.8185|923.9326
74002|10.2|18.1|900192|649.3366|153.2029|933.9326
74002|10.2|18.1|900192|668.5718|168.7418|943.9326
74002|10.2|18.1|900192|683.9368|186.0447|953.9326
74002|10.2|18.1|900192|695.5736|206.449|963.9326
74002|10.2|18.1|900192|703.3402|228.6173|973.9326
74002|10.7|18.6|900192|441.8848|286.5997|440.8822
74002|10.7|18.6|900192|440.9175|263.5973|450.8822
74002|10.7|18.6|900192|442.6063|240.1687|460.8822
74002|10.7|18.6|900192|448.4921|217.4287|470.8822
74002|10.7|18.6|900192|458.7883|196.7052|480.8822
74002|10.7|18.6|900192|473.2816|176.6704|490.8822
74002|10.7|18.6|900192|489.7423|160.4064|500.8822
74002|10.7|18.6|900192|509.4985|147.7003|510.8822
74002|10.7|18.6|900192|531.222|138.7649|520.8822
74002|10.7|18.6|900192|553.3719|132.4856|530.8822
74002|10.7|18.6|900192|576.3742|131.5183|540.8822
74002|10.7|18.6|900192|599.8029|133.2071|550.8822
74002|10.7|18.6|900192|622.5429|139.0929|560.8822
74002|10.7|18.6|900192|643.2663|149.3891|570.8822
74002|10.7|18.6|900192|663.3011|163.8824|580.8822
74002|10.7|18.6|900192|679.5651|180.3432|590.8822
74002|10.7|18.6|900192|692.2713|200.0993|600.8822
74002|10.7|18.6|900192|701.2066|221.8229|610.8822
74002|10.7|18.6|900192|707.486|243.9727|620.8822
74002|10.7|18.6|900192|708.4532|266.9751|630.8822
74002|10.7|18.6|900192|706.7645|290.4037|640.8822
74002|10.7|18.6|900192|700.8786|313.1437|650.8822
74002|10.7|18.6|900192|690.5824|333.8672|660.8822
74002|10.7|18.6|900192|676.0891|353.902|670.8822
74002|10.7|18.6|900192|659.6284|370.166|680.8822
74002|10.7|18.6|900192|639.8723|382.8721|690.8822
74002|10.7|18.6|900192|618.1487|391.8074|700.8822
74002|10.7|18.6|900192|595.9988|398.0868|710.8822
74002|10.7|18.6|900192|572.9965|399.0541|720.8822
74002|10.7|18.6|900192|549.5679|397.3653|730.8822
74002|10.7|18.6|900192|526.8278|391.4795|740.8822
74002|10.7|18.6|900192|506.1044|381.1833|750.8822
74002|10.7|18.6|900192|486.0696|366.6899|760.8822
74002|10.7|18.6|900192|469.8056|350.2292|770.8822
74002|10.7|18.6|900192|457.0994|330.4731|780.8822
74002|10.7|18.6|900192|448.1641|308.7495|790.8822
74002|11.2|19.1|900192|708.9434|257.2216|626.5625
74002|11.2|19.1|900192|707.6292|280.2068|636.5625
74002|11.2|19.1|900192|703.6299|303.3532|646.5624
74002|11.2|19.1|900192|695.5222|325.399|656.5625
74002|11.2|19.1|900192|683.2254|345.0016|666.5624
74002|11.2|19.1|900192|666.8203|363.5035|676.5624
74002|11.2|19.1|900192|648.8306|378.0583|686.5625
74002|11.2|19.1|900192|627.9138|388.7468|696.5624
74002|11.2|19.1|900192|605.4125|395.4881|706.5624
74002|11.2|19.1|900192|582.7499|399.5442|716.5625
74002|11.2|19.1|900192|559.7648|398.23|726.5624
74002|11.2|19.1|900192|536.6183|394.2307|736.5625
74002|11.2|19.1|900192|514.5726|386.123|746.5625
74002|11.2|19.1|900192|494.97|373.8262|756.5625
74002|11.2|19.1|900192|476.468|357.4211|766.5625
74002|11.2|19.1|900192|461.9132|339.4314|776.5625
74002|11.2|19.1|900192|451.2248|318.5146|786.5625
74002|11.2|19.1|900192|444.4835|296.0134|796.5624
74002|11.2|19.1|900192|440.4274|273.3508|806.5625
74002|11.2|19.1|900192|441.7415|250.3656|816.5625
74002|11.2|19.1|900192|445.7409|227.2192|826.5624
74002|11.2|19.1|900192|453.8486|205.1734|836.5624
74002|11.2|19.1|900192|466.1453|185.5708|846.5625
74002|11.2|19.1|900192|482.5505|167.0689|856.5625
74002|11.2|19.1|900192|500.5402|152.514|866.5625
74002|11.2|19.1|900192|521.4569|141.8256|876.5624
74002|11.2|19.1|900192|543.9582|135.0843|886.5625
74002|11.2|19.1|900192|566.6208|131.0282|896.5625
74002|11.2|19.1|900192|589.6059|132.3424|906.5625
74002|11.2|19.1|900192|612.7524|136.3417|916.5624
74002|11.2|19.1|900192|634.7982|144.4494|926.5625
74002|11.2|19.1|900192|654.4008|156.7462|936.5624
74002|11.2|19.1|900192|672.9027|173.1513|946.5625
74002|11.2|19.1|900192|687.4575|191.141|956.5625
74002|11.2|19.1|900192|698.1459|212.0577|966.5624
74002|11.2|19.1|900192|704.8872|234.559|976.5624