20
74207|0.00|20.00|7010874|1135|-482|480
74004|4.1|12|900191|580.2467|278.4794|606.4357
74004|4.1|12|900191|586.9219|300.5131|616.4357
74004|4.1|12|900191|591.1315|323.6223|626.4356
74004|4.1|12|900191|591.1049|347.1117|636.4357
74004|4.1|12|900191|586.3043|369.7485|646.4356
74004|4.1|12|900191|577.2675|392.7656|656.4356
74004|4.1|12|900191|565.3847|412.6218|666.4357
74004|4.1|12|900191|549.4232|429.855|676.4356
74004|4.1|12|900191|530.6157|443.9273|686.4356
74004|4.1|12|900191|510.7327|455.5339|696.4357
74004|4.1|12|900191|488.699|462.2092|706.4356
74004|4.1|12|900191|465.5898|466.4188|716.4357
74004|4.1|12|900191|442.1004|466.3921|726.4357
74004|4.1|12|900191|419.4636|461.5915|736.4357
74004|4.1|12|900191|396.4465|452.5547|746.4357
74004|4.1|12|900191|376.5903|440.6719|756.4357
74004|4.1|12|900191|359.3571|424.7104|766.4357
74004|4.1|12|900191|345.2848|405.9029|776.4356
74004|4.1|12|900191|333.6782|386.02|786.4357
74004|4.1|12|900191|327.0029|363.9862|796.4357
74004|4.1|12|900191|322.7933|340.8771|806.4356
74004|4.1|12|900191|322.82|317.3877|816.4356
74004|4.1|12|900191|327.6206|294.7509|826.4357
74004|4.1|12|900191|336.6574|271.7338|836.4357
74004|4.1|12|900191|348.5402|251.8775|846.4357
74004|4.1|12|900191|364.5017|234.6443|856.4356
74004|4.1|12|900191|383.3092|220.572|866.4357
74004|4.1|12|900191|403.1921|208.9654|876.4357
74004|4.1|12|900191|425.2259|202.2901|886.4357
74004|4.1|12|900191|448.335|198.0806|896.4356
74004|4.1|12|900191|471.8244|198.1072|906.4357
74004|4.1|12|900191|494.4612|202.9078|916.4356
74004|4.1|12|900191|517.4783|211.9446|926.4357
74004|4.1|12|900191|537.3346|223.8274|936.4357
74004|4.1|12|900191|554.5677|239.7889|946.4356
74004|4.1|12|900191|568.6401|258.5965|956.4356
74004|4.5|12.4|900191|395.9958|452.1385|386.9545
74004|4.5|12.4|900191|376.834|439.3763|396.9546
74004|4.5|12.4|900191|358.8916|424.2165|406.9545
74004|4.5|12.4|900191|343.9771|406.0696|416.9546
74004|4.5|12.4|900191|333.2893|385.5454|426.9545
74004|4.5|12.4|900191|325.6294|362.0342|436.9545
74004|4.5|12.4|900191|322.1758|339.1531|446.9546
74004|4.5|12.4|900191|323.5383|315.7032|456.9545
74004|4.5|12.4|900191|329.1071|292.8835|466.9545
74004|4.5|12.4|900191|337.0736|271.283|476.9545
74004|4.5|12.4|900191|349.8358|252.1212|486.9545
74004|4.5|12.4|900191|364.9956|234.1788|496.9545
74004|4.5|12.4|900191|383.1425|219.2643|506.9546
74004|4.5|12.4|900191|403.6667|208.5765|516.9545
74004|4.5|12.4|900191|427.1779|200.9166|526.9545
74004|4.5|12.4|900191|450.059|197.4631|536.9545
74004|4.5|12.4|900191|473.5089|198.8255|546.9545
74004|4.5|12.4|900191|496.3286|204.3943|556.9545
74004|4.5|12.4|900191|517.9291|212.3609|566.9545
74004|4.5|12.4|900191|537.0908|225.123|576.9545
74004|4.5|12.4|900191|555.0333|240.2829|586.9545
74004|4.5|12.4|900191|569.9478|258.4297|596.9545
74004|4.5|12.4|900191|580.6356|278.9539|606.9545
74004|4.5|12.4|900191|588.2955|302.4651|616.9545
74004|4.5|12.4|900191|591.749|325.3463|626.9545
74004|4.5|12.4|900191|590.3866|348.7961|636.9545
74004|4.5|12.4|900191|584.8178|371.6159|646.9545
74004|4.5|12.4|900191|576.8512|393.2163|656.9545
74004|4.5|12.4|900191|564.0891|412.3781|666.9545
74004|4.5|12.4|900191|548.9293|430.3205|676.9545
74004|4.5|12.4|900191|530.7823|445.235|686.9545
74004|4.5|12.4|900191|510.2582|455.9229|696.9545
74004|4.5|12.4|900191|486.7469|463.5827|706.9545
74004|4.5|12.4|900191|463.8658|467.0363|716.9545
74004|4.5|12.4|900191|440.416|465.6738|726.9545
74004|4.5|12.4|900191|417.5962|460.105|736.9545
74004|4.9|12.8|900191|437.9922|199.0942|531.8918
74004|4.9|12.8|900191|461.0081|198.5323|541.8918
74004|4.9|12.8|900191|484.4033|200.6337|551.8918
74004|4.9|12.8|900191|507.0361|206.9193|561.8918
74004|4.9|12.8|900191|527.5749|217.579|571.8918
74004|4.9|12.8|900191|547.3512|232.4231|581.8918
74004|4.9|12.8|900191|563.3226|249.1678|591.8918
74004|4.9|12.8|900191|575.6787|269.1448|601.8918
74004|4.9|12.8|900191|584.2299|291.0224|611.8918
74004|4.9|12.8|900191|590.1179|313.2795|621.8918
74004|4.9|12.8|900191|590.6797|336.2953|631.8918
74004|4.9|12.8|900191|588.5785|359.6906|641.8918
74004|4.9|12.8|900191|582.2928|382.3233|651.8918
74004|4.9|12.8|900191|571.6331|402.8621|661.8918
74004|4.9|12.8|900191|556.789|422.6385|671.8918
74004|4.9|12.8|900191|540.0443|438.6098|681.8918
74004|4.9|12.8|900191|520.0673|450.9659|691.8918
74004|4.9|12.8|900191|498.1897|459.5171|701.8918
74004|4.9|12.8|900191|475.9326|465.4052|711.8918
74004|4.9|12.8|900191|452.9168|465.967|721.8918
74004|4.9|12.8|900191|429.5215|463.8657|731.8918
74004|4.9|12.8|900191|406.8888|457.58|741.8918
74004|4.9|12.8|900191|386.35|446.9203|751.8918
74004|4.9|12.8|900191|366.5736|432.0762|761.8918
74004|4.9|12.8|900191|350.6023|415.3315|771.8918
74004|4.9|12.8|900191|338.2462|395.3545|781.8918
74004|4.9|12.8|900191|329.695|373.4769|791.8918
74004|4.9|12.8|900191|323.8069|351.2198|801.8918
74004|4.9|12.8|900191|323.2451|328.204|811.8918
74004|4.9|12.8|900191|325.3464|304.8088|821.8918
74004|4.9|12.8|900191|331.6321|282.176|831.8918
74004|4.9|12.8|900191|342.2918|261.6372|841.8918
74004|4.9|12.8|900191|357.1359|241.8609|851.8918
74004|4.9|12.8|900191|373.8806|225.8895|861.8918
74004|4.9|12.8|900191|393.8576|213.5334|871.8918
74004|4.9|12.8|900191|415.7352|204.9822|881.8918
74007|8.7|16.6|900192|662.6285|205.2694|520.7543
74007|8.7|16.6|900192|685.1023|200.2723|530.7543
74007|8.7|16.6|900192|708.4628|197.8149|540.7543
74007|8.7|16.6|900192|731.8835|199.6103|550.7543
74007|8.7|16.6|900192|754.0945|206.1019|560.7543
74007|8.7|16.6|900192|776.3658|216.8463|570.7543
74007|8.7|16.6|900192|795.2709|230.1905|580.7543
74007|8.7|16.6|900192|811.2531|247.4045|590.7543
74007|8.7|16.6|900192|823.8693|267.2183|600.7543
74007|8.7|16.6|900192|833.9457|287.9188|610.7543
74007|8.7|16.6|900192|838.9427|310.3926|620.7543
74007|8.7|16.6|900192|841.4002|333.7531|630.7543
74007|8.7|16.6|900192|839.6049|357.1738|640.7543
74007|8.7|16.6|900192|833.1132|379.3849|650.7543
74007|8.7|16.6|900192|822.3688|401.6561|660.7543
74007|8.7|16.6|900192|809.0246|420.5612|670.7543
74007|8.7|16.6|900192|791.8106|436.5435|680.7543
74007|8.7|16.6|900192|771.9968|449.1595|690.7543
74007|8.7|16.6|900192|751.2963|459.236|700.7543
74007|8.7|16.6|900192|728.8225|464.2331|710.7543
74007|8.7|16.6|900192|705.462|466.6906|720.7543
74007|8.7|16.6|900192|682.0413|464.8951|730.7543
74007|8.7|16.6|900192|659.8303|458.4036|740.7543
74007|8.7|16.6|900192|637.559|447.6591|750.7543
74007|8.7|16.6|900192|618.6539|434.3149|760.7543
74007|8.7|16.6|900192|602.6717|417.101|770.7543
74007|8.7|16.6|900192|590.0555|397.2871|780.7543
74007|8.7|16.6|900192|579.9791|376.5867|790.7543
74007|8.7|16.6|900192|574.9821|354.1128|800.7543
74007|8.7|16.6|900192|572.5246|330.7523|810.7542
74007|8.7|16.6|900192|574.3199|307.3316|820.7543
74007|8.7|16.6|900192|580.8116|285.1206|830.7542
74007|8.7|16.6|900192|591.556|262.8493|840.7543
74007|8.7|16.6|900192|604.9002|243.9442|850.7543
74007|8.7|16.6|900192|622.1142|227.962|860.7542
74007|8.7|16.6|900192|641.928|215.3459|870.7542
74007|9.2|17.1|900192|754.7852|457.9636|339.1722
74007|9.2|17.1|900192|732.4579|463.5793|349.1722
74007|9.2|17.1|900192|709.1741|466.6807|359.1722
74007|9.2|17.1|900192|685.7128|465.5326|369.1722
74007|9.2|17.1|900192|663.3309|459.6567|379.1722
74007|9.2|17.1|900192|640.7716|449.5313|389.1722
74007|9.2|17.1|900192|621.5053|436.714|399.1722
74007|9.2|17.1|900192|605.0539|419.9478|409.1722
74007|9.2|17.1|900192|591.8956|400.4899|419.1722
74007|9.2|17.1|900192|581.2515|380.0755|429.1722
74007|9.2|17.1|900192|575.6359|357.7482|439.1722
74007|9.2|17.1|900192|572.5344|334.4644|449.1722
74007|9.2|17.1|900192|573.6825|311.0031|459.1722
74007|9.2|17.1|900192|579.5584|288.6213|469.1722
74007|9.2|17.1|900192|589.6839|266.0619|479.1722
74007|9.2|17.1|900192|602.5011|246.7956|489.1722
74007|9.2|17.1|900192|619.2673|230.3442|499.1722
74007|9.2|17.1|900192|638.7252|217.1859|509.1722
74007|9.2|17.1|900192|659.1396|206.5418|519.1722
74007|9.2|17.1|900192|681.4669|200.9261|529.1722
74007|9.2|17.1|900192|704.7507|197.8247|539.1722
74007|9.2|17.1|900192|728.212|198.9728|549.1722
74007|9.2|17.1|900192|750.5939|204.8487|559.1722
74007|9.2|17.1|900192|773.1532|214.9742|569.1722
74007|9.2|17.1|900192|792.4195|227.7914|579.1722
74007|9.2|17.1|900192|808.8709|244.5576|589.1722
74007|9.2|17.1|900192|822.0292|264.0155|599.1722
74007|9.2|17.1|900192|832.6733|284.4299|609.1722
74007|9.2|17.1|900192|838.2889|306.7572|619.1722
74007|9.2|17.1|900192|841.3904|330.041|629.1722
74007|9.2|17.1|900192|840.2423|353.5023|639.1722
74007|9.2|17.1|900192|834.3664|375.8842|649.1722
74007|9.2|17.1|900192|824.2409|398.4435|659.1722
74007|9.2|17.1|900192|811.4237|417.7098|669.1722
74007|9.2|17.1|900192|794.6575|434.1612|679.1722
74007|9.2|17.1|900192|775.1996|447.3195|689.1722
74007|9.7|17.6|900192|665.7006|204.2382|522.1348
74007|9.7|17.6|900192|688.2883|199.784|532.1348
74007|9.7|17.6|900192|711.7012|197.8901|542.1348
74007|9.7|17.6|900192|735.0719|200.2492|552.1348
74007|9.7|17.6|900192|757.1201|207.274|562.1348
74007|9.7|17.6|900192|779.126|218.5518|572.1348
74007|9.7|17.6|900192|797.7041|232.3477|582.1348
74007|9.7|17.6|900192|813.267|249.9417|592.1348
74007|9.7|17.6|900192|825.4021|270.0537|602.1348
74007|9.7|17.6|900192|834.9769|290.9909|612.1348
74007|9.7|17.6|900192|839.4312|313.5786|622.1348
74007|9.7|17.6|900192|841.3251|336.9915|632.1348
74007|9.7|17.6|900192|838.9659|360.3622|642.1348
74007|9.7|17.6|900192|831.9411|382.4104|652.1348
74007|9.7|17.6|900192|820.6633|404.4163|662.1348
74007|9.7|17.6|900192|806.8674|422.9944|672.1348
74007|9.7|17.6|900192|789.2734|438.5573|682.1348
74007|9.7|17.6|900192|769.1614|450.6924|692.1348
74007|9.7|17.6|900192|748.2242|460.2672|702.1348
74007|9.7|17.6|900192|725.6365|464.7214|712.1348
74007|9.7|17.6|900192|702.2236|466.6154|722.1348
74007|9.7|17.6|900192|678.8529|464.2562|732.1348
74007|9.7|17.6|900192|656.8047|457.2314|742.1348
74007|9.7|17.6|900192|634.7988|445.9536|752.1348
74007|9.7|17.6|900192|616.2207|432.1577|762.1348
74007|9.7|17.6|900192|600.6578|414.5638|772.1348
74007|9.7|17.6|900192|588.5227|394.4518|782.1348
74007|9.7|17.6|900192|578.9479|373.5145|792.1348
74007|9.7|17.6|900192|574.4937|350.9268|802.1348
74007|9.7|17.6|900192|572.5997|327.5139|812.1348
74007|9.7|17.6|900192|574.9589|304.1432|822.1348
74007|9.7|17.6|900192|581.9837|282.095|832.1348
74007|9.7|17.6|900192|593.2615|260.0891|842.1348
74007|9.7|17.6|900192|607.0574|241.511|852.1348
74007|9.7|17.6|900192|624.6514|225.9481|862.1348
74007|9.7|17.6|900192|644.7634|213.813|872.1348
74007|10.2|18.1|900192|752.905|458.6628|340.0268
74007|10.2|18.1|900192|730.4965|463.9449|350.0268
74007|10.2|18.1|900192|707.169|466.6987|360.0268
74007|10.2|18.1|900192|683.7274|465.2009|370.0268
74007|10.2|18.1|900192|661.4357|458.9918|380.0268
74007|10.2|18.1|900192|639.0299|448.531|390.0268
74007|10.2|18.1|900192|619.9569|435.4279|400.0268
74007|10.2|18.1|900192|603.7574|418.4182|410.0268
74007|10.2|18.1|900192|590.8907|398.7662|420.0268
74007|10.2|18.1|900192|580.5522|378.1953|430.0268
74007|10.2|18.1|900192|575.2702|355.7868|440.0268
74007|10.2|18.1|900192|572.5164|332.4594|450.0268
74007|10.2|18.1|900192|574.0143|309.0177|460.0268
74007|10.2|18.1|900192|580.2233|286.726|470.0268
74007|10.2|18.1|900192|590.6841|264.3202|480.0268
74007|10.2|18.1|900192|603.7872|245.2472|490.0268
74007|10.2|18.1|900192|620.7969|229.0477|500.0268
74007|10.2|18.1|900192|640.4489|216.181|510.0268
74007|10.2|18.1|900192|661.0198|205.8426|520.0268
74007|10.2|18.1|900192|683.4283|200.5605|530.0268
74007|10.2|18.1|900192|706.7558|197.8067|540.0267
74007|10.2|18.1|900192|730.1974|199.3046|550.0267
74007|10.2|18.1|900192|752.4891|205.5136|560.0268
74007|10.2|18.1|900192|774.8949|215.9744|570.0268
74007|10.2|18.1|900192|793.9679|229.0775|580.0268
74007|10.2|18.1|900192|810.1674|246.0872|590.0267
74007|10.2|18.1|900192|823.0341|265.7392|600.0268
74007|10.2|18.1|900192|833.3726|286.3101|610.0268
74007|10.2|18.1|900192|838.6546|308.7187|620.0268
74007|10.2|18.1|900192|841.4084|332.0461|630.0267
74007|10.2|18.1|900192|839.9105|355.4877|640.0268
74007|10.2|18.1|900192|833.7015|377.7794|650.0267
74007|10.2|18.1|900192|823.2407|400.1852|660.0268
74007|10.2|18.1|900192|810.1376|419.2582|670.0268
74007|10.2|18.1|900192|793.1279|435.4577|680.0267
74007|10.2|18.1|900192|773.4759|448.3244|690.0267
74007|10.7|18.6|900192|662.2064|205.4176|520.5637
74007|10.7|18.6|900192|684.6635|200.3457|530.5637
74007|10.7|18.6|900192|708.0157|197.8106|540.5637
74007|10.7|18.6|900192|731.4422|199.5281|550.5637
74007|10.7|18.6|900192|753.6747|205.9458|560.5637
74007|10.7|18.6|900192|775.9816|216.6161|570.5637
74007|10.7|18.6|900192|794.931|229.8974|580.5637
74007|10.7|18.6|900192|810.9704|247.0581|590.5637
74007|10.7|18.6|900192|823.6523|266.8298|600.5637
74007|10.7|18.6|900192|833.7975|287.4967|610.5637
74007|10.7|18.6|900192|838.8694|309.9538|620.5637
74007|10.7|18.6|900192|841.4045|333.306|630.5637
74007|10.7|18.6|900192|839.687|356.7325|640.5637
74007|10.7|18.6|900192|833.2693|378.9651|650.5637
74007|10.7|18.6|900192|822.599|401.2719|660.5637
74007|10.7|18.6|900192|809.3177|420.2213|670.5637
74007|10.7|18.6|900192|792.157|436.2607|680.5637
74007|10.7|18.6|900192|772.3853|448.9426|690.5637
74007|10.7|18.6|900192|751.7184|459.0878|700.5637
74007|10.7|18.6|900192|729.2614|464.1597|710.5637
74007|10.7|18.6|900192|705.9091|466.6948|720.5637
74007|10.7|18.6|900192|682.4826|464.9773|730.5637
74007|10.7|18.6|900192|660.2501|458.5596|740.5637
74007|10.7|18.6|900192|637.9432|447.8893|750.5637
74007|10.7|18.6|900192|618.9938|434.608|760.5637
74007|10.7|18.6|900192|602.9544|417.4473|770.5637
74007|10.7|18.6|900192|590.2725|397.6756|780.5637
74007|10.7|18.6|900192|580.1273|377.0087|790.5637
74007|10.7|18.6|900192|575.0554|354.5516|800.5637
74007|10.7|18.6|900192|572.5203|331.1994|810.5637
74007|10.7|18.6|900192|574.2378|307.7729|820.5637
74007|10.7|18.6|900192|580.6555|285.5404|830.5637
74007|10.7|18.6|900192|591.3258|263.2335|840.5637
74007|10.7|18.6|900192|604.6071|244.2842|850.5637
74007|10.7|18.6|900192|621.7678|228.2448|860.5637
74007|10.7|18.6|900192|641.5396|215.5628|870.5637
74007|11.2|19.1|900192|752.8649|458.6775|340.045
74007|11.2|19.1|900192|730.4547|463.9524|350.045
74007|11.2|19.1|900192|707.1263|466.6988|360.045
74007|11.2|19.1|900192|683.6852|465.1935|370.045
74007|11.2|19.1|900192|661.3955|458.9774|380.045
74007|11.2|19.1|900192|638.9929|448.5095|390.045
74007|11.2|19.1|900192|619.9241|435.4002|400.045
74007|11.2|19.1|900192|603.73|418.3855|410.045
74007|11.2|19.1|900192|590.8696|398.7294|420.045
74007|11.2|19.1|900192|580.5377|378.1552|430.045
74007|11.2|19.1|900192|575.2628|355.7449|440.045
74007|11.2|19.1|900192|572.5163|332.4166|450.045
74007|11.2|19.1|900192|574.0216|308.9755|460.045
74007|11.2|19.1|900192|580.2378|286.6858|470.045
74007|11.2|19.1|900192|590.7057|264.2833|480.045
74007|11.2|19.1|900192|603.8149|245.2144|490.045
74007|11.2|19.1|900192|620.8297|229.0203|500.045
74007|11.2|19.1|900192|640.4858|216.1599|510.045
74007|11.2|19.1|900192|661.0599|205.828|520.045
74007|11.2|19.1|900192|683.4702|200.5531|530.045
74007|11.2|19.1|900192|706.7985|197.8066|540.0449
74007|11.2|19.1|900192|730.2396|199.312|550.0449
74007|11.2|19.1|900192|752.5293|205.5281|560.045
74007|11.2|19.1|900192|774.9319|215.996|570.045
74007|11.2|19.1|900192|794.0007|229.1052|580.045
74007|11.2|19.1|900192|810.1948|246.12|590.0449
74007|11.2|19.1|900192|823.0552|265.7761|600.045
74007|11.2|19.1|900192|833.3871|286.3503|610.045
74007|11.2|19.1|900192|838.662|308.7605|620.045
74007|11.2|19.1|900192|841.4085|332.0888|630.0449
74007|11.2|19.1|900192|839.9032|355.5299|640.045
74007|11.2|19.1|900192|833.687|377.8196|650.0449
74007|11.2|19.1|900192|823.2191|400.2222|660.045
74007|11.2|19.1|900192|810.1099|419.291|670.045
74007|11.2|19.1|900192|793.0952|435.4851|680.0449
74007|11.2|19.1|900192|773.439|448.3456|690.0449