18.5
74207|0.00|15.00|7010903|-553|106|10
74007|4|15|900067|483.4362|351.2476|350
74007|4|15|900067|437.5273|478.1627|410
74007|4|15|900067|305.0707|501.5185|470
74007|4|15|900067|218.5229|397.9591|530
74007|4|15|900067|264.4317|271.0439|590
74007|4|15|900067|396.8883|247.6882|650
74007|4.1|15.1|900067|499.5295|371.6276|360
74007|4.1|15.1|900067|432.7412|488.5669|420
74007|4.1|15.1|900067|298.9633|488.938|480
74007|4.1|15.1|900067|231.9736|372.3697|540
74007|4.1|15.1|900067|298.7619|255.4304|599.9999
74007|4.1|15.1|900067|432.5399|255.0594|659.9999
74007|4.2|15.2|900067|512.9738|392.4748|370
74007|4.2|15.2|900067|425.9299|495.231|430
74007|4.2|15.2|900067|293.4797|472.1502|490
74007|4.2|15.2|900067|248.0734|346.3132|549.9999
74007|4.2|15.2|900067|335.1173|243.557|610
74007|4.2|15.2|900067|467.5675|266.6378|670
74007|4.3|15.3|900067|522.2108|412.6981|380
74007|4.3|15.3|900067|418.6514|499.2459|440
74007|4.3|15.3|900067|291.7362|453.3372|500
74007|4.3|15.3|900067|268.3805|320.8805|559.9999
74007|4.3|15.3|900067|371.9398|234.3327|620
74007|4.3|15.3|900067|498.855|280.2415|680
74007|4.4|15.4|900067|527.007|430.9729|390
74007|4.4|15.4|900067|410.4387|497.9626|450
74007|4.4|15.4|900067|293.4994|431.1743|510
74007|4.4|15.4|900067|293.1284|297.3963|570
74007|4.4|15.4|900067|409.6966|230.4066|630
74007|4.4|15.4|900067|526.6359|297.1949|689.9999
74007|4.5|15.5|900067|527.5959|448.6238|400
74007|4.5|15.5|900067|401.7589|494.0302|460
74007|4.5|15.5|900067|299.0027|406.9862|519.9999
74007|4.5|15.5|900067|322.0835|274.5361|580
74007|4.5|15.5|900067|447.9205|229.1298|639.9999
74007|4.5|15.5|900067|550.6767|316.1737|699.9999
74007|4.6|15.6|900067|572.0684|335.6195|350
74007|4.6|15.6|900067|526.1595|462.5347|410
74007|4.6|15.6|900067|393.7029|485.8904|470
74007|4.6|15.6|900067|307.1551|382.3311|530
74007|4.6|15.6|900067|353.0639|255.4159|590
74007|4.6|15.6|900067|485.5205|232.0601|650
74007|4.7|15.7|900067|588.1617|355.9996|360
74007|4.7|15.7|900067|521.3734|472.9389|420
74007|4.7|15.7|900067|387.5955|473.3099|480
74007|4.7|15.7|900067|320.6058|356.7416|540
74007|4.7|15.7|900067|387.3941|239.8023|599.9999
74007|4.7|15.7|900067|521.1721|239.4313|659.9999
74007|4.8|15.8|900067|601.606|376.8467|370
74007|4.8|15.8|900067|514.5621|479.6029|430
74007|4.8|15.8|900067|382.1119|456.5221|490
74007|4.8|15.8|900067|336.7056|330.6851|549.9999
74007|4.8|15.8|900067|423.7495|227.9289|610
74007|4.8|15.8|900067|556.1997|251.0097|670
74007|4.9|15.9|900067|610.843|397.07|380
74007|4.9|15.9|900067|507.2836|483.6179|440
74007|4.9|15.9|900067|380.3684|437.7091|500
74007|4.9|15.9|900067|357.0127|305.2525|559.9999
74007|4.9|15.9|900067|460.5721|218.7046|620
74007|4.9|15.9|900067|587.4872|264.6134|680
74007|5|16|900067|615.6392|415.3449|390
74007|5|16|900067|499.0709|482.3346|450
74007|5|16|900067|382.1316|415.5463|510
74007|5|16|900067|381.7606|281.7683|570
74007|5|16|900067|498.3288|214.7786|630
74007|5|16|900067|615.2681|281.5669|689.9999
74007|5.1|16.1|900067|616.2281|432.9958|400
74007|5.1|16.1|900067|490.3911|478.4021|460
74007|5.1|16.1|900067|387.6349|391.3582|519.9999
74007|5.1|16.1|900067|410.7157|258.908|580
74007|5.1|16.1|900067|536.5527|213.5017|639.9999
74007|5.1|16.1|900067|639.309|300.5456|699.9999
74007|5.2|16.2|900067|660.7009|319.9915|350
74007|5.2|16.2|900067|614.7921|446.9066|410
74007|5.2|16.2|900067|482.3355|470.2624|470
74007|5.2|16.2|900067|395.7877|366.703|530
74007|5.2|16.2|900067|441.6964|239.7878|590
74007|5.2|16.2|900067|574.1531|216.4321|650
74007|5.3|16.3|900067|676.7946|340.3715|360
74007|5.3|16.3|900067|610.0063|457.3108|420
74007|5.3|16.3|900067|476.2283|457.6819|480
74007|5.3|16.3|900067|409.2386|341.1136|540
74007|5.3|16.3|900067|476.0269|224.1743|599.9999
74007|5.3|16.3|900067|609.8049|223.8033|659.9999
74007|5.4|16.4|900067|690.2391|361.2187|370
74007|5.4|16.4|900067|603.1953|463.9749|430
74007|5.4|16.4|900067|470.7451|440.8941|490
74007|5.4|16.4|900067|425.3387|315.0571|549.9999
74007|5.4|16.4|900067|512.3826|212.3009|610
74007|5.4|16.4|900067|644.8328|235.3817|670
74007|5.5|16.5|900067|699.4764|381.442|380
74007|5.5|16.5|900067|595.9171|467.9898|440
74007|5.5|16.5|900067|469.0019|422.0811|500
74007|5.5|16.5|900067|445.6461|289.6244|559.9999
74007|5.5|16.5|900067|549.2055|203.0766|620
74007|5.5|16.5|900067|676.1207|248.9854|680
74007|5.6|16.6|900067|704.2729|399.7168|390
74007|5.6|16.6|900067|587.7047|466.7065|450
74007|5.6|16.6|900067|470.7654|399.9182|510
74007|5.6|16.6|900067|470.3943|266.1402|570
74007|5.6|16.6|900067|586.9626|199.1505|630
74007|5.6|16.6|900067|703.9019|265.9388|689.9999
74007|5.7|16.7|900067|704.8621|417.3677|400
74007|5.7|16.7|900067|579.0251|462.774|460
74007|5.7|16.7|900067|476.269|375.7301|519.9999
74007|5.7|16.7|900067|499.3498|243.28|580
74007|5.7|16.7|900067|625.1868|197.8737|639.9999
74007|5.7|16.7|900067|727.943|284.9176|699.9999
74007|5.8|16.8|900067|749.3349|304.3634|350
74007|5.8|16.8|900067|703.4261|431.2786|410
74007|5.8|16.8|900067|570.9695|454.6343|470
74007|5.8|16.8|900067|484.4217|351.075|530
74007|5.8|16.8|900067|530.3304|224.1598|590
74007|5.8|16.8|900067|662.7871|200.804|650
74007|5.9|16.9|900067|765.4286|324.7435|360
74007|5.9|16.9|900067|698.6403|441.6828|420
74007|5.9|16.9|900067|564.8624|442.0538|480
74007|5.9|16.9|900067|497.8727|325.4855|540
74007|5.9|16.9|900067|564.6609|208.5462|599.9999
74007|5.9|16.9|900067|698.4389|208.1752|659.9999
74007|6|17|900067|778.8732|345.5906|370
74007|6|17|900067|691.8293|448.3468|430
74007|6|17|900067|559.3791|425.266|490
74007|6|17|900067|513.9728|299.429|549.9999
74007|6|17|900067|601.0167|196.6728|610
74007|6|17|900067|733.4669|219.7536|670
74007|6.1|17.1|900067|788.1105|365.8139|380
74007|6.1|17.1|900067|684.5511|452.3618|440
74007|6.1|17.1|900067|557.6359|406.453|500
74007|6.1|17.1|900067|534.2802|273.9964|559.9999
74007|6.1|17.1|900067|637.8395|187.4485|620
74007|6.1|17.1|900067|764.7547|233.3573|680
74007|6.2|17.2|900067|792.907|384.0888|390
74007|6.2|17.2|900067|676.3387|451.0785|450
74007|6.2|17.2|900067|559.3994|384.2902|510
74007|6.2|17.2|900067|559.0283|250.5122|570
74007|6.2|17.2|900067|675.5966|183.5225|630
74007|6.2|17.2|900067|792.5359|250.3108|689.9999
74007|6.3|17.3|900067|793.4962|401.7397|400
74007|6.3|17.3|900067|667.6592|447.146|460
74007|6.3|17.3|900067|564.903|360.1021|519.9999
74007|6.3|17.3|900067|587.9838|227.6519|580
74007|6.3|17.3|900067|713.8208|182.2456|639.9999
74007|6.3|17.3|900067|816.577|269.2895|699.9999
74007|6.4|17.4|900067|837.9689|288.7354|350
74007|6.4|17.4|900067|792.0602|415.6505|410
74007|6.4|17.4|900067|659.6035|439.0063|470
74007|6.4|17.4|900067|573.0557|335.4469|530
74007|6.4|17.4|900067|618.9645|208.5317|590
74007|6.4|17.4|900067|751.4211|185.176|650
74007|6.5|17.5|900067|854.0626|309.1154|360
74007|6.5|17.5|900067|787.2744|426.0547|420
74007|6.5|17.5|900067|653.4964|426.4258|480
74007|6.5|17.5|900067|586.5067|309.8575|540
74007|6.5|17.5|900067|653.295|192.9182|599.9999
74007|6.5|17.5|900067|787.0729|192.5471|659.9999
74007|6.6|17.6|900067|867.5072|329.9626|370
74007|6.6|17.6|900067|780.4633|432.7188|430
74007|6.6|17.6|900067|648.0131|409.638|490
74007|6.6|17.6|900067|602.6068|283.801|549.9999
74007|6.6|17.6|900067|689.6507|181.0448|610
74007|6.6|17.6|900067|822.1009|204.1256|670
74007|6.7|17.7|900067|876.7445|350.1859|380
74007|6.7|17.7|900067|773.1851|436.7337|440
74007|6.7|17.7|900067|646.27|390.825|500
74007|6.7|17.7|900067|622.9142|258.3683|559.9999
74007|6.7|17.7|900067|726.4736|171.8205|620
74007|6.7|17.7|900067|853.3887|217.7293|680
74007|6.8|17.8|900067|881.541|368.4607|390
74007|6.8|17.8|900067|764.9727|435.4504|450
74007|6.8|17.8|900067|648.0334|368.6621|510
74007|6.8|17.8|900067|647.6624|234.8841|570
74007|6.8|17.8|900067|764.2307|167.8944|630
74007|6.8|17.8|900067|881.1699|234.6827|689.9999
74007|6.9|17.9|900067|882.1302|386.1116|400
74007|6.9|17.9|900067|756.2932|431.5179|460
74007|6.9|17.9|900067|653.537|344.474|519.9999
74007|6.9|17.9|900067|676.6179|212.0238|580
74007|6.9|17.9|900067|802.4548|166.6176|639.9999
74007|6.9|17.9|900067|905.2111|253.6615|699.9999
74007|7|18|900067|926.603|273.1073|350
74007|7|18|900067|880.6942|400.0225|410
74007|7|18|900067|748.2375|423.3782|470
74007|7|18|900067|661.6898|319.8188|530
74007|7|18|900067|707.5985|192.9037|590
74007|7|18|900067|840.0552|169.5479|650
74007|7.1|18.1|900067|942.6967|293.4874|360
74007|7.1|18.1|900067|875.9084|410.4267|420
74007|7.1|18.1|900067|742.1304|410.7977|480
74007|7.1|18.1|900067|675.1407|294.2294|540
74007|7.1|18.1|900067|741.929|177.2901|599.9999
74007|7.1|18.1|900067|875.707|176.9191|659.9999
74007|7.2|18.2|900067|956.1412|314.3345|370
74007|7.2|18.2|900067|869.0974|417.0907|430
74007|7.2|18.2|900067|736.6472|394.0099|490
74007|7.2|18.2|900067|691.2408|268.1729|549.9999
74007|7.2|18.2|900067|778.2847|165.4167|610
74007|7.2|18.2|900067|910.7349|188.4975|670
74007|7.3|18.3|900067|965.3785|334.5578|380
74007|7.3|18.3|900067|861.8192|421.1057|440
74007|7.3|18.3|900067|734.904|375.1969|500
74007|7.3|18.3|900067|711.5482|242.7403|559.9999
74007|7.3|18.3|900067|815.1076|156.1924|620
74007|7.3|18.3|900067|942.0228|202.1012|680
74007|7.4|18.4|900067|970.175|352.8327|390
74007|7.4|18.4|900067|853.6068|419.8224|450
74007|7.4|18.4|900067|736.6675|353.0341|510
74007|7.4|18.4|900067|736.2964|219.2561|570
74007|7.4|18.4|900067|852.8647|152.2664|630
74007|7.4|18.4|900067|969.804|219.0547|689.9999
74007|7.5|18.5|900067|963.3781|371.7859|400
74007|7.5|18.5|900067|837.5411|417.1922|460
74007|7.5|18.5|900067|734.7849|330.1483|519.9999
74007|7.5|18.5|900067|757.8657|197.6981|580
74007|7.5|18.5|900067|883.7027|152.2918|639.9999
74007|7.5|18.5|900067|986.4589|239.3358|699.9999