25
74215|0|25.00|7010734|1624|15|525
74006|5.1|12|900187|781.4436|284.8527|405
74006|5.1|12|900187|781.5687|389.2527|435
74006|5.1|12|900187|729.2605|479.8532|465
74006|5.1|12|900187|638.785|531.9451|495
74006|5.1|12|900187|534.385|532.0701|525
74006|5.1|12|900187|443.7845|479.762|555
74006|5.1|12|900187|391.6926|389.2865|585
74006|5.1|12|900187|391.5676|284.8865|614.9999
74006|5.1|12|900187|443.8757|194.2859|645
74006|5.1|12|900187|534.3513|142.1941|675
74006|5.1|12|900187|638.7512|142.069|705
74006|5.1|12|900187|729.3517|194.3772|735
74006|5.5|12.4|900187|781.4436|284.8527|405
74006|5.5|12.4|900187|781.5687|389.2527|435
74006|5.5|12.4|900187|729.2605|479.8532|465
74006|5.5|12.4|900187|638.785|531.9451|495
74006|5.5|12.4|900187|534.385|532.0701|525
74006|5.5|12.4|900187|443.7845|479.762|555
74006|5.5|12.4|900187|391.6926|389.2865|585
74006|5.5|12.4|900187|391.5676|284.8865|614.9999
74006|5.5|12.4|900187|443.8757|194.2859|645
74006|5.5|12.4|900187|534.3513|142.1941|675
74006|5.5|12.4|900187|638.7512|142.069|705
74006|5.5|12.4|900187|729.3517|194.3772|735
74006|5.9|12.8|900187|781.4436|284.8527|405
74006|5.9|12.8|900187|781.5687|389.2527|435
74006|5.9|12.8|900187|729.2605|479.8532|465
74006|5.9|12.8|900187|638.785|531.9451|495
74006|5.9|12.8|900187|534.385|532.0701|525
74006|5.9|12.8|900187|443.7845|479.762|555
74006|5.9|12.8|900187|391.6926|389.2865|585
74006|5.9|12.8|900187|391.5676|284.8865|614.9999
74006|5.9|12.8|900187|443.8757|194.2859|645
74006|5.9|12.8|900187|534.3513|142.1941|675
74006|5.9|12.8|900187|638.7512|142.069|705
74006|5.9|12.8|900187|729.3517|194.3772|735
74020|10|16.9|900187|781.4436|284.8527|405
74020|10|16.9|900187|729.2605|479.8532|465
74020|10|16.9|900187|534.385|532.0701|525
74020|10|16.9|900187|391.6926|389.2865|585
74020|10|16.9|900187|443.8757|194.2859|645
74020|10|16.9|900187|638.7512|142.069|705
74020|10.6|17.5|900187|781.4436|284.8527|405
74020|10.6|17.5|900187|729.2605|479.8532|465
74020|10.6|17.5|900187|534.385|532.0701|525
74020|10.6|17.5|900187|391.6926|389.2865|585
74020|10.6|17.5|900187|443.8757|194.2859|645
74020|10.6|17.5|900187|638.7512|142.069|705
74025|13.7|20.6|900188|781.4436|284.8527|435
74025|13.7|20.6|900188|534.385|532.0701|555
74025|13.7|20.6|900188|443.8757|194.2859|675