21.9
74215|0|20.00|7010711|-410|793|330
74003|5.2|15|900103|496.2306|269.7874|360
74003|5.2|15|900103|514.2472|337.0391|390
74003|5.2|15|900103|496.2289|404.2845|420
74003|5.2|15|900103|447.0002|453.5179|450
74003|5.2|15|900103|379.7485|471.5345|480
74003|5.2|15|900103|312.5031|453.5162|510
74003|5.2|15|900103|263.2697|404.2875|540
74003|5.2|15|900103|245.2531|337.0358|570
74003|5.2|15|900103|263.2714|269.7904|600
74003|5.2|15|900103|312.5001|220.557|630
74003|5.2|15|900103|379.7518|202.5404|660
74003|5.2|15|900103|446.9972|220.5587|690
74003|5.5|15.3|900103|496.2306|269.7874|360
74003|5.5|15.3|900103|514.2472|337.0391|390
74003|5.5|15.3|900103|496.2289|404.2845|420
74003|5.5|15.3|900103|447.0002|453.5179|450
74003|5.5|15.3|900103|379.7485|471.5345|480
74003|5.5|15.3|900103|312.5031|453.5162|510
74003|5.5|15.3|900103|263.2697|404.2875|540
74003|5.5|15.3|900103|245.2531|337.0358|570
74003|5.5|15.3|900103|263.2714|269.7904|600
74003|5.5|15.3|900103|312.5001|220.557|630
74003|5.5|15.3|900103|379.7518|202.5404|660
74003|5.5|15.3|900103|446.9972|220.5587|690
74003|5.8|15.6|900103|496.2306|269.7874|360
74003|5.8|15.6|900103|514.2472|337.0391|390
74003|5.8|15.6|900103|496.2289|404.2845|420
74003|5.8|15.6|900103|447.0002|453.5179|450
74003|5.8|15.6|900103|379.7485|471.5345|480
74003|5.8|15.6|900103|312.5031|453.5162|510
74003|5.8|15.6|900103|263.2697|404.2875|540
74003|5.8|15.6|900103|245.2531|337.0358|570
74003|5.8|15.6|900103|263.2714|269.7904|600
74003|5.8|15.6|900103|312.5001|220.557|630
74003|5.8|15.6|900103|379.7518|202.5404|660
74003|5.8|15.6|900103|446.9972|220.5587|690
74003|6.1|15.9|900103|496.2306|269.7874|360
74003|6.1|15.9|900103|514.2472|337.0391|390
74003|6.1|15.9|900103|496.2289|404.2845|420
74003|6.1|15.9|900103|447.0002|453.5179|450
74003|6.1|15.9|900103|379.7485|471.5345|480
74003|6.1|15.9|900103|312.5031|453.5162|510
74003|6.1|15.9|900103|263.2697|404.2875|540
74003|6.1|15.9|900103|245.2531|337.0358|570
74003|6.1|15.9|900103|263.2714|269.7904|600
74003|6.1|15.9|900103|312.5001|220.557|630
74003|6.1|15.9|900103|379.7518|202.5404|660
74003|6.1|15.9|900103|446.9972|220.5587|690
74005|11.1|20.9|900103|914.2501|337.0285|29.99879
74005|11.1|20.9|900103|896.2286|404.2789|59.99879
74005|11.1|20.9|900103|847.0026|453.5069|89.99879
74005|11.1|20.9|900103|779.753|471.5313|119.9988
74005|11.1|20.9|900103|712.5026|453.5098|149.9988
74005|11.1|20.9|900103|663.2745|404.2838|179.9988
74005|11.1|20.9|900103|645.2501|337.0342|209.9988
74005|11.1|20.9|900103|663.2717|269.7838|239.9988
74005|11.1|20.9|900103|712.4976|220.5558|269.9988
74005|11.1|20.9|900103|779.7473|202.5313|299.9988
74005|11.1|20.9|900103|846.9976|220.5529|329.9988
74005|11.1|20.9|900103|896.2257|269.7789|359.9988
74005|11.6|21.4|900103|914.2501|337.0285|29.99879
74005|11.6|21.4|900103|896.2286|404.2789|59.99879
74005|11.6|21.4|900103|847.0026|453.5069|89.99879
74005|11.6|21.4|900103|779.753|471.5313|119.9988
74005|11.6|21.4|900103|712.5026|453.5098|149.9988
74005|11.6|21.4|900103|663.2745|404.2838|179.9988
74005|11.6|21.4|900103|645.2501|337.0342|209.9988
74005|11.6|21.4|900103|663.2717|269.7838|239.9988
74005|11.6|21.4|900103|712.4976|220.5558|269.9988
74005|11.6|21.4|900103|779.7473|202.5313|299.9988
74005|11.6|21.4|900103|846.9976|220.5529|329.9988
74005|11.6|21.4|900103|896.2257|269.7789|359.9988
74005|12.1|21.9|900103|914.2501|337.0285|29.99879
74005|12.1|21.9|900103|896.2286|404.2789|59.99879
74005|12.1|21.9|900103|847.0026|453.5069|89.99879
74005|12.1|21.9|900103|779.753|471.5313|119.9988
74005|12.1|21.9|900103|712.5026|453.5098|149.9988
74005|12.1|21.9|900103|663.2745|404.2838|179.9988
74005|12.1|21.9|900103|645.2501|337.0342|209.9988
74005|12.1|21.9|900103|663.2717|269.7838|239.9988
74005|12.1|21.9|900103|712.4976|220.5558|269.9988
74005|12.1|21.9|900103|779.7473|202.5313|299.9988
74005|12.1|21.9|900103|846.9976|220.5529|329.9988
74005|12.1|21.9|900103|896.2257|269.7789|359.9988