26.4
74215|0|25.00|7010772|1278|1040|-135
74004|4.1|15|900103|759.7548|402.6522|622.868
74004|4.1|15|900103|598.7819|524.4554|682.868
74004|4.1|15|900103|412.7605|446.0696|382.868
74004|4.1|15|900103|387.712|245.8806|442.868
74004|4.1|15|900103|548.6849|124.0774|502.868
74004|4.1|15|900103|734.7063|202.4632|562.868
74004|4.3|15.2|900103|556.7712|525.4146|334.8386
74004|4.3|15.2|900103|391.1268|410.0446|394.8386
74004|4.3|15.2|900103|408.089|208.8964|94.83855
74004|4.3|15.2|900103|590.6956|123.1183|154.8385
74004|4.3|15.2|900103|756.34|238.4883|214.8386
74004|4.3|15.2|900103|739.3778|439.6364|274.8386
74004|4.5|15.4|900103|377.4046|371.2056|406.5723
74004|4.5|15.4|900103|435.0425|177.7471|466.5723
74004|4.5|15.4|900103|631.3713|130.808|166.5723
74004|4.5|15.4|900103|770.0623|277.3273|226.5723
74004|4.5|15.4|900103|712.4243|470.7857|286.5723
74004|4.5|15.4|900103|516.0955|517.7249|346.5723
74004|4.7|15.6|900103|468.1903|152.1939|478.4949
74004|4.7|15.6|900103|669.9845|146.9565|538.4949
74004|4.7|15.6|900103|775.5275|319.0291|238.4949
74004|4.7|15.6|900103|679.2765|496.339|298.4949
74004|4.7|15.6|900103|477.4823|501.5763|358.4949
74004|4.7|15.6|900103|371.9393|329.5038|418.4949
74004|4.9|15.8|900103|690.4496|159.5679|545.3423
74004|4.9|15.8|900103|774.6071|343.0504|605.3423
74004|4.9|15.8|900103|657.8907|507.7489|305.3423
74004|4.9|15.8|900103|457.0172|488.9649|365.3423
74004|4.9|15.8|900103|372.8597|305.4825|425.3423
74004|4.9|15.8|900103|489.576|140.784|485.3423
74004|5.1|16|900103|766.7682|383.3074|617.025
74004|5.1|16|900103|619.0316|520.8654|677.025
74004|5.1|16|900103|425.9968|461.8243|377.025
74004|5.1|16|900103|380.6986|265.2254|437.025
74004|5.1|16|900103|528.4352|127.6675|497.025
74004|5.1|16|900103|721.47|186.7085|557.025
74004|8.7|19.6|900105|817.3752|127.1815|822.5041
74004|8.7|19.6|900105|966.1501|263.6158|882.5041
74004|8.7|19.6|900105|922.5083|460.7038|582.5041
74004|8.7|19.6|900105|730.0916|521.3575|642.5041
74004|8.7|19.6|900105|581.3167|384.9231|702.5041
74004|8.7|19.6|900105|624.9585|187.8351|762.5041
74004|8.9|19.8|900105|974.6333|304.5839|894.422
74004|8.9|19.8|900105|891.1138|488.3576|954.422
74004|8.9|19.8|900105|690.2139|508.0432|654.422
74004|8.9|19.8|900105|572.8335|343.9551|714.422
74004|8.9|19.8|900105|656.353|160.1814|774.422
74004|8.9|19.8|900105|857.2529|140.4957|834.422
74004|9.1|20|900105|853.6361|509.6443|606.7007
74004|9.1|20|900105|653.1605|486.0262|666.7007
74004|9.1|20|900105|573.2578|300.6514|366.7007
74004|9.1|20|900105|693.8307|138.8946|426.7007
74004|9.1|20|900105|894.3063|162.5127|486.7007
74004|9.1|20|900105|974.209|347.8876|546.7007
74004|9.299999|20.2|900105|622.5734|458.0564|678.5073
74004|9.299999|20.2|900105|582.4173|260.2287|738.5073
74004|9.299999|20.2|900105|733.5773|126.4418|438.5074
74004|9.299999|20.2|900105|924.8934|190.4826|498.5074
74004|9.299999|20.2|900105|965.0495|388.3102|558.5073
74004|9.299999|20.2|900105|813.8895|522.0971|618.5073
74004|9.5|20.4|900105|600.9125|219.9564|751.1331
74004|9.5|20.4|900105|777.7231|122.5589|811.1331
74004|9.5|20.4|900105|950.5441|226.872|511.1331
74004|9.5|20.4|900105|946.5543|428.5825|571.1331
74004|9.5|20.4|900105|769.7437|525.98|631.1331
74004|9.5|20.4|900105|596.9227|421.667|691.1331
74004|9.7|20.6|900105|821.2755|128.0858|823.6405
74004|9.7|20.6|900105|967.3152|267.4439|883.6405
74004|9.7|20.6|900105|919.7731|463.6276|583.6405
74004|9.7|20.6|900105|726.1913|520.4531|643.6405
74004|9.7|20.6|900105|580.1516|381.095|703.6405
74004|9.7|20.6|900105|627.6937|184.9114|763.6405
74004|14.5|25.4|900103|553.4376|416.2128|627.1159
74004|14.5|25.4|900103|383.8847|525.7579|687.1159
74004|14.5|25.4|900103|204.1805|433.8084|387.1159
74004|14.5|25.4|900103|194.0292|232.3139|447.1159
74004|14.5|25.4|900103|363.5821|122.7689|507.1159
74004|14.5|25.4|900103|543.2863|214.7183|567.1159
74004|14.7|25.6|900103|332.4958|521.8684|341.8061
74004|14.7|25.6|900103|182.0699|387.2567|401.8061
74004|14.7|25.6|900103|223.3074|189.6516|101.8061
74004|14.7|25.6|900103|414.971|126.6583|161.8061
74004|14.7|25.6|900103|565.397|261.2701|221.8061
74004|14.7|25.6|900103|524.1594|458.8751|281.8061
74004|14.9|25.8|900103|172.5303|340.5603|415.3877
74004|14.9|25.8|900103|259.1352|158.2203|475.3877
74004|14.9|25.8|900103|460.3383|141.9234|175.3877
74004|14.9|25.8|900103|574.9365|307.9665|235.3877
74004|14.9|25.8|900103|488.3316|490.3065|295.3877
74004|14.9|25.8|900103|287.1285|506.6034|355.3877
74004|15.1|26|900103|279.2728|145.8664|482.1173
74004|15.1|26|900103|480.9946|153.3889|542.1173
74004|15.1|26|900103|575.4552|331.7859|242.1173
74004|15.1|26|900103|468.194|502.6603|302.1173
74004|15.1|26|900103|266.4722|495.1378|362.1173
74004|15.1|26|900103|172.0116|316.7409|422.1173
74004|15.3|26.2|900103|516.0167|181.0721|554.8361
74004|15.3|26.2|900103|568.7574|375.9226|614.8361
74004|15.3|26.2|900103|426.4741|519.1138|314.8361
74004|15.3|26.2|900103|231.45|467.4547|374.8361
74004|15.3|26.2|900103|178.7093|272.6042|434.8361
74004|15.3|26.2|900103|320.9927|129.4129|494.8361
74004|15.5|26.4|900103|551.2175|420.4283|628.4683
74004|15.5|26.4|900103|379.1265|525.9413|688.4683
74004|15.5|26.4|900103|201.6424|429.7763|388.4682
74004|15.5|26.4|900103|196.2493|228.0984|448.4682
74004|15.5|26.4|900103|368.3403|122.5855|508.4683
74004|15.5|26.4|900103|545.8244|218.7505|568.4683