71
14015|0.00|20.00|900405
11021|3.00|23.00|900405
14015|6.00|26.00|900405
11021|9.00|29.00|900405
14015|12.00|32.00|900405
11021|15.00|35.00|900405
14015|18.00|38.00|900405
11021|21.00|41.00|900405
14015|24.00|44.00|900405
11021|27.00|47.00|900405
14015|30.00|50.00|900405
11021|33.00|53.00|900405
14015|36.00|56.00|900405
11021|39.00|59.00|900405
14015|42.00|62.00|900405
11021|45.00|65.00|900405
14015|48.00|68.00|900405
11021|51.00|71.00|900405
11004|3.00|15.00|900408
11004|3.00|15.00|900409
11002|3.00|15.00|900410
11002|3.00|15.00|900411
11004|4.00|16.00|900408
11004|4.00|16.00|900409
11002|4.00|16.00|900410
11002|4.00|16.00|900411
11004|5.00|17.00|900408
11004|5.00|17.00|900409
11002|5.00|17.00|900410
11002|5.00|17.00|900411
11004|6.00|18.00|900408
11004|6.00|18.00|900409
11002|6.00|18.00|900410
11002|6.00|18.00|900411
11004|7.00|19.00|900408
11004|7.00|19.00|900409
11002|7.00|19.00|900410
11002|7.00|19.00|900411
11004|8.00|20.00|900408
11004|8.00|20.00|900409
11002|8.00|20.00|900410
11002|8.00|20.00|900411
11004|9.00|21.00|900408
11004|9.00|21.00|900409
11002|9.00|21.00|900410
11002|9.00|21.00|900411
11004|10.00|22.00|900408
11004|10.00|22.00|900409
11002|10.00|22.00|900410
11002|10.00|22.00|900411
11004|11.00|23.00|900408
11004|11.00|23.00|900409
11002|11.00|23.00|900410
11002|11.00|23.00|900411
11004|12.00|24.00|900408
11004|12.00|24.00|900409
11002|12.00|24.00|900410
11002|12.00|24.00|900411
11004|13.00|25.00|900408
11004|13.00|25.00|900409
11002|13.00|25.00|900410
11002|13.00|25.00|900411
11004|14.00|26.00|900408
11004|14.00|26.00|900409
11002|14.00|26.00|900410
11002|14.00|26.00|900411
11004|15.00|27.00|900408
11004|15.00|27.00|900409
11002|15.00|27.00|900410
11002|15.00|27.00|900411
11004|16.00|28.00|900408
11004|16.00|28.00|900409
11002|16.00|28.00|900410
11002|16.00|28.00|900411
11004|17.00|29.00|900408
11004|17.00|29.00|900409
11002|17.00|29.00|900410
11002|17.00|29.00|900411
11004|18.00|30.00|900408
11004|18.00|30.00|900409
11002|18.00|30.00|900410
11002|18.00|30.00|900411
11004|19.00|31.00|900408
11004|19.00|31.00|900409
11002|19.00|31.00|900410
11002|19.00|31.00|900411
11004|20.00|32.00|900408
11004|20.00|32.00|900409
11002|20.00|32.00|900410
11002|20.00|32.00|900411
11004|21.00|33.00|900408
11004|21.00|33.00|900409
11002|21.00|33.00|900410
11002|21.00|33.00|900411
11004|22.00|34.00|900408
11004|22.00|34.00|900409
11002|22.00|34.00|900410
11002|22.00|34.00|900411
11004|23.00|35.00|900408
11004|23.00|35.00|900409
11002|23.00|35.00|900410
11002|23.00|35.00|900411
11004|24.00|36.00|900408
11004|24.00|36.00|900409
11002|24.00|36.00|900410
11002|24.00|36.00|900411
11004|25.00|37.00|900408
11004|25.00|37.00|900409
11002|25.00|37.00|900410
11002|25.00|37.00|900411
11004|26.00|38.00|900408
11004|26.00|38.00|900409
11002|26.00|38.00|900410
11002|26.00|38.00|900411
11004|27.00|39.00|900408
11004|27.00|39.00|900409
11002|27.00|39.00|900410
11002|27.00|39.00|900411
11004|28.00|40.00|900408
11004|28.00|40.00|900409
11002|28.00|40.00|900410
11002|28.00|40.00|900411
11004|29.00|41.00|900408
11004|29.00|41.00|900409
11002|29.00|41.00|900410
11002|29.00|41.00|900411
11004|30.00|42.00|900408
11004|30.00|42.00|900409
11002|30.00|42.00|900410
11002|30.00|42.00|900411
11004|31.00|43.00|900408
11004|31.00|43.00|900409
11002|31.00|43.00|900410
11002|31.00|43.00|900411
11004|32.00|44.00|900408
11004|32.00|44.00|900409
11002|32.00|44.00|900410
11002|32.00|44.00|900411
11004|33.00|45.00|900408
11004|33.00|45.00|900409
11002|33.00|45.00|900410
11002|33.00|45.00|900411
11004|34.00|46.00|900408
11004|34.00|46.00|900409
11002|34.00|46.00|900410
11002|34.00|46.00|900411
11004|35.00|47.00|900408
11004|35.00|47.00|900409
11002|35.00|47.00|900410
11002|35.00|47.00|900411
11004|36.00|48.00|900408
11004|36.00|48.00|900409
11002|36.00|48.00|900410
11002|36.00|48.00|900411
11004|37.00|49.00|900408
11004|37.00|49.00|900409
11002|37.00|49.00|900410
11002|37.00|49.00|900411
11004|38.00|50.00|900408
11004|38.00|50.00|900409
11002|38.00|50.00|900410
11002|38.00|50.00|900411
11004|39.00|51.00|900408
11004|39.00|51.00|900409
11002|39.00|51.00|900410
11002|39.00|51.00|900411
11004|40.00|52.00|900408
11004|40.00|52.00|900409
11002|40.00|52.00|900410
11002|40.00|52.00|900411
11004|41.00|53.00|900408
11004|41.00|53.00|900409
11002|41.00|53.00|900410
11002|41.00|53.00|900411
11004|42.00|54.00|900408
11004|42.00|54.00|900409
11002|42.00|54.00|900410
11002|42.00|54.00|900411
11004|43.00|55.00|900408
11004|43.00|55.00|900409
11002|43.00|55.00|900410
11002|43.00|55.00|900411
11004|44.00|56.00|900408
11004|44.00|56.00|900409
11002|44.00|56.00|900410
11002|44.00|56.00|900411
11004|45.00|57.00|900408
11004|45.00|57.00|900409
11002|45.00|57.00|900410
11002|45.00|57.00|900411
11004|46.00|58.00|900408
11004|46.00|58.00|900409
11002|46.00|58.00|900410
11002|46.00|58.00|900411
11004|47.00|59.00|900408
11004|47.00|59.00|900409
11002|47.00|59.00|900410
11002|47.00|59.00|900411
11004|48.00|60.00|900408
11004|48.00|60.00|900409
11002|48.00|60.00|900410
11002|48.00|60.00|900411
11004|49.00|61.00|900408
11004|49.00|61.00|900409
11002|49.00|61.00|900410
11002|49.00|61.00|900411
11004|50.00|62.00|900408
11004|50.00|62.00|900409
11002|50.00|62.00|900410
11002|50.00|62.00|900411
11004|51.00|63.00|900408
11004|51.00|63.00|900409
11002|51.00|63.00|900410
11002|51.00|63.00|900411
11004|52.00|64.00|900408
11004|52.00|64.00|900409
11002|52.00|64.00|900410
11002|52.00|64.00|900411
11004|53.00|65.00|900408
11004|53.00|65.00|900409
11002|53.00|65.00|900410
11002|53.00|65.00|900411
11004|54.00|66.00|900408
11004|54.00|66.00|900409
11002|54.00|66.00|900410
11002|54.00|66.00|900411
11004|55.00|67.00|900408
11004|55.00|67.00|900409
11002|55.00|67.00|900410
11002|55.00|67.00|900411
11004|56.00|68.00|900408
11004|56.00|68.00|900409
11002|56.00|68.00|900410
11002|56.00|68.00|900411
11004|57.00|69.00|900408
11004|57.00|69.00|900409
11002|57.00|69.00|900410
11002|57.00|69.00|900411
11004|58.00|70.00|900408
11004|58.00|70.00|900409
11002|58.00|70.00|900410
11002|58.00|70.00|900411
