70
11007|0.00|15.00|900429
11007|0.00|15.00|900430
11007|0.00|15.00|900431
11007|0.00|15.00|900432
11007|0.00|15.00|900433
11007|0.00|15.00|900434
11007|0.00|15.00|900435
11007|0.00|15.00|900436
11007|0.00|15.00|900437
11007|0.00|15.00|900438
11007|0.00|15.00|900439
11007|0.00|15.00|900440
11007|0.00|15.00|900441
11007|0.00|15.00|900442
11007|0.00|15.00|900443
11007|0.00|15.00|900444
11007|0.00|15.00|900445
11007|0.00|15.00|900446
11007|0.00|15.00|900447
11007|0.00|15.00|900448
11007|0.00|15.00|900449
79230|0.00|15.00|900450
11085|5.00|20.00|900429
11085|5.00|20.00|900430
11085|5.00|20.00|900431
11085|5.00|20.00|900432
11085|5.00|20.00|900433
11085|5.00|20.00|900434
11085|5.00|20.00|900435
11085|5.00|20.00|900436
11085|5.00|20.00|900437
11085|5.00|20.00|900438
11085|5.00|20.00|900439
11085|5.00|20.00|900440
11085|5.00|20.00|900441
11085|5.00|20.00|900442
11085|5.00|20.00|900443
11085|5.00|20.00|900444
11085|5.00|20.00|900445
11085|5.00|20.00|900446
11085|5.00|20.00|900447
11085|5.00|20.00|900448
11085|5.00|20.00|900449
79230|5.00|20.00|900450
11007|10.00|25.00|900429
11007|10.00|25.00|900430
11007|10.00|25.00|900431
11007|10.00|25.00|900432
11007|10.00|25.00|900433
11007|10.00|25.00|900434
11007|10.00|25.00|900435
11007|10.00|25.00|900436
11007|10.00|25.00|900437
11007|10.00|25.00|900438
11007|10.00|25.00|900439
11007|10.00|25.00|900440
11007|10.00|25.00|900441
11007|10.00|25.00|900442
11007|10.00|25.00|900443
11007|10.00|25.00|900444
11007|10.00|25.00|900445
11007|10.00|25.00|900446
11007|10.00|25.00|900447
11007|10.00|25.00|900448
11007|10.00|25.00|900449
79230|10.00|25.00|900450
11085|15.00|30.00|900429
11085|15.00|30.00|900430
11085|15.00|30.00|900431
11085|15.00|30.00|900432
11085|15.00|30.00|900433
11085|15.00|30.00|900434
11085|15.00|30.00|900435
11085|15.00|30.00|900436
11085|15.00|30.00|900437
11085|15.00|30.00|900438
11085|15.00|30.00|900439
11085|15.00|30.00|900440
11085|15.00|30.00|900441
11085|15.00|30.00|900442
11085|15.00|30.00|900443
11085|15.00|30.00|900444
11085|15.00|30.00|900445
11085|15.00|30.00|900446
11085|15.00|30.00|900447
11085|15.00|30.00|900448
11085|15.00|30.00|900449
79230|15.00|30.00|900450
11007|20.00|35.00|900429
11007|20.00|35.00|900430
11007|20.00|35.00|900431
11007|20.00|35.00|900432
11007|20.00|35.00|900433
11007|20.00|35.00|900434
11007|20.00|35.00|900435
11007|20.00|35.00|900436
11007|20.00|35.00|900437
11007|20.00|35.00|900438
11007|20.00|35.00|900439
11007|20.00|35.00|900440
11007|20.00|35.00|900441
11007|20.00|35.00|900442
11007|20.00|35.00|900443
11007|20.00|35.00|900444
11007|20.00|35.00|900445
11007|20.00|35.00|900446
11007|20.00|35.00|900447
11007|20.00|35.00|900448
11007|20.00|35.00|900449
79230|20.00|35.00|900450
11085|25.00|40.00|900429
11085|25.00|40.00|900430
11085|25.00|40.00|900431
11085|25.00|40.00|900432
11085|25.00|40.00|900433
11085|25.00|40.00|900434
11085|25.00|40.00|900435
11085|25.00|40.00|900436
11085|25.00|40.00|900437
11085|25.00|40.00|900438
11085|25.00|40.00|900439
11085|25.00|40.00|900440
11085|25.00|40.00|900441
11085|25.00|40.00|900442
11085|25.00|40.00|900443
11085|25.00|40.00|900444
11085|25.00|40.00|900445
11085|25.00|40.00|900446
11085|25.00|40.00|900447
11085|25.00|40.00|900448
11085|25.00|40.00|900449
79230|25.00|40.00|900450
11007|30.00|45.00|900429
11007|30.00|45.00|900430
11007|30.00|45.00|900431
11007|30.00|45.00|900432
11007|30.00|45.00|900433
11007|30.00|45.00|900434
11007|30.00|45.00|900435
11007|30.00|45.00|900436
11007|30.00|45.00|900437
11007|30.00|45.00|900438
11007|30.00|45.00|900439
11007|30.00|45.00|900440
11007|30.00|45.00|900441
11007|30.00|45.00|900442
11007|30.00|45.00|900443
11007|30.00|45.00|900444
11007|30.00|45.00|900445
11007|30.00|45.00|900446
11007|30.00|45.00|900447
11007|30.00|45.00|900448
11007|30.00|45.00|900449
79230|30.00|45.00|900450
11085|35.00|50.00|900429
11085|35.00|50.00|900430
11085|35.00|50.00|900431
11085|35.00|50.00|900432
11085|35.00|50.00|900433
11085|35.00|50.00|900434
11085|35.00|50.00|900435
11085|35.00|50.00|900436
11085|35.00|50.00|900437
11085|35.00|50.00|900438
11085|35.00|50.00|900439
11085|35.00|50.00|900440
11085|35.00|50.00|900441
11085|35.00|50.00|900442
11085|35.00|50.00|900443
11085|35.00|50.00|900444
11085|35.00|50.00|900445
11085|35.00|50.00|900446
11085|35.00|50.00|900447
11085|35.00|50.00|900448
11085|35.00|50.00|900449
79230|35.00|50.00|900450
11007|40.00|55.00|900429
11007|40.00|55.00|900430
11007|40.00|55.00|900431
11007|40.00|55.00|900432
11007|40.00|55.00|900433
11007|40.00|55.00|900434
11007|40.00|55.00|900435
11007|40.00|55.00|900436
11007|40.00|55.00|900437
11007|40.00|55.00|900438
11007|40.00|55.00|900439
11007|40.00|55.00|900440
11007|40.00|55.00|900441
11007|40.00|55.00|900442
11007|40.00|55.00|900443
11007|40.00|55.00|900444
11007|40.00|55.00|900445
11007|40.00|55.00|900446
11007|40.00|55.00|900447
11007|40.00|55.00|900448
11007|40.00|55.00|900449
79230|40.00|55.00|900450
11085|45.00|60.00|900429
11085|45.00|60.00|900430
11085|45.00|60.00|900431
11085|45.00|60.00|900432
11085|45.00|60.00|900433
11085|45.00|60.00|900434
11085|45.00|60.00|900435
11085|45.00|60.00|900436
11085|45.00|60.00|900437
11085|45.00|60.00|900438
11085|45.00|60.00|900439
11085|45.00|60.00|900440
11085|45.00|60.00|900441
11085|45.00|60.00|900442
11085|45.00|60.00|900443
11085|45.00|60.00|900444
11085|45.00|60.00|900445
11085|45.00|60.00|900446
11085|45.00|60.00|900447
11085|45.00|60.00|900448
11085|45.00|60.00|900449
79230|45.00|60.00|900450
11007|50.00|65.00|900429
11007|50.00|65.00|900430
11007|50.00|65.00|900431
11007|50.00|65.00|900432
11007|50.00|65.00|900433
11007|50.00|65.00|900434
11007|50.00|65.00|900435
11007|50.00|65.00|900436
11007|50.00|65.00|900437
11007|50.00|65.00|900438
11007|50.00|65.00|900439
11007|50.00|65.00|900440
11007|50.00|65.00|900441
11007|50.00|65.00|900442
11007|50.00|65.00|900443
11007|50.00|65.00|900444
11007|50.00|65.00|900445
11007|50.00|65.00|900446
11007|50.00|65.00|900447
11007|50.00|65.00|900448
11007|50.00|65.00|900449
79230|50.00|65.00|900450
11085|55.00|70.00|900429
11085|55.00|70.00|900430
11085|55.00|70.00|900431
11085|55.00|70.00|900432
11085|55.00|70.00|900433
11085|55.00|70.00|900434
11085|55.00|70.00|900435
11085|55.00|70.00|900436
11085|55.00|70.00|900437
11085|55.00|70.00|900438
11085|55.00|70.00|900439
11085|55.00|70.00|900440
11085|55.00|70.00|900441
11085|55.00|70.00|900442
11085|55.00|70.00|900443
11085|55.00|70.00|900444
11085|55.00|70.00|900445
11085|55.00|70.00|900446
11085|55.00|70.00|900447
11085|55.00|70.00|900448
11085|55.00|70.00|900449
79230|55.00|70.00|900450
