70
78229|0.00|30.00|1011072
65119|25.00|43.00|1010362
60118|38.00|68.00|1010442
11016|0.00|30.00|1004801
11016|0.00|30.00|1004652
11016|0.00|30.00|1004603
11016|0.00|30.00|1004754
11016|0.00|30.00|1004761
11016|4.00|34.00|1004752
11016|4.00|34.00|1004633
11016|4.00|34.00|1004804
11016|4.00|34.00|1004881
11016|4.00|34.00|1004872
11016|8.00|38.00|1004653
11016|8.00|38.00|1004664
11016|8.00|38.00|1004821
11016|8.00|38.00|1004722
11016|8.00|38.00|1004653
11016|12.00|42.00|1004654
11016|12.00|42.00|1004721
11016|12.00|42.00|1004692
11016|12.00|42.00|1004783
11016|12.00|42.00|1004834
11016|16.00|46.00|1004881
11016|16.00|46.00|1004632
11016|16.00|46.00|1004843
11016|16.00|46.00|1004874
11016|16.00|46.00|1004641
11016|20.00|50.00|1004812
11016|20.00|50.00|1004613
11016|20.00|50.00|1004884
11016|20.00|50.00|1004661
11016|20.00|50.00|1004782
11016|24.00|54.00|1004843
11016|24.00|54.00|1004794
11016|24.00|54.00|1004801
11016|24.00|54.00|1004752
11016|24.00|54.00|1004623
11016|28.00|58.00|1004654
11016|28.00|58.00|1004761
11016|28.00|58.00|1004652
11016|28.00|58.00|1004713
11016|28.00|58.00|1004824
11016|32.00|62.00|1004711
11016|32.00|62.00|1004682
11016|32.00|62.00|1004703
11016|32.00|62.00|1004694
11016|32.00|62.00|1004741
11016|36.00|66.00|1004722
11016|36.00|66.00|1004633
11016|36.00|66.00|1004744
11016|36.00|66.00|1004881
11016|36.00|66.00|1004772
11016|40.00|70.00|1004793
11016|40.00|70.00|1004694
11016|40.00|70.00|1004861
11016|40.00|70.00|1004652
11016|40.00|70.00|1004773
