70
78229|0.00|70.00|900453
11007|0.00|40.00|900425
11007|0.00|40.00|900426
11085|0.00|40.00|900427
11085|0.00|40.00|900428
11007|0.50|40.50|900425
11007|0.50|40.50|900426
11085|0.50|40.50|900427
11085|0.50|40.50|900428
11007|1.00|41.00|900425
11007|1.00|41.00|900426
11085|1.00|41.00|900427
11085|1.00|41.00|900428
11007|1.50|41.50|900425
11007|1.50|41.50|900426
11085|1.50|41.50|900427
11085|1.50|41.50|900428
11007|2.00|42.00|900425
11007|2.00|42.00|900426
11085|2.00|42.00|900427
11085|2.00|42.00|900428
11007|2.50|42.50|900425
11007|2.50|42.50|900426
11085|2.50|42.50|900427
11085|2.50|42.50|900428
11007|3.00|43.00|900425
11007|3.00|43.00|900426
11085|3.00|43.00|900427
11085|3.00|43.00|900428
11007|3.50|43.50|900425
11007|3.50|43.50|900426
11085|3.50|43.50|900427
11085|3.50|43.50|900428
11007|4.00|44.00|900425
11007|4.00|44.00|900426
11085|4.00|44.00|900427
11085|4.00|44.00|900428
11007|4.50|44.50|900425
11007|4.50|44.50|900426
11085|4.50|44.50|900427
11085|4.50|44.50|900428
11007|5.00|45.00|900425
11007|5.00|45.00|900426
11085|5.00|45.00|900427
11085|5.00|45.00|900428
11007|5.50|45.50|900425
11007|5.50|45.50|900426
11085|5.50|45.50|900427
11085|5.50|45.50|900428
11007|6.00|46.00|900425
11007|6.00|46.00|900426
11085|6.00|46.00|900427
11085|6.00|46.00|900428
11007|6.50|46.50|900425
11007|6.50|46.50|900426
11085|6.50|46.50|900427
11085|6.50|46.50|900428
11007|7.00|47.00|900425
11007|7.00|47.00|900426
11085|7.00|47.00|900427
11085|7.00|47.00|900428
11007|7.50|47.50|900425
11007|7.50|47.50|900426
11085|7.50|47.50|900427
11085|7.50|47.50|900428
11007|8.00|48.00|900425
11007|8.00|48.00|900426
11085|8.00|48.00|900427
11085|8.00|48.00|900428
11007|8.50|48.50|900425
11007|8.50|48.50|900426
11085|8.50|48.50|900427
11085|8.50|48.50|900428
11007|9.00|49.00|900425
11007|9.00|49.00|900426
11085|9.00|49.00|900427
11085|9.00|49.00|900428
11007|9.50|49.50|900425
11007|9.50|49.50|900426
11085|9.50|49.50|900427
11085|9.50|49.50|900428
11007|10.00|50.00|900425
11007|10.00|50.00|900426
11085|10.00|50.00|900427
11085|10.00|50.00|900428
11007|10.50|50.50|900425
11007|10.50|50.50|900426
11085|10.50|50.50|900427
11085|10.50|50.50|900428
11007|11.00|51.00|900425
11007|11.00|51.00|900426
11085|11.00|51.00|900427
11085|11.00|51.00|900428
11007|11.50|51.50|900425
11007|11.50|51.50|900426
11085|11.50|51.50|900427
11085|11.50|51.50|900428
11007|12.00|52.00|900425
11007|12.00|52.00|900426
11085|12.00|52.00|900427
11085|12.00|52.00|900428
11007|12.50|52.50|900425
11007|12.50|52.50|900426
11085|12.50|52.50|900427
11085|12.50|52.50|900428
11007|13.00|53.00|900425
11007|13.00|53.00|900426
11085|13.00|53.00|900427
11085|13.00|53.00|900428
11007|13.50|53.50|900425
11007|13.50|53.50|900426
11085|13.50|53.50|900427
11085|13.50|53.50|900428
11007|14.00|54.00|900425
11007|14.00|54.00|900426
11085|14.00|54.00|900427
11085|14.00|54.00|900428
11007|14.50|54.50|900425
11007|14.50|54.50|900426
11085|14.50|54.50|900427
11085|14.50|54.50|900428
11007|15.00|55.00|900425
11007|15.00|55.00|900426
11085|15.00|55.00|900427
11085|15.00|55.00|900428
11007|15.50|55.50|900425
11007|15.50|55.50|900426
11085|15.50|55.50|900427
11085|15.50|55.50|900428
11007|16.00|56.00|900425
11007|16.00|56.00|900426
11085|16.00|56.00|900427
11085|16.00|56.00|900428
11007|16.50|56.50|900425
11007|16.50|56.50|900426
11085|16.50|56.50|900427
11085|16.50|56.50|900428
11007|17.00|57.00|900425
11007|17.00|57.00|900426
11085|17.00|57.00|900427
11085|17.00|57.00|900428
11007|17.50|57.50|900425
11007|17.50|57.50|900426
11085|17.50|57.50|900427
11085|17.50|57.50|900428
11007|18.00|58.00|900425
11007|18.00|58.00|900426
11085|18.00|58.00|900427
11085|18.00|58.00|900428
11007|18.50|58.50|900425
11007|18.50|58.50|900426
11085|18.50|58.50|900427
11085|18.50|58.50|900428
11007|19.00|59.00|900425
11007|19.00|59.00|900426
11085|19.00|59.00|900427
11085|19.00|59.00|900428
11007|19.50|59.50|900425
11007|19.50|59.50|900426
11085|19.50|59.50|900427
11085|19.50|59.50|900428
11007|20.00|60.00|900425
11007|20.00|60.00|900426
11085|20.00|60.00|900427
11085|20.00|60.00|900428
11007|20.50|60.50|900425
11007|20.50|60.50|900426
11085|20.50|60.50|900427
11085|20.50|60.50|900428
11007|21.00|61.00|900425
11007|21.00|61.00|900426
11085|21.00|61.00|900427
11085|21.00|61.00|900428
11007|21.50|61.50|900425
11007|21.50|61.50|900426
11085|21.50|61.50|900427
11085|21.50|61.50|900428
11007|22.00|62.00|900425
11007|22.00|62.00|900426
11085|22.00|62.00|900427
11085|22.00|62.00|900428
11007|22.50|62.50|900425
11007|22.50|62.50|900426
11085|22.50|62.50|900427
11085|22.50|62.50|900428
11007|23.00|63.00|900425
11007|23.00|63.00|900426
11085|23.00|63.00|900427
11085|23.00|63.00|900428
11007|23.50|63.50|900425
11007|23.50|63.50|900426
11085|23.50|63.50|900427
11085|23.50|63.50|900428
11007|24.00|64.00|900425
11007|24.00|64.00|900426
11085|24.00|64.00|900427
11085|24.00|64.00|900428
11007|24.50|64.50|900425
11007|24.50|64.50|900426
11085|24.50|64.50|900427
11085|24.50|64.50|900428
11007|25.00|65.00|900425
11007|25.00|65.00|900426
11085|25.00|65.00|900427
11085|25.00|65.00|900428
11007|25.50|65.50|900425
11007|25.50|65.50|900426
11085|25.50|65.50|900427
11085|25.50|65.50|900428
11007|26.00|66.00|900425
11007|26.00|66.00|900426
11085|26.00|66.00|900427
11085|26.00|66.00|900428
11007|26.50|66.50|900425
11007|26.50|66.50|900426
11085|26.50|66.50|900427
11085|26.50|66.50|900428
11007|27.00|67.00|900425
11007|27.00|67.00|900426
11085|27.00|67.00|900427
11085|27.00|67.00|900428
11007|27.50|67.50|900425
11007|27.50|67.50|900426
11085|27.50|67.50|900427
11085|27.50|67.50|900428
11007|28.00|68.00|900425
11007|28.00|68.00|900426
11085|28.00|68.00|900427
11085|28.00|68.00|900428
11007|28.50|68.50|900425
11007|28.50|68.50|900426
11085|28.50|68.50|900427
11085|28.50|68.50|900428
11007|29.00|69.00|900425
11007|29.00|69.00|900426
11085|29.00|69.00|900427
11085|29.00|69.00|900428
11007|29.50|69.50|900425
11007|29.50|69.50|900426
11085|29.50|69.50|900427
11085|29.50|69.50|900428
11007|30.00|70.00|900425
11007|30.00|70.00|900426
11085|30.00|70.00|900427
11085|30.00|70.00|900428
