70
11004|0.00|16.00|900416
11004|0.00|16.00|900418
11004|0.00|16.00|900422
11004|0.00|16.00|900424
11004|1.00|17.00|900416
11004|1.00|17.00|900418
11004|1.00|17.00|900422
11004|1.00|17.00|900424
11004|2.00|18.00|900416
11004|2.00|18.00|900418
11004|2.00|18.00|900422
11004|2.00|18.00|900424
11004|3.00|19.00|900416
11004|3.00|19.00|900418
11004|3.00|19.00|900422
11004|3.00|19.00|900424
11004|4.00|20.00|900416
11004|4.00|20.00|900418
11004|4.00|20.00|900422
11004|4.00|20.00|900424
11004|5.00|21.00|900416
11004|5.00|21.00|900418
11004|5.00|21.00|900422
11004|5.00|21.00|900424
11004|6.00|22.00|900416
11004|6.00|22.00|900418
11004|6.00|22.00|900422
11004|6.00|22.00|900424
11004|7.00|23.00|900416
11004|7.00|23.00|900418
11004|7.00|23.00|900422
11004|7.00|23.00|900424
11004|8.00|24.00|900416
11004|8.00|24.00|900418
11004|8.00|24.00|900422
11004|8.00|24.00|900424
11004|9.00|25.00|900416
11004|9.00|25.00|900418
11004|9.00|25.00|900422
11004|9.00|25.00|900424
11004|10.00|26.00|900416
11004|10.00|26.00|900418
11004|10.00|26.00|900422
11004|10.00|26.00|900424
11004|11.00|27.00|900416
11004|11.00|27.00|900418
11004|11.00|27.00|900422
11004|11.00|27.00|900424
11004|12.00|28.00|900416
11004|12.00|28.00|900418
11004|12.00|28.00|900422
11004|12.00|28.00|900424
11004|13.00|29.00|900416
11004|13.00|29.00|900418
11004|13.00|29.00|900422
11004|13.00|29.00|900424
11004|14.00|30.00|900416
11004|14.00|30.00|900418
11004|14.00|30.00|900422
11004|14.00|30.00|900424
11004|15.00|31.00|900416
11004|15.00|31.00|900418
11004|15.00|31.00|900422
11004|15.00|31.00|900424
11004|16.00|32.00|900416
11004|16.00|32.00|900418
11004|16.00|32.00|900422
11004|16.00|32.00|900424
11004|17.00|33.00|900416
11004|17.00|33.00|900418
11004|17.00|33.00|900422
11004|17.00|33.00|900424
11004|18.00|34.00|900416
11004|18.00|34.00|900418
11004|18.00|34.00|900422
11004|18.00|34.00|900424
11004|19.00|35.00|900416
11004|19.00|35.00|900418
11004|19.00|35.00|900422
11004|19.00|35.00|900424
11004|20.00|36.00|900416
11004|20.00|36.00|900418
11004|20.00|36.00|900422
11004|20.00|36.00|900424
11004|21.00|37.00|900416
11004|21.00|37.00|900418
11004|21.00|37.00|900422
11004|21.00|37.00|900424
11004|22.00|38.00|900416
11004|22.00|38.00|900418
11004|22.00|38.00|900422
11004|22.00|38.00|900424
11004|23.00|39.00|900416
11004|23.00|39.00|900418
11004|23.00|39.00|900422
11004|23.00|39.00|900424
11004|24.00|40.00|900416
11004|24.00|40.00|900418
11004|24.00|40.00|900422
11004|24.00|40.00|900424
11004|25.00|41.00|900416
11004|25.00|41.00|900418
11004|25.00|41.00|900422
11004|25.00|41.00|900424
11004|26.00|42.00|900416
11004|26.00|42.00|900418
11004|26.00|42.00|900422
11004|26.00|42.00|900424
11004|27.00|43.00|900416
11004|27.00|43.00|900418
11004|27.00|43.00|900422
11004|27.00|43.00|900424
11004|28.00|44.00|900416
11004|28.00|44.00|900418
11004|28.00|44.00|900422
11004|28.00|44.00|900424
11004|29.00|45.00|900416
11004|29.00|45.00|900418
11004|29.00|45.00|900422
11004|29.00|45.00|900424
11004|30.00|46.00|900416
11004|30.00|46.00|900418
11004|30.00|46.00|900422
11004|30.00|46.00|900424
11004|31.00|47.00|900416
11004|31.00|47.00|900418
11004|31.00|47.00|900422
11004|31.00|47.00|900424
11004|32.00|48.00|900416
11004|32.00|48.00|900418
11004|32.00|48.00|900422
11004|32.00|48.00|900424
11004|33.00|49.00|900416
11004|33.00|49.00|900418
11004|33.00|49.00|900422
11004|33.00|49.00|900424
11004|34.00|50.00|900416
11004|34.00|50.00|900418
11004|34.00|50.00|900422
11004|34.00|50.00|900424
11004|35.00|51.00|900416
11004|35.00|51.00|900418
11004|35.00|51.00|900422
11004|35.00|51.00|900424
11004|36.00|52.00|900416
11004|36.00|52.00|900418
11004|36.00|52.00|900422
11004|36.00|52.00|900424
11004|37.00|53.00|900416
11004|37.00|53.00|900418
11004|37.00|53.00|900422
11004|37.00|53.00|900424
11004|38.00|54.00|900416
11004|38.00|54.00|900418
11004|38.00|54.00|900422
11004|38.00|54.00|900424
11004|39.00|55.00|900416
11004|39.00|55.00|900418
11004|39.00|55.00|900422
11004|39.00|55.00|900424
11004|40.00|56.00|900416
11004|40.00|56.00|900418
11004|40.00|56.00|900422
11004|40.00|56.00|900424
11004|41.00|57.00|900416
11004|41.00|57.00|900418
11004|41.00|57.00|900422
11004|41.00|57.00|900424
11004|42.00|58.00|900416
11004|42.00|58.00|900418
11004|42.00|58.00|900422
11004|42.00|58.00|900424
11004|43.00|59.00|900416
11004|43.00|59.00|900418
11004|43.00|59.00|900422
11004|43.00|59.00|900424
11004|44.00|60.00|900416
11004|44.00|60.00|900418
11004|44.00|60.00|900422
11004|44.00|60.00|900424
11004|45.00|61.00|900416
11004|45.00|61.00|900418
11004|45.00|61.00|900422
11004|45.00|61.00|900424
11004|46.00|62.00|900416
11004|46.00|62.00|900418
11004|46.00|62.00|900422
11004|46.00|62.00|900424
11004|47.00|63.00|900416
11004|47.00|63.00|900418
11004|47.00|63.00|900422
11004|47.00|63.00|900424
11004|48.00|64.00|900416
11004|48.00|64.00|900418
11004|48.00|64.00|900422
11004|48.00|64.00|900424
11004|49.00|65.00|900416
11004|49.00|65.00|900418
11004|49.00|65.00|900422
11004|49.00|65.00|900424
11004|50.00|66.00|900416
11004|50.00|66.00|900418
11004|50.00|66.00|900422
11004|50.00|66.00|900424
11004|51.00|67.00|900416
11004|51.00|67.00|900418
11004|51.00|67.00|900422
11004|51.00|67.00|900424
11004|52.00|68.00|900416
11004|52.00|68.00|900418
11004|52.00|68.00|900422
11004|52.00|68.00|900424
11004|53.00|69.00|900416
11004|53.00|69.00|900418
11004|53.00|69.00|900422
11004|53.00|69.00|900424
11004|54.00|70.00|900416
11004|54.00|70.00|900418
11004|54.00|70.00|900422
11004|54.00|70.00|900424
11013|0.00|16.00|900417
11013|0.00|16.00|900423
14013|2.00|18.00|900417
14013|2.00|18.00|900423
11013|4.00|20.00|900417
11013|4.00|20.00|900423
14013|6.00|22.00|900417
14013|6.00|22.00|900423
11013|8.00|24.00|900417
11013|8.00|24.00|900423
14013|10.00|26.00|900417
14013|10.00|26.00|900423
11013|12.00|28.00|900417
11013|12.00|28.00|900423
14013|14.00|30.00|900417
14013|14.00|30.00|900423
11013|16.00|32.00|900417
11013|16.00|32.00|900423
14013|18.00|34.00|900417
14013|18.00|34.00|900423
11013|20.00|36.00|900417
11013|20.00|36.00|900423
14013|22.00|38.00|900417
14013|22.00|38.00|900423
11013|24.00|40.00|900417
11013|24.00|40.00|900423
14013|26.00|42.00|900417
14013|26.00|42.00|900423
11013|28.00|44.00|900417
11013|28.00|44.00|900423
14013|30.00|46.00|900417
14013|30.00|46.00|900423
11013|32.00|48.00|900417
11013|32.00|48.00|900423
14013|34.00|50.00|900417
14013|34.00|50.00|900423
11013|36.00|52.00|900417
11013|36.00|52.00|900423
14013|38.00|54.00|900417
14013|38.00|54.00|900423
11013|40.00|56.00|900417
11013|40.00|56.00|900423
14013|42.00|58.00|900417
14013|42.00|58.00|900423
11013|44.00|60.00|900417
11013|44.00|60.00|900423
14013|46.00|62.00|900417
14013|46.00|62.00|900423
11013|48.00|64.00|900417
11013|48.00|64.00|900423
14013|50.00|66.00|900417
14013|50.00|66.00|900423
11013|52.00|68.00|900417
11013|52.00|68.00|900423
14013|54.00|70.00|900417
14013|54.00|70.00|900423
11020|0.00|16.00|900419
11020|0.00|16.00|900421
11020|2.00|18.00|900419
11020|2.00|18.00|900421
11021|4.50|20.50|900420
11020|7.00|23.00|900419
11020|7.00|23.00|900421
11020|9.00|25.00|900419
11020|9.00|25.00|900421
11021|11.50|27.50|900420
11020|14.00|30.00|900419
11020|14.00|30.00|900421
11020|16.00|32.00|900419
11020|16.00|32.00|900421
11021|18.50|34.50|900420
11020|21.00|37.00|900419
11020|21.00|37.00|900421
11020|23.00|39.00|900419
11020|23.00|39.00|900421
11021|25.50|41.50|900420
11020|28.00|44.00|900419
11020|28.00|44.00|900421
11020|30.00|46.00|900419
11020|30.00|46.00|900421
11021|32.50|48.50|900420
11020|35.00|51.00|900419
11020|35.00|51.00|900421
11020|37.00|53.00|900419
11020|37.00|53.00|900421
11021|39.50|55.50|900420
11020|42.00|58.00|900419
11020|42.00|58.00|900421
11020|44.00|60.00|900419
11020|44.00|60.00|900421
11021|46.50|62.50|900420
11020|49.00|65.00|900419
11020|49.00|65.00|900421
11020|51.00|67.00|900419
11020|51.00|67.00|900421
11021|53.50|69.50|900420
