72
11006|0.00|16.00|900416
11006|0.00|16.00|900418
11006|0.00|16.00|900422
11006|0.00|16.00|900424
11006|1.00|17.00|900416
11006|1.00|17.00|900418
11006|1.00|17.00|900422
11006|1.00|17.00|900424
11006|2.00|18.00|900416
11006|2.00|18.00|900418
11006|2.00|18.00|900422
11006|2.00|18.00|900424
11006|3.00|19.00|900416
11006|3.00|19.00|900418
11006|3.00|19.00|900422
11006|3.00|19.00|900424
11006|4.00|20.00|900416
11006|4.00|20.00|900418
11006|4.00|20.00|900422
11006|4.00|20.00|900424
11006|5.00|21.00|900416
11006|5.00|21.00|900418
11006|5.00|21.00|900422
11006|5.00|21.00|900424
11006|6.00|22.00|900416
11006|6.00|22.00|900418
11006|6.00|22.00|900422
11006|6.00|22.00|900424
11006|7.00|23.00|900416
11006|7.00|23.00|900418
11006|7.00|23.00|900422
11006|7.00|23.00|900424
11006|8.00|24.00|900416
11006|8.00|24.00|900418
11006|8.00|24.00|900422
11006|8.00|24.00|900424
11006|9.00|25.00|900416
11006|9.00|25.00|900418
11006|9.00|25.00|900422
11006|9.00|25.00|900424
11006|10.00|26.00|900416
11006|10.00|26.00|900418
11006|10.00|26.00|900422
11006|10.00|26.00|900424
11006|11.00|27.00|900416
11006|11.00|27.00|900418
11006|11.00|27.00|900422
11006|11.00|27.00|900424
11006|12.00|28.00|900416
11006|12.00|28.00|900418
11006|12.00|28.00|900422
11006|12.00|28.00|900424
11006|13.00|29.00|900416
11006|13.00|29.00|900418
11006|13.00|29.00|900422
11006|13.00|29.00|900424
11006|14.00|30.00|900416
11006|14.00|30.00|900418
11006|14.00|30.00|900422
11006|14.00|30.00|900424
11006|15.00|31.00|900416
11006|15.00|31.00|900418
11006|15.00|31.00|900422
11006|15.00|31.00|900424
11006|16.00|32.00|900416
11006|16.00|32.00|900418
11006|16.00|32.00|900422
11006|16.00|32.00|900424
11006|17.00|33.00|900416
11006|17.00|33.00|900418
11006|17.00|33.00|900422
11006|17.00|33.00|900424
11006|18.00|34.00|900416
11006|18.00|34.00|900418
11006|18.00|34.00|900422
11006|18.00|34.00|900424
11006|19.00|35.00|900416
11006|19.00|35.00|900418
11006|19.00|35.00|900422
11006|19.00|35.00|900424
11006|20.00|36.00|900416
11006|20.00|36.00|900418
11006|20.00|36.00|900422
11006|20.00|36.00|900424
11006|21.00|37.00|900416
11006|21.00|37.00|900418
11006|21.00|37.00|900422
11006|21.00|37.00|900424
11006|22.00|38.00|900416
11006|22.00|38.00|900418
11006|22.00|38.00|900422
11006|22.00|38.00|900424
11006|23.00|39.00|900416
11006|23.00|39.00|900418
11006|23.00|39.00|900422
11006|23.00|39.00|900424
11006|24.00|40.00|900416
11006|24.00|40.00|900418
11006|24.00|40.00|900422
11006|24.00|40.00|900424
11006|25.00|41.00|900416
11006|25.00|41.00|900418
11006|25.00|41.00|900422
11006|25.00|41.00|900424
11006|26.00|42.00|900416
11006|26.00|42.00|900418
11006|26.00|42.00|900422
11006|26.00|42.00|900424
11006|27.00|43.00|900416
11006|27.00|43.00|900418
11006|27.00|43.00|900422
11006|27.00|43.00|900424
11006|28.00|44.00|900416
11006|28.00|44.00|900418
11006|28.00|44.00|900422
11006|28.00|44.00|900424
11006|29.00|45.00|900416
11006|29.00|45.00|900418
11006|29.00|45.00|900422
11006|29.00|45.00|900424
11006|30.00|46.00|900416
11006|30.00|46.00|900418
11006|30.00|46.00|900422
11006|30.00|46.00|900424
11006|31.00|47.00|900416
11006|31.00|47.00|900418
11006|31.00|47.00|900422
11006|31.00|47.00|900424
11006|32.00|48.00|900416
11006|32.00|48.00|900418
11006|32.00|48.00|900422
11006|32.00|48.00|900424
11006|33.00|49.00|900416
11006|33.00|49.00|900418
11006|33.00|49.00|900422
11006|33.00|49.00|900424
11006|34.00|50.00|900416
11006|34.00|50.00|900418
11006|34.00|50.00|900422
11006|34.00|50.00|900424
11006|35.00|51.00|900416
11006|35.00|51.00|900418
11006|35.00|51.00|900422
11006|35.00|51.00|900424
11006|36.00|52.00|900416
11006|36.00|52.00|900418
11006|36.00|52.00|900422
11006|36.00|52.00|900424
11006|37.00|53.00|900416
11006|37.00|53.00|900418
11006|37.00|53.00|900422
11006|37.00|53.00|900424
11006|38.00|54.00|900416
11006|38.00|54.00|900418
11006|38.00|54.00|900422
11006|38.00|54.00|900424
11006|39.00|55.00|900416
11006|39.00|55.00|900418
11006|39.00|55.00|900422
11006|39.00|55.00|900424
11006|40.00|56.00|900416
11006|40.00|56.00|900418
11006|40.00|56.00|900422
11006|40.00|56.00|900424
11006|41.00|57.00|900416
11006|41.00|57.00|900418
11006|41.00|57.00|900422
11006|41.00|57.00|900424
11006|42.00|58.00|900416
11006|42.00|58.00|900418
11006|42.00|58.00|900422
11006|42.00|58.00|900424
11006|43.00|59.00|900416
11006|43.00|59.00|900418
11006|43.00|59.00|900422
11006|43.00|59.00|900424
11006|44.00|60.00|900416
11006|44.00|60.00|900418
11006|44.00|60.00|900422
11006|44.00|60.00|900424
11006|45.00|61.00|900416
11006|45.00|61.00|900418
11006|45.00|61.00|900422
11006|45.00|61.00|900424
11006|46.00|62.00|900416
11006|46.00|62.00|900418
11006|46.00|62.00|900422
11006|46.00|62.00|900424
11006|47.00|63.00|900416
11006|47.00|63.00|900418
11006|47.00|63.00|900422
11006|47.00|63.00|900424
11006|48.00|64.00|900416
11006|48.00|64.00|900418
11006|48.00|64.00|900422
11006|48.00|64.00|900424
11006|49.00|65.00|900416
11006|49.00|65.00|900418
11006|49.00|65.00|900422
11006|49.00|65.00|900424
11006|50.00|66.00|900416
11006|50.00|66.00|900418
11006|50.00|66.00|900422
11006|50.00|66.00|900424
11006|51.00|67.00|900416
11006|51.00|67.00|900418
11006|51.00|67.00|900422
11006|51.00|67.00|900424
11006|52.00|68.00|900416
11006|52.00|68.00|900418
11006|52.00|68.00|900422
11006|52.00|68.00|900424
11006|53.00|69.00|900416
11006|53.00|69.00|900418
11006|53.00|69.00|900422
11006|53.00|69.00|900424
11006|54.00|70.00|900416
11006|54.00|70.00|900418
11006|54.00|70.00|900422
11006|54.00|70.00|900424
11024|0.00|16.00|900417
11024|0.00|16.00|900423
14024|4.00|20.00|900417
14024|4.00|20.00|900423
11024|8.00|24.00|900417
11024|8.00|24.00|900423
14024|12.00|28.00|900417
14024|12.00|28.00|900423
11024|16.00|32.00|900417
11024|16.00|32.00|900423
14024|20.00|36.00|900417
14024|20.00|36.00|900423
11024|24.00|40.00|900417
11024|24.00|40.00|900423
14024|28.00|44.00|900417
14024|28.00|44.00|900423
11024|32.00|48.00|900417
11024|32.00|48.00|900423
14024|36.00|52.00|900417
14024|36.00|52.00|900423
11024|40.00|56.00|900417
11024|40.00|56.00|900423
14024|44.00|60.00|900417
14024|44.00|60.00|900423
11024|48.00|64.00|900417
11024|48.00|64.00|900423
14024|52.00|68.00|900417
14024|52.00|68.00|900423
11017|0.00|16.00|900419
11017|0.00|16.00|900421
11017|2.00|18.00|900419
11017|2.00|18.00|900421
11027|4.50|20.50|900420
11017|7.00|23.00|900419
11017|7.00|23.00|900421
11017|9.00|25.00|900419
11017|9.00|25.00|900421
11027|11.50|27.50|900420
11017|14.00|30.00|900419
11017|14.00|30.00|900421
11017|16.00|32.00|900419
11017|16.00|32.00|900421
11027|18.50|34.50|900420
11017|21.00|37.00|900419
11017|21.00|37.00|900421
11017|23.00|39.00|900419
11017|23.00|39.00|900421
11027|25.50|41.50|900420
11017|28.00|44.00|900419
11017|28.00|44.00|900421
11017|30.00|46.00|900419
11017|30.00|46.00|900421
11027|32.50|48.50|900420
11017|35.00|51.00|900419
11017|35.00|51.00|900421
11017|37.00|53.00|900419
11017|37.00|53.00|900421
11027|39.50|55.50|900420
11017|42.00|58.00|900419
11017|42.00|58.00|900421
11017|44.00|60.00|900419
11017|44.00|60.00|900421
11027|46.50|62.50|900420
11017|49.00|65.00|900419
11017|49.00|65.00|900421
11017|51.00|67.00|900419
11017|51.00|67.00|900421
11027|53.50|69.50|900420
