71
14020|0.00|20.00|900405
11021|3.00|23.00|900405
14020|6.00|26.00|900405
11021|9.00|29.00|900405
14020|12.00|32.00|900405
11021|15.00|35.00|900405
14020|18.00|38.00|900405
11021|21.00|41.00|900405
14020|24.00|44.00|900405
11021|27.00|47.00|900405
14020|30.00|50.00|900405
11021|33.00|53.00|900405
14020|36.00|56.00|900405
11021|39.00|59.00|900405
14020|42.00|62.00|900405
11021|45.00|65.00|900405
14020|48.00|68.00|900405
11021|51.00|71.00|900405
11002|2.00|14.00|900401
11002|2.00|14.00|900402
11002|2.00|14.00|900403
11002|2.00|14.00|900404
11002|2.50|14.50|900401
11002|2.50|14.50|900402
11002|2.50|14.50|900403
11002|2.50|14.50|900404
11002|3.00|15.00|900401
11002|3.00|15.00|900402
11002|3.00|15.00|900403
11002|3.00|15.00|900404
11002|3.50|15.50|900401
11002|3.50|15.50|900402
11002|3.50|15.50|900403
11002|3.50|15.50|900404
11003|4.00|16.00|900401
11003|4.00|16.00|900402
11003|4.00|16.00|900403
11003|4.00|16.00|900404
11003|4.50|16.50|900401
11003|4.50|16.50|900402
11003|4.50|16.50|900403
11003|4.50|16.50|900404
11003|5.00|17.00|900401
11003|5.00|17.00|900402
11003|5.00|17.00|900403
11003|5.00|17.00|900404
11003|5.50|17.50|900401
11003|5.50|17.50|900402
11003|5.50|17.50|900403
11003|5.50|17.50|900404
11002|6.00|18.00|900401
11002|6.00|18.00|900402
11002|6.00|18.00|900403
11002|6.00|18.00|900404
11002|6.50|18.50|900401
11002|6.50|18.50|900402
11002|6.50|18.50|900403
11002|6.50|18.50|900404
11002|7.00|19.00|900401
11002|7.00|19.00|900402
11002|7.00|19.00|900403
11002|7.00|19.00|900404
11002|7.50|19.50|900401
11002|7.50|19.50|900402
11002|7.50|19.50|900403
11002|7.50|19.50|900404
11003|8.00|20.00|900401
11003|8.00|20.00|900402
11003|8.00|20.00|900403
11003|8.00|20.00|900404
11003|8.50|20.50|900401
11003|8.50|20.50|900402
11003|8.50|20.50|900403
11003|8.50|20.50|900404
11003|9.00|21.00|900401
11003|9.00|21.00|900402
11003|9.00|21.00|900403
11003|9.00|21.00|900404
11003|9.50|21.50|900401
11003|9.50|21.50|900402
11003|9.50|21.50|900403
11003|9.50|21.50|900404
11002|10.00|22.00|900401
11002|10.00|22.00|900402
11002|10.00|22.00|900403
11002|10.00|22.00|900404
11002|10.50|22.50|900401
11002|10.50|22.50|900402
11002|10.50|22.50|900403
11002|10.50|22.50|900404
11002|11.00|23.00|900401
11002|11.00|23.00|900402
11002|11.00|23.00|900403
11002|11.00|23.00|900404
11002|11.50|23.50|900401
11002|11.50|23.50|900402
11002|11.50|23.50|900403
11002|11.50|23.50|900404
11003|12.00|24.00|900401
11003|12.00|24.00|900402
11003|12.00|24.00|900403
11003|12.00|24.00|900404
11003|12.50|24.50|900401
11003|12.50|24.50|900402
11003|12.50|24.50|900403
11003|12.50|24.50|900404
11003|13.00|25.00|900401
11003|13.00|25.00|900402
11003|13.00|25.00|900403
11003|13.00|25.00|900404
11003|13.50|25.50|900401
11003|13.50|25.50|900402
11003|13.50|25.50|900403
11003|13.50|25.50|900404
11002|14.00|26.00|900401
11002|14.00|26.00|900402
11002|14.00|26.00|900403
11002|14.00|26.00|900404
11002|14.50|26.50|900401
11002|14.50|26.50|900402
11002|14.50|26.50|900403
11002|14.50|26.50|900404
11002|15.00|27.00|900401
11002|15.00|27.00|900402
11002|15.00|27.00|900403
11002|15.00|27.00|900404
11002|15.50|27.50|900401
11002|15.50|27.50|900402
11002|15.50|27.50|900403
11002|15.50|27.50|900404
11003|16.00|28.00|900401
11003|16.00|28.00|900402
11003|16.00|28.00|900403
11003|16.00|28.00|900404
11003|16.50|28.50|900401
11003|16.50|28.50|900402
11003|16.50|28.50|900403
11003|16.50|28.50|900404
11003|17.00|29.00|900401
11003|17.00|29.00|900402
11003|17.00|29.00|900403
11003|17.00|29.00|900404
11003|17.50|29.50|900401
11003|17.50|29.50|900402
11003|17.50|29.50|900403
11003|17.50|29.50|900404
11002|18.00|30.00|900401
11002|18.00|30.00|900402
11002|18.00|30.00|900403
11002|18.00|30.00|900404
11002|18.50|30.50|900401
11002|18.50|30.50|900402
11002|18.50|30.50|900403
11002|18.50|30.50|900404
11002|19.00|31.00|900401
11002|19.00|31.00|900402
11002|19.00|31.00|900403
11002|19.00|31.00|900404
11002|19.50|31.50|900401
11002|19.50|31.50|900402
11002|19.50|31.50|900403
11002|19.50|31.50|900404
11003|20.00|32.00|900401
11003|20.00|32.00|900402
11003|20.00|32.00|900403
11003|20.00|32.00|900404
11003|20.50|32.50|900401
11003|20.50|32.50|900402
11003|20.50|32.50|900403
11003|20.50|32.50|900404
11003|21.00|33.00|900401
11003|21.00|33.00|900402
11003|21.00|33.00|900403
11003|21.00|33.00|900404
11003|21.50|33.50|900401
11003|21.50|33.50|900402
11003|21.50|33.50|900403
11003|21.50|33.50|900404
11002|22.00|34.00|900401
11002|22.00|34.00|900402
11002|22.00|34.00|900403
11002|22.00|34.00|900404
11002|22.50|34.50|900401
11002|22.50|34.50|900402
11002|22.50|34.50|900403
11002|22.50|34.50|900404
11002|23.00|35.00|900401
11002|23.00|35.00|900402
11002|23.00|35.00|900403
11002|23.00|35.00|900404
11002|23.50|35.50|900401
11002|23.50|35.50|900402
11002|23.50|35.50|900403
11002|23.50|35.50|900404
11003|24.00|36.00|900401
11003|24.00|36.00|900402
11003|24.00|36.00|900403
11003|24.00|36.00|900404
11003|24.50|36.50|900401
11003|24.50|36.50|900402
11003|24.50|36.50|900403
11003|24.50|36.50|900404
11003|25.00|37.00|900401
11003|25.00|37.00|900402
11003|25.00|37.00|900403
11003|25.00|37.00|900404
11003|25.50|37.50|900401
11003|25.50|37.50|900402
11003|25.50|37.50|900403
11003|25.50|37.50|900404
11002|26.00|38.00|900401
11002|26.00|38.00|900402
11002|26.00|38.00|900403
11002|26.00|38.00|900404
11002|26.50|38.50|900401
11002|26.50|38.50|900402
11002|26.50|38.50|900403
11002|26.50|38.50|900404
11002|27.00|39.00|900401
11002|27.00|39.00|900402
11002|27.00|39.00|900403
11002|27.00|39.00|900404
11002|27.50|39.50|900401
11002|27.50|39.50|900402
11002|27.50|39.50|900403
11002|27.50|39.50|900404
11003|28.00|40.00|900401
11003|28.00|40.00|900402
11003|28.00|40.00|900403
11003|28.00|40.00|900404
11003|28.50|40.50|900401
11003|28.50|40.50|900402
11003|28.50|40.50|900403
11003|28.50|40.50|900404
11003|29.00|41.00|900401
11003|29.00|41.00|900402
11003|29.00|41.00|900403
11003|29.00|41.00|900404
11003|29.50|41.50|900401
11003|29.50|41.50|900402
11003|29.50|41.50|900403
11003|29.50|41.50|900404
11002|30.00|42.00|900401
11002|30.00|42.00|900402
11002|30.00|42.00|900403
11002|30.00|42.00|900404
11002|30.50|42.50|900401
11002|30.50|42.50|900402
11002|30.50|42.50|900403
11002|30.50|42.50|900404
11002|31.00|43.00|900401
11002|31.00|43.00|900402
11002|31.00|43.00|900403
11002|31.00|43.00|900404
11002|31.50|43.50|900401
11002|31.50|43.50|900402
11002|31.50|43.50|900403
11002|31.50|43.50|900404
11003|32.00|44.00|900401
11003|32.00|44.00|900402
11003|32.00|44.00|900403
11003|32.00|44.00|900404
11003|32.50|44.50|900401
11003|32.50|44.50|900402
11003|32.50|44.50|900403
11003|32.50|44.50|900404
11003|33.00|45.00|900401
11003|33.00|45.00|900402
11003|33.00|45.00|900403
11003|33.00|45.00|900404
11003|33.50|45.50|900401
11003|33.50|45.50|900402
11003|33.50|45.50|900403
11003|33.50|45.50|900404
11002|34.00|46.00|900401
11002|34.00|46.00|900402
11002|34.00|46.00|900403
11002|34.00|46.00|900404
11002|34.50|46.50|900401
11002|34.50|46.50|900402
11002|34.50|46.50|900403
11002|34.50|46.50|900404
11002|35.00|47.00|900401
11002|35.00|47.00|900402
11002|35.00|47.00|900403
11002|35.00|47.00|900404
11002|35.50|47.50|900401
11002|35.50|47.50|900402
11002|35.50|47.50|900403
11002|35.50|47.50|900404
11003|36.00|48.00|900401
11003|36.00|48.00|900402
11003|36.00|48.00|900403
11003|36.00|48.00|900404
11003|36.50|48.50|900401
11003|36.50|48.50|900402
11003|36.50|48.50|900403
11003|36.50|48.50|900404
11003|37.00|49.00|900401
11003|37.00|49.00|900402
11003|37.00|49.00|900403
11003|37.00|49.00|900404
11003|37.50|49.50|900401
11003|37.50|49.50|900402
11003|37.50|49.50|900403
11003|37.50|49.50|900404
11002|38.00|50.00|900401
11002|38.00|50.00|900402
11002|38.00|50.00|900403
11002|38.00|50.00|900404
11002|38.50|50.50|900401
11002|38.50|50.50|900402
11002|38.50|50.50|900403
11002|38.50|50.50|900404
11002|39.00|51.00|900401
11002|39.00|51.00|900402
11002|39.00|51.00|900403
11002|39.00|51.00|900404
11002|39.50|51.50|900401
11002|39.50|51.50|900402
11002|39.50|51.50|900403
11002|39.50|51.50|900404
11003|40.00|52.00|900401
11003|40.00|52.00|900402
11003|40.00|52.00|900403
11003|40.00|52.00|900404
11003|40.50|52.50|900401
11003|40.50|52.50|900402
11003|40.50|52.50|900403
11003|40.50|52.50|900404
11003|41.00|53.00|900401
11003|41.00|53.00|900402
11003|41.00|53.00|900403
11003|41.00|53.00|900404
11003|41.50|53.50|900401
11003|41.50|53.50|900402
11003|41.50|53.50|900403
11003|41.50|53.50|900404
11002|42.00|54.00|900401
11002|42.00|54.00|900402
11002|42.00|54.00|900403
11002|42.00|54.00|900404
11002|42.50|54.50|900401
11002|42.50|54.50|900402
11002|42.50|54.50|900403
11002|42.50|54.50|900404
11002|43.00|55.00|900401
11002|43.00|55.00|900402
11002|43.00|55.00|900403
11002|43.00|55.00|900404
11002|43.50|55.50|900401
11002|43.50|55.50|900402
11002|43.50|55.50|900403
11002|43.50|55.50|900404
11003|44.00|56.00|900401
11003|44.00|56.00|900402
11003|44.00|56.00|900403
11003|44.00|56.00|900404
11003|44.50|56.50|900401
11003|44.50|56.50|900402
11003|44.50|56.50|900403
11003|44.50|56.50|900404
11003|45.00|57.00|900401
11003|45.00|57.00|900402
11003|45.00|57.00|900403
11003|45.00|57.00|900404
11003|45.50|57.50|900401
11003|45.50|57.50|900402
11003|45.50|57.50|900403
11003|45.50|57.50|900404
11002|46.00|58.00|900401
11002|46.00|58.00|900402
11002|46.00|58.00|900403
11002|46.00|58.00|900404
11002|46.50|58.50|900401
11002|46.50|58.50|900402
11002|46.50|58.50|900403
11002|46.50|58.50|900404
11002|47.00|59.00|900401
11002|47.00|59.00|900402
11002|47.00|59.00|900403
11002|47.00|59.00|900404
11002|47.50|59.50|900401
11002|47.50|59.50|900402
11002|47.50|59.50|900403
11002|47.50|59.50|900404
11003|48.00|60.00|900401
11003|48.00|60.00|900402
11003|48.00|60.00|900403
11003|48.00|60.00|900404
11003|48.50|60.50|900401
11003|48.50|60.50|900402
11003|48.50|60.50|900403
11003|48.50|60.50|900404
11003|49.00|61.00|900401
11003|49.00|61.00|900402
11003|49.00|61.00|900403
11003|49.00|61.00|900404
11003|49.50|61.50|900401
11003|49.50|61.50|900402
11003|49.50|61.50|900403
11003|49.50|61.50|900404
11002|50.00|62.00|900401
11002|50.00|62.00|900402
11002|50.00|62.00|900403
11002|50.00|62.00|900404
11002|50.50|62.50|900401
11002|50.50|62.50|900402
11002|50.50|62.50|900403
11002|50.50|62.50|900404
11002|51.00|63.00|900401
11002|51.00|63.00|900402
11002|51.00|63.00|900403
11002|51.00|63.00|900404
11002|51.50|63.50|900401
11002|51.50|63.50|900402
11002|51.50|63.50|900403
11002|51.50|63.50|900404
11003|52.00|64.00|900401
11003|52.00|64.00|900402
11003|52.00|64.00|900403
11003|52.00|64.00|900404
11003|52.50|64.50|900401
11003|52.50|64.50|900402
11003|52.50|64.50|900403
11003|52.50|64.50|900404
11003|53.00|65.00|900401
11003|53.00|65.00|900402
11003|53.00|65.00|900403
11003|53.00|65.00|900404
11003|53.50|65.50|900401
11003|53.50|65.50|900402
11003|53.50|65.50|900403
11003|53.50|65.50|900404
11002|54.00|66.00|900401
11002|54.00|66.00|900402
11002|54.00|66.00|900403
11002|54.00|66.00|900404
11002|54.50|66.50|900401
11002|54.50|66.50|900402
11002|54.50|66.50|900403
11002|54.50|66.50|900404
11002|55.00|67.00|900401
11002|55.00|67.00|900402
11002|55.00|67.00|900403
11002|55.00|67.00|900404
11002|55.50|67.50|900401
11002|55.50|67.50|900402
11002|55.50|67.50|900403
11002|55.50|67.50|900404
11003|56.00|68.00|900401
11003|56.00|68.00|900402
11003|56.00|68.00|900403
11003|56.00|68.00|900404
11003|56.50|68.50|900401
11003|56.50|68.50|900402
11003|56.50|68.50|900403
11003|56.50|68.50|900404
11003|57.00|69.00|900401
11003|57.00|69.00|900402
11003|57.00|69.00|900403
11003|57.00|69.00|900404
11003|57.50|69.50|900401
11003|57.50|69.50|900402
11003|57.50|69.50|900403
11003|57.50|69.50|900404
11002|58.00|70.00|900401
11002|58.00|70.00|900402
11002|58.00|70.00|900403
11002|58.00|70.00|900404
