70
11007|0.00|15.00|900429
11007|0.00|15.00|900430
11007|0.00|15.00|900431
11007|0.00|15.00|900432
11007|0.00|15.00|900433
11007|0.00|15.00|900434
11007|0.00|15.00|900435
11007|0.00|15.00|900436
11007|0.00|15.00|900437
11007|0.00|15.00|900438
11007|0.00|15.00|900439
11007|0.00|15.00|900440
11007|0.00|15.00|900441
11007|0.00|15.00|900442
11007|0.00|15.00|900443
11007|0.00|15.00|900444
11007|0.00|15.00|900445
11007|0.00|15.00|900446
11007|0.00|15.00|900447
11007|0.00|15.00|900448
11007|0.00|15.00|900449
79230|0.00|15.00|900450
11006|5.00|20.00|900429
11006|5.00|20.00|900430
11006|5.00|20.00|900431
11006|5.00|20.00|900432
11006|5.00|20.00|900433
11006|5.00|20.00|900434
11006|5.00|20.00|900435
11006|5.00|20.00|900436
11006|5.00|20.00|900437
11006|5.00|20.00|900438
11006|5.00|20.00|900439
11006|5.00|20.00|900440
11006|5.00|20.00|900441
11006|5.00|20.00|900442
11006|5.00|20.00|900443
11006|5.00|20.00|900444
11006|5.00|20.00|900445
11006|5.00|20.00|900446
11006|5.00|20.00|900447
11006|5.00|20.00|900448
11006|5.00|20.00|900449
79230|5.00|20.00|900450
11007|10.00|25.00|900429
11007|10.00|25.00|900430
11007|10.00|25.00|900431
11007|10.00|25.00|900432
11007|10.00|25.00|900433
11007|10.00|25.00|900434
11007|10.00|25.00|900435
11007|10.00|25.00|900436
11007|10.00|25.00|900437
11007|10.00|25.00|900438
11007|10.00|25.00|900439
11007|10.00|25.00|900440
11007|10.00|25.00|900441
11007|10.00|25.00|900442
11007|10.00|25.00|900443
11007|10.00|25.00|900444
11007|10.00|25.00|900445
11007|10.00|25.00|900446
11007|10.00|25.00|900447
11007|10.00|25.00|900448
11007|10.00|25.00|900449
79230|10.00|25.00|900450
11006|15.00|30.00|900429
11006|15.00|30.00|900430
11006|15.00|30.00|900431
11006|15.00|30.00|900432
11006|15.00|30.00|900433
11006|15.00|30.00|900434
11006|15.00|30.00|900435
11006|15.00|30.00|900436
11006|15.00|30.00|900437
11006|15.00|30.00|900438
11006|15.00|30.00|900439
11006|15.00|30.00|900440
11006|15.00|30.00|900441
11006|15.00|30.00|900442
11006|15.00|30.00|900443
11006|15.00|30.00|900444
11006|15.00|30.00|900445
11006|15.00|30.00|900446
11006|15.00|30.00|900447
11006|15.00|30.00|900448
11006|15.00|30.00|900449
79230|15.00|30.00|900450
11007|20.00|35.00|900429
11007|20.00|35.00|900430
11007|20.00|35.00|900431
11007|20.00|35.00|900432
11007|20.00|35.00|900433
11007|20.00|35.00|900434
11007|20.00|35.00|900435
11007|20.00|35.00|900436
11007|20.00|35.00|900437
11007|20.00|35.00|900438
11007|20.00|35.00|900439
11007|20.00|35.00|900440
11007|20.00|35.00|900441
11007|20.00|35.00|900442
11007|20.00|35.00|900443
11007|20.00|35.00|900444
11007|20.00|35.00|900445
11007|20.00|35.00|900446
11007|20.00|35.00|900447
11007|20.00|35.00|900448
11007|20.00|35.00|900449
79230|20.00|35.00|900450
11006|25.00|40.00|900429
11006|25.00|40.00|900430
11006|25.00|40.00|900431
11006|25.00|40.00|900432
11006|25.00|40.00|900433
11006|25.00|40.00|900434
11006|25.00|40.00|900435
11006|25.00|40.00|900436
11006|25.00|40.00|900437
11006|25.00|40.00|900438
11006|25.00|40.00|900439
11006|25.00|40.00|900440
11006|25.00|40.00|900441
11006|25.00|40.00|900442
11006|25.00|40.00|900443
11006|25.00|40.00|900444
11006|25.00|40.00|900445
11006|25.00|40.00|900446
11006|25.00|40.00|900447
11006|25.00|40.00|900448
11006|25.00|40.00|900449
79230|25.00|40.00|900450
11007|30.00|45.00|900429
11007|30.00|45.00|900430
11007|30.00|45.00|900431
11007|30.00|45.00|900432
11007|30.00|45.00|900433
11007|30.00|45.00|900434
11007|30.00|45.00|900435
11007|30.00|45.00|900436
11007|30.00|45.00|900437
11007|30.00|45.00|900438
11007|30.00|45.00|900439
11007|30.00|45.00|900440
11007|30.00|45.00|900441
11007|30.00|45.00|900442
11007|30.00|45.00|900443
11007|30.00|45.00|900444
11007|30.00|45.00|900445
11007|30.00|45.00|900446
11007|30.00|45.00|900447
11007|30.00|45.00|900448
11007|30.00|45.00|900449
79230|30.00|45.00|900450
11006|35.00|50.00|900429
11006|35.00|50.00|900430
11006|35.00|50.00|900431
11006|35.00|50.00|900432
11006|35.00|50.00|900433
11006|35.00|50.00|900434
11006|35.00|50.00|900435
11006|35.00|50.00|900436
11006|35.00|50.00|900437
11006|35.00|50.00|900438
11006|35.00|50.00|900439
11006|35.00|50.00|900440
11006|35.00|50.00|900441
11006|35.00|50.00|900442
11006|35.00|50.00|900443
11006|35.00|50.00|900444
11006|35.00|50.00|900445
11006|35.00|50.00|900446
11006|35.00|50.00|900447
11006|35.00|50.00|900448
11006|35.00|50.00|900449
79230|35.00|50.00|900450
11007|40.00|55.00|900429
11007|40.00|55.00|900430
11007|40.00|55.00|900431
11007|40.00|55.00|900432
11007|40.00|55.00|900433
11007|40.00|55.00|900434
11007|40.00|55.00|900435
11007|40.00|55.00|900436
11007|40.00|55.00|900437
11007|40.00|55.00|900438
11007|40.00|55.00|900439
11007|40.00|55.00|900440
11007|40.00|55.00|900441
11007|40.00|55.00|900442
11007|40.00|55.00|900443
11007|40.00|55.00|900444
11007|40.00|55.00|900445
11007|40.00|55.00|900446
11007|40.00|55.00|900447
11007|40.00|55.00|900448
11007|40.00|55.00|900449
79230|40.00|55.00|900450
11006|45.00|60.00|900429
11006|45.00|60.00|900430
11006|45.00|60.00|900431
11006|45.00|60.00|900432
11006|45.00|60.00|900433
11006|45.00|60.00|900434
11006|45.00|60.00|900435
11006|45.00|60.00|900436
11006|45.00|60.00|900437
11006|45.00|60.00|900438
11006|45.00|60.00|900439
11006|45.00|60.00|900440
11006|45.00|60.00|900441
11006|45.00|60.00|900442
11006|45.00|60.00|900443
11006|45.00|60.00|900444
11006|45.00|60.00|900445
11006|45.00|60.00|900446
11006|45.00|60.00|900447
11006|45.00|60.00|900448
11006|45.00|60.00|900449
79230|45.00|60.00|900450
11007|50.00|65.00|900429
11007|50.00|65.00|900430
11007|50.00|65.00|900431
11007|50.00|65.00|900432
11007|50.00|65.00|900433
11007|50.00|65.00|900434
11007|50.00|65.00|900435
11007|50.00|65.00|900436
11007|50.00|65.00|900437
11007|50.00|65.00|900438
11007|50.00|65.00|900439
11007|50.00|65.00|900440
11007|50.00|65.00|900441
11007|50.00|65.00|900442
11007|50.00|65.00|900443
11007|50.00|65.00|900444
11007|50.00|65.00|900445
11007|50.00|65.00|900446
11007|50.00|65.00|900447
11007|50.00|65.00|900448
11007|50.00|65.00|900449
79230|50.00|65.00|900450
11006|55.00|70.00|900429
11006|55.00|70.00|900430
11006|55.00|70.00|900431
11006|55.00|70.00|900432
11006|55.00|70.00|900433
11006|55.00|70.00|900434
11006|55.00|70.00|900435
11006|55.00|70.00|900436
11006|55.00|70.00|900437
11006|55.00|70.00|900438
11006|55.00|70.00|900439
11006|55.00|70.00|900440
11006|55.00|70.00|900441
11006|55.00|70.00|900442
11006|55.00|70.00|900443
11006|55.00|70.00|900444
11006|55.00|70.00|900445
11006|55.00|70.00|900446
11006|55.00|70.00|900447
11006|55.00|70.00|900448
11006|55.00|70.00|900449
79230|55.00|70.00|900450
