70
77228|0.00|70.00|900451
77228|0.00|70.00|900452
11004|0.00|42.00|900412
11004|0.00|42.00|900413
11004|0.50|42.50|900412
11004|0.50|42.50|900413
11004|1.00|43.00|900412
11004|1.00|43.00|900413
11004|1.50|43.50|900412
11004|1.50|43.50|900413
11004|2.00|44.00|900412
11004|2.00|44.00|900413
11004|2.50|44.50|900412
11004|2.50|44.50|900413
11004|3.00|45.00|900412
11004|3.00|45.00|900413
11004|3.50|45.50|900412
11004|3.50|45.50|900413
11004|4.00|46.00|900412
11004|4.00|46.00|900413
11004|4.50|46.50|900412
11004|4.50|46.50|900413
11004|5.00|47.00|900412
11004|5.00|47.00|900413
11004|5.50|47.50|900412
11004|5.50|47.50|900413
11004|6.00|48.00|900412
11004|6.00|48.00|900413
11004|6.50|48.50|900412
11004|6.50|48.50|900413
11004|7.00|49.00|900412
11004|7.00|49.00|900413
11004|7.50|49.50|900412
11004|7.50|49.50|900413
11004|8.00|50.00|900412
11004|8.00|50.00|900413
11004|8.50|50.50|900412
11004|8.50|50.50|900413
11004|9.00|51.00|900412
11004|9.00|51.00|900413
11004|9.50|51.50|900412
11004|9.50|51.50|900413
11004|10.00|52.00|900412
11004|10.00|52.00|900413
11004|10.50|52.50|900412
11004|10.50|52.50|900413
11004|11.00|53.00|900412
11004|11.00|53.00|900413
11004|11.50|53.50|900412
11004|11.50|53.50|900413
11004|12.00|54.00|900412
11004|12.00|54.00|900413
11004|12.50|54.50|900412
11004|12.50|54.50|900413
11004|13.00|55.00|900412
11004|13.00|55.00|900413
11004|13.50|55.50|900412
11004|13.50|55.50|900413
11004|14.00|56.00|900412
11004|14.00|56.00|900413
11004|14.50|56.50|900412
11004|14.50|56.50|900413
11004|15.00|57.00|900412
11004|15.00|57.00|900413
11004|15.50|57.50|900412
11004|15.50|57.50|900413
11004|16.00|58.00|900412
11004|16.00|58.00|900413
11004|16.50|58.50|900412
11004|16.50|58.50|900413
11004|17.00|59.00|900412
11004|17.00|59.00|900413
11004|17.50|59.50|900412
11004|17.50|59.50|900413
11004|18.00|60.00|900412
11004|18.00|60.00|900413
11004|18.50|60.50|900412
11004|18.50|60.50|900413
11004|19.00|61.00|900412
11004|19.00|61.00|900413
11004|19.50|61.50|900412
11004|19.50|61.50|900413
11004|20.00|62.00|900412
11004|20.00|62.00|900413
11004|20.50|62.50|900412
11004|20.50|62.50|900413
11004|21.00|63.00|900412
11004|21.00|63.00|900413
11004|21.50|63.50|900412
11004|21.50|63.50|900413
11004|22.00|64.00|900412
11004|22.00|64.00|900413
11004|22.50|64.50|900412
11004|22.50|64.50|900413
11004|23.00|65.00|900412
11004|23.00|65.00|900413
11004|23.50|65.50|900412
11004|23.50|65.50|900413
11004|24.00|66.00|900412
11004|24.00|66.00|900413
11004|24.50|66.50|900412
11004|24.50|66.50|900413
11004|25.00|67.00|900412
11004|25.00|67.00|900413
11004|25.50|67.50|900412
11004|25.50|67.50|900413
11004|26.00|68.00|900412
11004|26.00|68.00|900413
11004|26.50|68.50|900412
11004|26.50|68.50|900413
11004|27.00|69.00|900412
11004|27.00|69.00|900413
11004|27.50|69.50|900412
11004|27.50|69.50|900413
11004|28.00|70.00|900412
11004|28.00|70.00|900413
11002|0.00|42.00|900414
11002|0.00|42.00|900415
11002|0.50|42.50|900414
11002|0.50|42.50|900415
11002|1.00|43.00|900414
11002|1.00|43.00|900415
11002|1.50|43.50|900414
11002|1.50|43.50|900415
11002|2.00|44.00|900414
11002|2.00|44.00|900415
11002|2.50|44.50|900414
11002|2.50|44.50|900415
11002|3.00|45.00|900414
11002|3.00|45.00|900415
11002|3.50|45.50|900414
11002|3.50|45.50|900415
11002|4.00|46.00|900414
11002|4.00|46.00|900415
11002|4.50|46.50|900414
11002|4.50|46.50|900415
11002|5.00|47.00|900414
11002|5.00|47.00|900415
11002|5.50|47.50|900414
11002|5.50|47.50|900415
11002|6.00|48.00|900414
11002|6.00|48.00|900415
11002|6.50|48.50|900414
11002|6.50|48.50|900415
11002|7.00|49.00|900414
11002|7.00|49.00|900415
11002|7.50|49.50|900414
11002|7.50|49.50|900415
11002|8.00|50.00|900414
11002|8.00|50.00|900415
11002|8.50|50.50|900414
11002|8.50|50.50|900415
11002|9.00|51.00|900414
11002|9.00|51.00|900415
11002|9.50|51.50|900414
11002|9.50|51.50|900415
11002|10.00|52.00|900414
11002|10.00|52.00|900415
11002|10.50|52.50|900414
11002|10.50|52.50|900415
11002|11.00|53.00|900414
11002|11.00|53.00|900415
11002|11.50|53.50|900414
11002|11.50|53.50|900415
11002|12.00|54.00|900414
11002|12.00|54.00|900415
11002|12.50|54.50|900414
11002|12.50|54.50|900415
11002|13.00|55.00|900414
11002|13.00|55.00|900415
11002|13.50|55.50|900414
11002|13.50|55.50|900415
11002|14.00|56.00|900414
11002|14.00|56.00|900415
11002|14.50|56.50|900414
11002|14.50|56.50|900415
11002|15.00|57.00|900414
11002|15.00|57.00|900415
11002|15.50|57.50|900414
11002|15.50|57.50|900415
11002|16.00|58.00|900414
11002|16.00|58.00|900415
11002|16.50|58.50|900414
11002|16.50|58.50|900415
11002|17.00|59.00|900414
11002|17.00|59.00|900415
11002|17.50|59.50|900414
11002|17.50|59.50|900415
11002|18.00|60.00|900414
11002|18.00|60.00|900415
11002|18.50|60.50|900414
11002|18.50|60.50|900415
11002|19.00|61.00|900414
11002|19.00|61.00|900415
11002|19.50|61.50|900414
11002|19.50|61.50|900415
11002|20.00|62.00|900414
11002|20.00|62.00|900415
11002|20.50|62.50|900414
11002|20.50|62.50|900415
11002|21.00|63.00|900414
11002|21.00|63.00|900415
11002|21.50|63.50|900414
11002|21.50|63.50|900415
11002|22.00|64.00|900414
11002|22.00|64.00|900415
11002|22.50|64.50|900414
11002|22.50|64.50|900415
11002|23.00|65.00|900414
11002|23.00|65.00|900415
11002|23.50|65.50|900414
11002|23.50|65.50|900415
11002|24.00|66.00|900414
11002|24.00|66.00|900415
11002|24.50|66.50|900414
11002|24.50|66.50|900415
11002|25.00|67.00|900414
11002|25.00|67.00|900415
11002|25.50|67.50|900414
11002|25.50|67.50|900415
11002|26.00|68.00|900414
11002|26.00|68.00|900415
11002|26.50|68.50|900414
11002|26.50|68.50|900415
11002|27.00|69.00|900414
11002|27.00|69.00|900415
11002|27.50|69.50|900414
11002|27.50|69.50|900415
11002|28.00|70.00|900414
11002|28.00|70.00|900415
