71.50
11027|0.00|40.00|1006721
11027|0.50|40.50|1006722
11027|1.00|41.00|1006663
11027|1.50|41.50|1006664
11027|10.00|50.00|1006641
11027|10.50|50.50|1006622
11027|11.00|51.00|1006723
11027|11.50|51.50|1006664
11027|20.00|60.00|1006601
11027|20.50|60.50|1006622
11027|21.00|61.00|1006683
11027|21.50|61.50|1006674
11027|30.00|70.00|1006701
11025|0.00|30.00|1005791
11025|0.50|30.50|1005812
11025|1.00|31.00|1005823
11025|1.50|31.50|1005694
11025|10.00|40.00|1005821
11025|10.50|40.50|1005692
11025|11.00|41.00|1005803
11025|11.50|41.50|1005724
11025|20.00|50.00|1005691
11025|20.50|50.50|1005752
11025|21.00|51.00|1005803
11025|21.50|51.50|1005714
11025|30.00|60.00|1005691
11025|30.50|60.50|1005792
11025|31.00|61.00|1005733
11025|31.50|61.50|1005714
11025|40.00|70.00|1005741
11025|40.50|70.50|1005692
11025|41.00|71.00|1005813
11025|41.50|71.50|1005724
