72
14020|0.00|20.00|900405
11024|4.00|24.00|900405
14020|8.00|28.00|900405
11024|12.00|32.00|900405
14020|16.00|36.00|900405
11024|20.00|40.00|900405
14020|24.00|44.00|900405
11024|28.00|48.00|900405
14020|32.00|52.00|900405
11024|36.00|56.00|900405
14020|40.00|60.00|900405
11024|44.00|64.00|900405
14020|48.00|68.00|900405
11024|52.00|72.00|900405
11004|2.00|17.00|900406
11004|2.00|17.00|900407
11004|2.50|17.50|900406
11004|2.50|17.50|900407
11004|3.00|18.00|900406
11004|3.00|18.00|900407
11004|3.50|18.50|900406
11004|3.50|18.50|900407
11004|4.00|19.00|900406
11004|4.00|19.00|900407
11004|4.50|19.50|900406
11004|4.50|19.50|900407
11004|5.00|20.00|900406
11004|5.00|20.00|900407
11004|5.50|20.50|900406
11004|5.50|20.50|900407
11004|6.00|21.00|900406
11004|6.00|21.00|900407
11004|6.50|21.50|900406
11004|6.50|21.50|900407
11004|7.00|22.00|900406
11004|7.00|22.00|900407
11004|7.50|22.50|900406
11004|7.50|22.50|900407
11004|8.00|23.00|900406
11004|8.00|23.00|900407
11004|8.50|23.50|900406
11004|8.50|23.50|900407
11004|9.00|24.00|900406
11004|9.00|24.00|900407
11004|9.50|24.50|900406
11004|9.50|24.50|900407
11004|10.00|25.00|900406
11004|10.00|25.00|900407
11004|10.50|25.50|900406
11004|10.50|25.50|900407
11004|11.00|26.00|900406
11004|11.00|26.00|900407
11004|11.50|26.50|900406
11004|11.50|26.50|900407
11004|12.00|27.00|900406
11004|12.00|27.00|900407
11004|12.50|27.50|900406
11004|12.50|27.50|900407
11004|13.00|28.00|900406
11004|13.00|28.00|900407
11004|13.50|28.50|900406
11004|13.50|28.50|900407
11004|14.00|29.00|900406
11004|14.00|29.00|900407
11004|14.50|29.50|900406
11004|14.50|29.50|900407
11004|15.00|30.00|900406
11004|15.00|30.00|900407
11004|15.50|30.50|900406
11004|15.50|30.50|900407
11004|16.00|31.00|900406
11004|16.00|31.00|900407
11004|16.50|31.50|900406
11004|16.50|31.50|900407
11004|17.00|32.00|900406
11004|17.00|32.00|900407
11004|17.50|32.50|900406
11004|17.50|32.50|900407
11004|18.00|33.00|900406
11004|18.00|33.00|900407
11004|18.50|33.50|900406
11004|18.50|33.50|900407
11004|19.00|34.00|900406
11004|19.00|34.00|900407
11004|19.50|34.50|900406
11004|19.50|34.50|900407
11004|20.00|35.00|900406
11004|20.00|35.00|900407
11004|20.50|35.50|900406
11004|20.50|35.50|900407
11004|21.00|36.00|900406
11004|21.00|36.00|900407
11004|21.50|36.50|900406
11004|21.50|36.50|900407
11004|22.00|37.00|900406
11004|22.00|37.00|900407
11004|22.50|37.50|900406
11004|22.50|37.50|900407
11004|23.00|38.00|900406
11004|23.00|38.00|900407
11004|23.50|38.50|900406
11004|23.50|38.50|900407
11004|24.00|39.00|900406
11004|24.00|39.00|900407
11004|24.50|39.50|900406
11004|24.50|39.50|900407
11004|25.00|40.00|900406
11004|25.00|40.00|900407
11004|25.50|40.50|900406
11004|25.50|40.50|900407
11004|26.00|41.00|900406
11004|26.00|41.00|900407
11004|26.50|41.50|900406
11004|26.50|41.50|900407
11004|27.00|42.00|900406
11004|27.00|42.00|900407
11004|27.50|42.50|900406
11004|27.50|42.50|900407
11004|28.00|43.00|900406
11004|28.00|43.00|900407
11004|28.50|43.50|900406
11004|28.50|43.50|900407
11004|29.00|44.00|900406
11004|29.00|44.00|900407
11004|29.50|44.50|900406
11004|29.50|44.50|900407
11004|30.00|45.00|900406
11004|30.00|45.00|900407
11004|30.50|45.50|900406
11004|30.50|45.50|900407
11004|31.00|46.00|900406
11004|31.00|46.00|900407
11004|31.50|46.50|900406
11004|31.50|46.50|900407
11004|32.00|47.00|900406
11004|32.00|47.00|900407
11004|32.50|47.50|900406
11004|32.50|47.50|900407
11004|33.00|48.00|900406
11004|33.00|48.00|900407
11004|33.50|48.50|900406
11004|33.50|48.50|900407
11004|34.00|49.00|900406
11004|34.00|49.00|900407
11004|34.50|49.50|900406
11004|34.50|49.50|900407
11004|35.00|50.00|900406
11004|35.00|50.00|900407
11004|35.50|50.50|900406
11004|35.50|50.50|900407
11004|36.00|51.00|900406
11004|36.00|51.00|900407
11004|36.50|51.50|900406
11004|36.50|51.50|900407
11004|37.00|52.00|900406
11004|37.00|52.00|900407
11004|37.50|52.50|900406
11004|37.50|52.50|900407
11004|38.00|53.00|900406
11004|38.00|53.00|900407
11004|38.50|53.50|900406
11004|38.50|53.50|900407
11004|39.00|54.00|900406
11004|39.00|54.00|900407
11004|39.50|54.50|900406
11004|39.50|54.50|900407
11004|40.00|55.00|900406
11004|40.00|55.00|900407
11004|40.50|55.50|900406
11004|40.50|55.50|900407
11004|41.00|56.00|900406
11004|41.00|56.00|900407
11004|41.50|56.50|900406
11004|41.50|56.50|900407
11004|42.00|57.00|900406
11004|42.00|57.00|900407
11004|42.50|57.50|900406
11004|42.50|57.50|900407
11004|43.00|58.00|900406
11004|43.00|58.00|900407
11004|43.50|58.50|900406
11004|43.50|58.50|900407
11004|44.00|59.00|900406
11004|44.00|59.00|900407
11004|44.50|59.50|900406
11004|44.50|59.50|900407
11004|45.00|60.00|900406
11004|45.00|60.00|900407
11004|45.50|60.50|900406
11004|45.50|60.50|900407
11004|46.00|61.00|900406
11004|46.00|61.00|900407
11004|46.50|61.50|900406
11004|46.50|61.50|900407
11004|47.00|62.00|900406
11004|47.00|62.00|900407
11004|47.50|62.50|900406
11004|47.50|62.50|900407
11004|48.00|63.00|900406
11004|48.00|63.00|900407
11004|48.50|63.50|900406
11004|48.50|63.50|900407
11004|49.00|64.00|900406
11004|49.00|64.00|900407
11004|49.50|64.50|900406
11004|49.50|64.50|900407
11004|50.00|65.00|900406
11004|50.00|65.00|900407
11004|50.50|65.50|900406
11004|50.50|65.50|900407
11004|51.00|66.00|900406
11004|51.00|66.00|900407
11004|51.50|66.50|900406
11004|51.50|66.50|900407
11004|52.00|67.00|900406
11004|52.00|67.00|900407
11004|52.50|67.50|900406
11004|52.50|67.50|900407
11004|53.00|68.00|900406
11004|53.00|68.00|900407
11004|53.50|68.50|900406
11004|53.50|68.50|900407
11004|54.00|69.00|900406
11004|54.00|69.00|900407
11004|54.50|69.50|900406
11004|54.50|69.50|900407
11004|55.00|70.00|900406
11004|55.00|70.00|900407
