72
11025|0.00|20.00|900405
11027|4.00|24.00|900405
11025|8.00|28.00|900405
11027|12.00|32.00|900405
11025|16.00|36.00|900405
11027|20.00|40.00|900405
11025|24.00|44.00|900405
11027|28.00|48.00|900405
11025|32.00|52.00|900405
11027|36.00|56.00|900405
11025|40.00|60.00|900405
11027|44.00|64.00|900405
11025|48.00|68.00|900405
11027|52.00|72.00|900405
11007|2.00|14.00|900408
11007|2.00|14.00|900409
11004|2.00|14.00|900410
11004|2.00|14.00|900411
11007|3.00|15.00|900408
11007|3.00|15.00|900409
11004|3.00|15.00|900410
11004|3.00|15.00|900411
11007|4.00|16.00|900408
11007|4.00|16.00|900409
11004|4.00|16.00|900410
11004|4.00|16.00|900411
11007|5.00|17.00|900408
11007|5.00|17.00|900409
11004|5.00|17.00|900410
11004|5.00|17.00|900411
11007|6.00|18.00|900408
11007|6.00|18.00|900409
11004|6.00|18.00|900410
11004|6.00|18.00|900411
11007|7.00|19.00|900408
11007|7.00|19.00|900409
11004|7.00|19.00|900410
11004|7.00|19.00|900411
11007|8.00|20.00|900408
11007|8.00|20.00|900409
11004|8.00|20.00|900410
11004|8.00|20.00|900411
11007|9.00|21.00|900408
11007|9.00|21.00|900409
11004|9.00|21.00|900410
11004|9.00|21.00|900411
11007|10.00|22.00|900408
11007|10.00|22.00|900409
11004|10.00|22.00|900410
11004|10.00|22.00|900411
11007|11.00|23.00|900408
11007|11.00|23.00|900409
11004|11.00|23.00|900410
11004|11.00|23.00|900411
11007|12.00|24.00|900408
11007|12.00|24.00|900409
11004|12.00|24.00|900410
11004|12.00|24.00|900411
11007|13.00|25.00|900408
11007|13.00|25.00|900409
11004|13.00|25.00|900410
11004|13.00|25.00|900411
11007|14.00|26.00|900408
11007|14.00|26.00|900409
11004|14.00|26.00|900410
11004|14.00|26.00|900411
11007|15.00|27.00|900408
11007|15.00|27.00|900409
11004|15.00|27.00|900410
11004|15.00|27.00|900411
11007|16.00|28.00|900408
11007|16.00|28.00|900409
11004|16.00|28.00|900410
11004|16.00|28.00|900411
11007|17.00|29.00|900408
11007|17.00|29.00|900409
11004|17.00|29.00|900410
11004|17.00|29.00|900411
11007|18.00|30.00|900408
11007|18.00|30.00|900409
11004|18.00|30.00|900410
11004|18.00|30.00|900411
11007|19.00|31.00|900408
11007|19.00|31.00|900409
11004|19.00|31.00|900410
11004|19.00|31.00|900411
11007|20.00|32.00|900408
11007|20.00|32.00|900409
11004|20.00|32.00|900410
11004|20.00|32.00|900411
11007|21.00|33.00|900408
11007|21.00|33.00|900409
11004|21.00|33.00|900410
11004|21.00|33.00|900411
11007|22.00|34.00|900408
11007|22.00|34.00|900409
11004|22.00|34.00|900410
11004|22.00|34.00|900411
11007|23.00|35.00|900408
11007|23.00|35.00|900409
11004|23.00|35.00|900410
11004|23.00|35.00|900411
11007|24.00|36.00|900408
11007|24.00|36.00|900409
11004|24.00|36.00|900410
11004|24.00|36.00|900411
11007|25.00|37.00|900408
11007|25.00|37.00|900409
11004|25.00|37.00|900410
11004|25.00|37.00|900411
11007|26.00|38.00|900408
11007|26.00|38.00|900409
11004|26.00|38.00|900410
11004|26.00|38.00|900411
11007|27.00|39.00|900408
11007|27.00|39.00|900409
11004|27.00|39.00|900410
11004|27.00|39.00|900411
11007|28.00|40.00|900408
11007|28.00|40.00|900409
11004|28.00|40.00|900410
11004|28.00|40.00|900411
11007|29.00|41.00|900408
11007|29.00|41.00|900409
11004|29.00|41.00|900410
11004|29.00|41.00|900411
11007|30.00|42.00|900408
11007|30.00|42.00|900409
11004|30.00|42.00|900410
11004|30.00|42.00|900411
11007|31.00|43.00|900408
11007|31.00|43.00|900409
11004|31.00|43.00|900410
11004|31.00|43.00|900411
11007|32.00|44.00|900408
11007|32.00|44.00|900409
11004|32.00|44.00|900410
11004|32.00|44.00|900411
11007|33.00|45.00|900408
11007|33.00|45.00|900409
11004|33.00|45.00|900410
11004|33.00|45.00|900411
11007|34.00|46.00|900408
11007|34.00|46.00|900409
11004|34.00|46.00|900410
11004|34.00|46.00|900411
11007|35.00|47.00|900408
11007|35.00|47.00|900409
11004|35.00|47.00|900410
11004|35.00|47.00|900411
11007|36.00|48.00|900408
11007|36.00|48.00|900409
11004|36.00|48.00|900410
11004|36.00|48.00|900411
11007|37.00|49.00|900408
11007|37.00|49.00|900409
11004|37.00|49.00|900410
11004|37.00|49.00|900411
11007|38.00|50.00|900408
11007|38.00|50.00|900409
11004|38.00|50.00|900410
11004|38.00|50.00|900411
11007|39.00|51.00|900408
11007|39.00|51.00|900409
11004|39.00|51.00|900410
11004|39.00|51.00|900411
11007|40.00|52.00|900408
11007|40.00|52.00|900409
11004|40.00|52.00|900410
11004|40.00|52.00|900411
11007|41.00|53.00|900408
11007|41.00|53.00|900409
11004|41.00|53.00|900410
11004|41.00|53.00|900411
11007|42.00|54.00|900408
11007|42.00|54.00|900409
11004|42.00|54.00|900410
11004|42.00|54.00|900411
11007|43.00|55.00|900408
11007|43.00|55.00|900409
11004|43.00|55.00|900410
11004|43.00|55.00|900411
11007|44.00|56.00|900408
11007|44.00|56.00|900409
11004|44.00|56.00|900410
11004|44.00|56.00|900411
11007|45.00|57.00|900408
11007|45.00|57.00|900409
11004|45.00|57.00|900410
11004|45.00|57.00|900411
11007|46.00|58.00|900408
11007|46.00|58.00|900409
11004|46.00|58.00|900410
11004|46.00|58.00|900411
11007|47.00|59.00|900408
11007|47.00|59.00|900409
11004|47.00|59.00|900410
11004|47.00|59.00|900411
11007|48.00|60.00|900408
11007|48.00|60.00|900409
11004|48.00|60.00|900410
11004|48.00|60.00|900411
11007|49.00|61.00|900408
11007|49.00|61.00|900409
11004|49.00|61.00|900410
11004|49.00|61.00|900411
11007|50.00|62.00|900408
11007|50.00|62.00|900409
11004|50.00|62.00|900410
11004|50.00|62.00|900411
11007|51.00|63.00|900408
11007|51.00|63.00|900409
11004|51.00|63.00|900410
11004|51.00|63.00|900411
11007|52.00|64.00|900408
11007|52.00|64.00|900409
11004|52.00|64.00|900410
11004|52.00|64.00|900411
11007|53.00|65.00|900408
11007|53.00|65.00|900409
11004|53.00|65.00|900410
11004|53.00|65.00|900411
11007|54.00|66.00|900408
11007|54.00|66.00|900409
11004|54.00|66.00|900410
11004|54.00|66.00|900411
11007|55.00|67.00|900408
11007|55.00|67.00|900409
11004|55.00|67.00|900410
11004|55.00|67.00|900411
11007|56.00|68.00|900408
11007|56.00|68.00|900409
11004|56.00|68.00|900410
11004|56.00|68.00|900411
11007|57.00|69.00|900408
11007|57.00|69.00|900409
11004|57.00|69.00|900410
11004|57.00|69.00|900411
11007|58.00|70.00|900408
11007|58.00|70.00|900409
11004|58.00|70.00|900410
11004|58.00|70.00|900411
