70
78229|0.00|30.00|1011072
65119|25.00|43.00|1010362
78229|40.00|70.00|1011073
11013|0.00|25.00|1004311
11013|0.00|25.00|1004372
11013|0.00|25.00|1004333
11013|0.00|25.00|1004374
11013|0.00|25.00|1004371
11013|0.00|25.00|1004592
11013|0.00|25.00|1004543
11013|0.00|25.00|1004524
11013|4.00|29.00|1004351
11013|4.00|29.00|1004482
11013|4.00|29.00|1004573
11013|4.00|29.00|1004364
11013|4.00|29.00|1004531
11013|4.00|29.00|1004552
11013|4.00|29.00|1004503
11013|4.00|29.00|1004564
11013|8.00|33.00|1004421
11013|8.00|33.00|1004532
11013|8.00|33.00|1004493
11013|8.00|33.00|1004594
11013|8.00|33.00|1004531
11013|8.00|33.00|1004402
11013|8.00|33.00|1004483
11013|8.00|33.00|1004464
11013|12.00|37.00|1004551
11013|12.00|37.00|1004452
11013|12.00|37.00|1004443
11013|12.00|37.00|1004584
11013|12.00|37.00|1004551
11013|12.00|37.00|1004372
11013|12.00|37.00|1004573
11013|12.00|37.00|1004444
11013|16.00|41.00|1004531
11013|16.00|41.00|1004392
11013|16.00|41.00|1004333
11013|16.00|41.00|1004444
11013|16.00|41.00|1004581
11013|16.00|41.00|1004312
11013|16.00|41.00|1004413
11013|16.00|41.00|1004484
11013|20.00|45.00|1004411
11013|20.00|45.00|1004462
11013|20.00|45.00|1004503
11013|20.00|45.00|1004394
11013|20.00|45.00|1004371
11013|20.00|45.00|1004402
11013|20.00|45.00|1004363
11013|20.00|45.00|1004404
11013|24.00|49.00|1004441
11013|24.00|49.00|1004332
11013|24.00|49.00|1004563
11013|24.00|49.00|1004394
11013|24.00|49.00|1004451
11013|24.00|49.00|1004372
11013|24.00|49.00|1004583
11013|24.00|49.00|1004514
11013|28.00|53.00|1004411
11013|28.00|53.00|1004412
11013|28.00|53.00|1004323
11013|28.00|53.00|1004514
11013|28.00|53.00|1004351
11013|28.00|53.00|1004372
11013|28.00|53.00|1004373
11013|28.00|53.00|1004404
11013|32.00|57.00|1004331
11013|32.00|57.00|1004552
11013|32.00|57.00|1004393
11013|32.00|57.00|1004374
11013|32.00|57.00|1004371
11013|32.00|57.00|1004442
11013|32.00|57.00|1004303
11013|32.00|57.00|1004504
11013|36.00|61.00|1004301
11013|36.00|61.00|1004362
11013|36.00|61.00|1004583
11013|36.00|61.00|1004584
11013|36.00|61.00|1004531
11013|36.00|61.00|1004562
11013|36.00|61.00|1004533
11013|36.00|61.00|1004504
11013|40.00|65.00|1004571
11013|40.00|65.00|1004312
11013|40.00|65.00|1004583
11013|40.00|65.00|1004564
11013|40.00|65.00|1004461
11013|40.00|65.00|1004352
11013|40.00|65.00|1004463
11013|40.00|65.00|1004414
11013|44.00|69.00|1004391
11013|44.00|69.00|1004592
11013|44.00|69.00|1004573
11013|44.00|69.00|1004534
11013|44.00|69.00|1004501
11013|44.00|69.00|1004522
11013|44.00|69.00|1004593
11013|44.00|69.00|1004564
