72
77228|0|30|1011213
65119|25|43|1010332
60118|40|70|1010463
11015|0|21|1004141
11015|0|21|1004142
11015|0|21|1004073
11015|0|21|1004094
11015|0|21|1004081
11015|0|21|1004022
11015|0|21|1004083
11015|0|21|1004144
11015|3|24|1004081
11015|3|24|1004062
11015|3|24|1004063
11015|3|24|1004154
11015|3|24|1004041
11015|3|24|1004042
11015|3|24|1004093
11015|3|24|1004134
11015|6|27|1004151
11015|6|27|1004072
11015|6|27|1004053
11015|6|27|1004044
11015|6|27|1004151
11015|6|27|1004082
11015|6|27|1004113
11015|6|27|1004074
11015|9|30|1004131
11015|9|30|1004072
11015|9|30|1004103
11015|9|30|1004124
11015|9|30|1004031
11015|9|30|1004032
11015|9|30|1004053
11015|9|30|1004124
11015|12|33|1004131
11015|12|33|1004062
11015|12|33|1004063
11015|12|33|1004114
11015|12|33|1004131
11015|12|33|1004132
11015|12|33|1004023
11015|12|33|1004144
11015|15|36|1004131
11015|15|36|1004022
11015|15|36|1004143
11015|15|36|1004104
11015|15|36|1004131
11015|15|36|1004092
11015|15|36|1004043
11015|15|36|1004104
11015|18|39|1004151
11015|18|39|1004082
11015|18|39|1004143
11015|18|39|1004064
11015|18|39|1004061
11015|18|39|1004142
11015|18|39|1004093
11015|18|39|1004124
11015|21|42|1004071
11015|21|42|1004062
11015|21|42|1004033
11015|21|42|1004084
11015|21|42|1004021
11015|21|42|1004132
11015|21|42|1004113
11015|21|42|1004114
11015|24|45|1004151
11015|24|45|1004122
11015|24|45|1004143
11015|24|45|1004094
11015|24|45|1004141
11015|24|45|1004122
11015|24|45|1004053
11015|24|45|1004104
11015|27|48|1004141
11015|27|48|1004042
11015|27|48|1004053
11015|27|48|1004034
11015|27|48|1004091
11015|27|48|1004132
11015|27|48|1004133
11015|27|48|1004144
11015|30|51|1004051
11015|30|51|1004042
11015|30|51|1004053
11015|30|51|1004124
11015|30|51|1004091
11015|30|51|1004152
11015|30|51|1004113
11015|30|51|1004034
11015|33|54|1004141
11015|33|54|1004152
11015|33|54|1004093
11015|33|54|1004094
11015|33|54|1004051
11015|33|54|1004112
11015|33|54|1004153
11015|33|54|1004044
11015|36|57|1004061
11015|36|57|1004022
11015|36|57|1004053
11015|36|57|1004064
11015|36|57|1004051
11015|36|57|1004022
11015|36|57|1004053
11015|36|57|1004064
11015|39|60|1004151
11015|39|60|1004052
11015|39|60|1004023
11015|39|60|1004064
11015|39|60|1004031
11015|39|60|1004052
11015|39|60|1004123
11015|39|60|1004154
11015|42|63|1004131
11015|42|63|1004152
11015|42|63|1004033
11015|42|63|1004104
11015|42|63|1004041
11015|42|63|1004102
11015|42|63|1004113
11015|42|63|1004054
11015|45|66|1004071
11015|45|66|1004062
11015|45|66|1004063
11015|45|66|1004054
11015|45|66|1004131
11015|45|66|1004042
11015|45|66|1004143
11015|45|66|1004124
11015|48|69|1004051
11015|48|69|1004132
11015|48|69|1004043
11015|48|69|1004054
11015|48|69|1004141
11015|48|69|1004122
11015|48|69|1004053
11015|48|69|1004034
11015|51|72|1004141
11015|51|72|1004042
11015|51|72|1004123
11015|51|72|1004064
11015|51|72|1004091
11015|51|72|1004152
11015|51|72|1004053
11015|51|72|1004104
