72
11024|0.00|20.00|900405
11026|4.00|24.00|900405
11024|8.00|28.00|900405
11026|12.00|32.00|900405
11024|16.00|36.00|900405
11026|20.00|40.00|900405
11024|24.00|44.00|900405
11026|28.00|48.00|900405
11024|32.00|52.00|900405
11026|36.00|56.00|900405
11024|40.00|60.00|900405
11026|44.00|64.00|900405
11024|48.00|68.00|900405
11026|52.00|72.00|900405
11007|2.00|14.00|900401
11007|2.00|14.00|900402
11007|2.00|14.00|900403
11007|2.00|14.00|900404
11007|2.50|14.50|900401
11007|2.50|14.50|900402
11007|2.50|14.50|900403
11007|2.50|14.50|900404
11007|3.00|15.00|900401
11007|3.00|15.00|900402
11007|3.00|15.00|900403
11007|3.00|15.00|900404
11007|3.50|15.50|900401
11007|3.50|15.50|900402
11007|3.50|15.50|900403
11007|3.50|15.50|900404
11004|4.00|16.00|900401
11004|4.00|16.00|900402
11004|4.00|16.00|900403
11004|4.00|16.00|900404
11004|4.50|16.50|900401
11004|4.50|16.50|900402
11004|4.50|16.50|900403
11004|4.50|16.50|900404
11004|5.00|17.00|900401
11004|5.00|17.00|900402
11004|5.00|17.00|900403
11004|5.00|17.00|900404
11004|5.50|17.50|900401
11004|5.50|17.50|900402
11004|5.50|17.50|900403
11004|5.50|17.50|900404
11007|6.00|18.00|900401
11007|6.00|18.00|900402
11007|6.00|18.00|900403
11007|6.00|18.00|900404
11007|6.50|18.50|900401
11007|6.50|18.50|900402
11007|6.50|18.50|900403
11007|6.50|18.50|900404
11007|7.00|19.00|900401
11007|7.00|19.00|900402
11007|7.00|19.00|900403
11007|7.00|19.00|900404
11007|7.50|19.50|900401
11007|7.50|19.50|900402
11007|7.50|19.50|900403
11007|7.50|19.50|900404
11004|8.00|20.00|900401
11004|8.00|20.00|900402
11004|8.00|20.00|900403
11004|8.00|20.00|900404
11004|8.50|20.50|900401
11004|8.50|20.50|900402
11004|8.50|20.50|900403
11004|8.50|20.50|900404
11004|9.00|21.00|900401
11004|9.00|21.00|900402
11004|9.00|21.00|900403
11004|9.00|21.00|900404
11004|9.50|21.50|900401
11004|9.50|21.50|900402
11004|9.50|21.50|900403
11004|9.50|21.50|900404
11007|10.00|22.00|900401
11007|10.00|22.00|900402
11007|10.00|22.00|900403
11007|10.00|22.00|900404
11007|10.50|22.50|900401
11007|10.50|22.50|900402
11007|10.50|22.50|900403
11007|10.50|22.50|900404
11007|11.00|23.00|900401
11007|11.00|23.00|900402
11007|11.00|23.00|900403
11007|11.00|23.00|900404
11007|11.50|23.50|900401
11007|11.50|23.50|900402
11007|11.50|23.50|900403
11007|11.50|23.50|900404
11004|12.00|24.00|900401
11004|12.00|24.00|900402
11004|12.00|24.00|900403
11004|12.00|24.00|900404
11004|12.50|24.50|900401
11004|12.50|24.50|900402
11004|12.50|24.50|900403
11004|12.50|24.50|900404
11004|13.00|25.00|900401
11004|13.00|25.00|900402
11004|13.00|25.00|900403
11004|13.00|25.00|900404
11004|13.50|25.50|900401
11004|13.50|25.50|900402
11004|13.50|25.50|900403
11004|13.50|25.50|900404
11007|14.00|26.00|900401
11007|14.00|26.00|900402
11007|14.00|26.00|900403
11007|14.00|26.00|900404
11007|14.50|26.50|900401
11007|14.50|26.50|900402
11007|14.50|26.50|900403
11007|14.50|26.50|900404
11007|15.00|27.00|900401
11007|15.00|27.00|900402
11007|15.00|27.00|900403
11007|15.00|27.00|900404
11007|15.50|27.50|900401
11007|15.50|27.50|900402
11007|15.50|27.50|900403
11007|15.50|27.50|900404
11004|16.00|28.00|900401
11004|16.00|28.00|900402
11004|16.00|28.00|900403
11004|16.00|28.00|900404
11004|16.50|28.50|900401
11004|16.50|28.50|900402
11004|16.50|28.50|900403
11004|16.50|28.50|900404
11004|17.00|29.00|900401
11004|17.00|29.00|900402
11004|17.00|29.00|900403
11004|17.00|29.00|900404
11004|17.50|29.50|900401
11004|17.50|29.50|900402
11004|17.50|29.50|900403
11004|17.50|29.50|900404
11007|18.00|30.00|900401
11007|18.00|30.00|900402
11007|18.00|30.00|900403
11007|18.00|30.00|900404
11007|18.50|30.50|900401
11007|18.50|30.50|900402
11007|18.50|30.50|900403
11007|18.50|30.50|900404
11007|19.00|31.00|900401
11007|19.00|31.00|900402
11007|19.00|31.00|900403
11007|19.00|31.00|900404
11007|19.50|31.50|900401
11007|19.50|31.50|900402
11007|19.50|31.50|900403
11007|19.50|31.50|900404
11004|20.00|32.00|900401
11004|20.00|32.00|900402
11004|20.00|32.00|900403
11004|20.00|32.00|900404
11004|20.50|32.50|900401
11004|20.50|32.50|900402
11004|20.50|32.50|900403
11004|20.50|32.50|900404
11004|21.00|33.00|900401
11004|21.00|33.00|900402
11004|21.00|33.00|900403
11004|21.00|33.00|900404
11004|21.50|33.50|900401
11004|21.50|33.50|900402
11004|21.50|33.50|900403
11004|21.50|33.50|900404
11007|22.00|34.00|900401
11007|22.00|34.00|900402
11007|22.00|34.00|900403
11007|22.00|34.00|900404
11007|22.50|34.50|900401
11007|22.50|34.50|900402
11007|22.50|34.50|900403
11007|22.50|34.50|900404
11007|23.00|35.00|900401
11007|23.00|35.00|900402
11007|23.00|35.00|900403
11007|23.00|35.00|900404
11007|23.50|35.50|900401
11007|23.50|35.50|900402
11007|23.50|35.50|900403
11007|23.50|35.50|900404
11004|24.00|36.00|900401
11004|24.00|36.00|900402
11004|24.00|36.00|900403
11004|24.00|36.00|900404
11004|24.50|36.50|900401
11004|24.50|36.50|900402
11004|24.50|36.50|900403
11004|24.50|36.50|900404
11004|25.00|37.00|900401
11004|25.00|37.00|900402
11004|25.00|37.00|900403
11004|25.00|37.00|900404
11004|25.50|37.50|900401
11004|25.50|37.50|900402
11004|25.50|37.50|900403
11004|25.50|37.50|900404
11007|26.00|38.00|900401
11007|26.00|38.00|900402
11007|26.00|38.00|900403
11007|26.00|38.00|900404
11007|26.50|38.50|900401
11007|26.50|38.50|900402
11007|26.50|38.50|900403
11007|26.50|38.50|900404
11007|27.00|39.00|900401
11007|27.00|39.00|900402
11007|27.00|39.00|900403
11007|27.00|39.00|900404
11007|27.50|39.50|900401
11007|27.50|39.50|900402
11007|27.50|39.50|900403
11007|27.50|39.50|900404
11004|28.00|40.00|900401
11004|28.00|40.00|900402
11004|28.00|40.00|900403
11004|28.00|40.00|900404
11004|28.50|40.50|900401
11004|28.50|40.50|900402
11004|28.50|40.50|900403
11004|28.50|40.50|900404
11004|29.00|41.00|900401
11004|29.00|41.00|900402
11004|29.00|41.00|900403
11004|29.00|41.00|900404
11004|29.50|41.50|900401
11004|29.50|41.50|900402
11004|29.50|41.50|900403
11004|29.50|41.50|900404
11007|30.00|42.00|900401
11007|30.00|42.00|900402
11007|30.00|42.00|900403
11007|30.00|42.00|900404
11007|30.50|42.50|900401
11007|30.50|42.50|900402
11007|30.50|42.50|900403
11007|30.50|42.50|900404
11007|31.00|43.00|900401
11007|31.00|43.00|900402
11007|31.00|43.00|900403
11007|31.00|43.00|900404
11007|31.50|43.50|900401
11007|31.50|43.50|900402
11007|31.50|43.50|900403
11007|31.50|43.50|900404
11004|32.00|44.00|900401
11004|32.00|44.00|900402
11004|32.00|44.00|900403
11004|32.00|44.00|900404
11004|32.50|44.50|900401
11004|32.50|44.50|900402
11004|32.50|44.50|900403
11004|32.50|44.50|900404
11004|33.00|45.00|900401
11004|33.00|45.00|900402
11004|33.00|45.00|900403
11004|33.00|45.00|900404
11004|33.50|45.50|900401
11004|33.50|45.50|900402
11004|33.50|45.50|900403
11004|33.50|45.50|900404
11007|34.00|46.00|900401
11007|34.00|46.00|900402
11007|34.00|46.00|900403
11007|34.00|46.00|900404
11007|34.50|46.50|900401
11007|34.50|46.50|900402
11007|34.50|46.50|900403
11007|34.50|46.50|900404
11007|35.00|47.00|900401
11007|35.00|47.00|900402
11007|35.00|47.00|900403
11007|35.00|47.00|900404
11007|35.50|47.50|900401
11007|35.50|47.50|900402
11007|35.50|47.50|900403
11007|35.50|47.50|900404
11004|36.00|48.00|900401
11004|36.00|48.00|900402
11004|36.00|48.00|900403
11004|36.00|48.00|900404
11004|36.50|48.50|900401
11004|36.50|48.50|900402
11004|36.50|48.50|900403
11004|36.50|48.50|900404
11004|37.00|49.00|900401
11004|37.00|49.00|900402
11004|37.00|49.00|900403
11004|37.00|49.00|900404
11004|37.50|49.50|900401
11004|37.50|49.50|900402
11004|37.50|49.50|900403
11004|37.50|49.50|900404
11007|38.00|50.00|900401
11007|38.00|50.00|900402
11007|38.00|50.00|900403
11007|38.00|50.00|900404
11007|38.50|50.50|900401
11007|38.50|50.50|900402
11007|38.50|50.50|900403
11007|38.50|50.50|900404
11007|39.00|51.00|900401
11007|39.00|51.00|900402
11007|39.00|51.00|900403
11007|39.00|51.00|900404
11007|39.50|51.50|900401
11007|39.50|51.50|900402
11007|39.50|51.50|900403
11007|39.50|51.50|900404
11004|40.00|52.00|900401
11004|40.00|52.00|900402
11004|40.00|52.00|900403
11004|40.00|52.00|900404
11004|40.50|52.50|900401
11004|40.50|52.50|900402
11004|40.50|52.50|900403
11004|40.50|52.50|900404
11004|41.00|53.00|900401
11004|41.00|53.00|900402
11004|41.00|53.00|900403
11004|41.00|53.00|900404
11004|41.50|53.50|900401
11004|41.50|53.50|900402
11004|41.50|53.50|900403
11004|41.50|53.50|900404
11007|42.00|54.00|900401
11007|42.00|54.00|900402
11007|42.00|54.00|900403
11007|42.00|54.00|900404
11007|42.50|54.50|900401
11007|42.50|54.50|900402
11007|42.50|54.50|900403
11007|42.50|54.50|900404
11007|43.00|55.00|900401
11007|43.00|55.00|900402
11007|43.00|55.00|900403
11007|43.00|55.00|900404
11007|43.50|55.50|900401
11007|43.50|55.50|900402
11007|43.50|55.50|900403
11007|43.50|55.50|900404
11004|44.00|56.00|900401
11004|44.00|56.00|900402
11004|44.00|56.00|900403
11004|44.00|56.00|900404
11004|44.50|56.50|900401
11004|44.50|56.50|900402
11004|44.50|56.50|900403
11004|44.50|56.50|900404
11004|45.00|57.00|900401
11004|45.00|57.00|900402
11004|45.00|57.00|900403
11004|45.00|57.00|900404
11004|45.50|57.50|900401
11004|45.50|57.50|900402
11004|45.50|57.50|900403
11004|45.50|57.50|900404
11007|46.00|58.00|900401
11007|46.00|58.00|900402
11007|46.00|58.00|900403
11007|46.00|58.00|900404
11007|46.50|58.50|900401
11007|46.50|58.50|900402
11007|46.50|58.50|900403
11007|46.50|58.50|900404
11007|47.00|59.00|900401
11007|47.00|59.00|900402
11007|47.00|59.00|900403
11007|47.00|59.00|900404
11007|47.50|59.50|900401
11007|47.50|59.50|900402
11007|47.50|59.50|900403
11007|47.50|59.50|900404
11004|48.00|60.00|900401
11004|48.00|60.00|900402
11004|48.00|60.00|900403
11004|48.00|60.00|900404
11004|48.50|60.50|900401
11004|48.50|60.50|900402
11004|48.50|60.50|900403
11004|48.50|60.50|900404
11004|49.00|61.00|900401
11004|49.00|61.00|900402
11004|49.00|61.00|900403
11004|49.00|61.00|900404
11004|49.50|61.50|900401
11004|49.50|61.50|900402
11004|49.50|61.50|900403
11004|49.50|61.50|900404
11007|50.00|62.00|900401
11007|50.00|62.00|900402
11007|50.00|62.00|900403
11007|50.00|62.00|900404
11007|50.50|62.50|900401
11007|50.50|62.50|900402
11007|50.50|62.50|900403
11007|50.50|62.50|900404
11007|51.00|63.00|900401
11007|51.00|63.00|900402
11007|51.00|63.00|900403
11007|51.00|63.00|900404
11007|51.50|63.50|900401
11007|51.50|63.50|900402
11007|51.50|63.50|900403
11007|51.50|63.50|900404
11004|52.00|64.00|900401
11004|52.00|64.00|900402
11004|52.00|64.00|900403
11004|52.00|64.00|900404
11004|52.50|64.50|900401
11004|52.50|64.50|900402
11004|52.50|64.50|900403
11004|52.50|64.50|900404
11004|53.00|65.00|900401
11004|53.00|65.00|900402
11004|53.00|65.00|900403
11004|53.00|65.00|900404
11004|53.50|65.50|900401
11004|53.50|65.50|900402
11004|53.50|65.50|900403
11004|53.50|65.50|900404
11007|54.00|66.00|900401
11007|54.00|66.00|900402
11007|54.00|66.00|900403
11007|54.00|66.00|900404
11007|54.50|66.50|900401
11007|54.50|66.50|900402
11007|54.50|66.50|900403
11007|54.50|66.50|900404
11007|55.00|67.00|900401
11007|55.00|67.00|900402
11007|55.00|67.00|900403
11007|55.00|67.00|900404
11007|55.50|67.50|900401
11007|55.50|67.50|900402
11007|55.50|67.50|900403
11007|55.50|67.50|900404
11004|56.00|68.00|900401
11004|56.00|68.00|900402
11004|56.00|68.00|900403
11004|56.00|68.00|900404
11004|56.50|68.50|900401
11004|56.50|68.50|900402
11004|56.50|68.50|900403
11004|56.50|68.50|900404
11004|57.00|69.00|900401
11004|57.00|69.00|900402
11004|57.00|69.00|900403
11004|57.00|69.00|900404
11004|57.50|69.50|900401
11004|57.50|69.50|900402
11004|57.50|69.50|900403
11004|57.50|69.50|900404
11007|58.00|70.00|900401
11007|58.00|70.00|900402
11007|58.00|70.00|900403
11007|58.00|70.00|900404
