72
11025|0.00|20.00|900405
11026|4.00|24.00|900405
11025|8.00|28.00|900405
11026|12.00|32.00|900405
11025|16.00|36.00|900405
11026|20.00|40.00|900405
11025|24.00|44.00|900405
11026|28.00|48.00|900405
11025|32.00|52.00|900405
11026|36.00|56.00|900405
11025|40.00|60.00|900405
11026|44.00|64.00|900405
11025|48.00|68.00|900405
11026|52.00|72.00|900405
11007|2.00|14.00|900408
11007|2.00|14.00|900409
11006|2.00|14.00|900410
11006|2.00|14.00|900411
11007|3.00|15.00|900408
11007|3.00|15.00|900409
11006|3.00|15.00|900410
11006|3.00|15.00|900411
11007|4.00|16.00|900408
11007|4.00|16.00|900409
11006|4.00|16.00|900410
11006|4.00|16.00|900411
11007|5.00|17.00|900408
11007|5.00|17.00|900409
11006|5.00|17.00|900410
11006|5.00|17.00|900411
11007|6.00|18.00|900408
11007|6.00|18.00|900409
11006|6.00|18.00|900410
11006|6.00|18.00|900411
11007|7.00|19.00|900408
11007|7.00|19.00|900409
11006|7.00|19.00|900410
11006|7.00|19.00|900411
11007|8.00|20.00|900408
11007|8.00|20.00|900409
11006|8.00|20.00|900410
11006|8.00|20.00|900411
11007|9.00|21.00|900408
11007|9.00|21.00|900409
11006|9.00|21.00|900410
11006|9.00|21.00|900411
11007|10.00|22.00|900408
11007|10.00|22.00|900409
11006|10.00|22.00|900410
11006|10.00|22.00|900411
11007|11.00|23.00|900408
11007|11.00|23.00|900409
11006|11.00|23.00|900410
11006|11.00|23.00|900411
11007|12.00|24.00|900408
11007|12.00|24.00|900409
11006|12.00|24.00|900410
11006|12.00|24.00|900411
11007|13.00|25.00|900408
11007|13.00|25.00|900409
11006|13.00|25.00|900410
11006|13.00|25.00|900411
11007|14.00|26.00|900408
11007|14.00|26.00|900409
11006|14.00|26.00|900410
11006|14.00|26.00|900411
11007|15.00|27.00|900408
11007|15.00|27.00|900409
11006|15.00|27.00|900410
11006|15.00|27.00|900411
11007|16.00|28.00|900408
11007|16.00|28.00|900409
11006|16.00|28.00|900410
11006|16.00|28.00|900411
11007|17.00|29.00|900408
11007|17.00|29.00|900409
11006|17.00|29.00|900410
11006|17.00|29.00|900411
11007|18.00|30.00|900408
11007|18.00|30.00|900409
11006|18.00|30.00|900410
11006|18.00|30.00|900411
11007|19.00|31.00|900408
11007|19.00|31.00|900409
11006|19.00|31.00|900410
11006|19.00|31.00|900411
11007|20.00|32.00|900408
11007|20.00|32.00|900409
11006|20.00|32.00|900410
11006|20.00|32.00|900411
11007|21.00|33.00|900408
11007|21.00|33.00|900409
11006|21.00|33.00|900410
11006|21.00|33.00|900411
11007|22.00|34.00|900408
11007|22.00|34.00|900409
11006|22.00|34.00|900410
11006|22.00|34.00|900411
11007|23.00|35.00|900408
11007|23.00|35.00|900409
11006|23.00|35.00|900410
11006|23.00|35.00|900411
11007|24.00|36.00|900408
11007|24.00|36.00|900409
11006|24.00|36.00|900410
11006|24.00|36.00|900411
11007|25.00|37.00|900408
11007|25.00|37.00|900409
11006|25.00|37.00|900410
11006|25.00|37.00|900411
11007|26.00|38.00|900408
11007|26.00|38.00|900409
11006|26.00|38.00|900410
11006|26.00|38.00|900411
11007|27.00|39.00|900408
11007|27.00|39.00|900409
11006|27.00|39.00|900410
11006|27.00|39.00|900411
11007|28.00|40.00|900408
11007|28.00|40.00|900409
11006|28.00|40.00|900410
11006|28.00|40.00|900411
11007|29.00|41.00|900408
11007|29.00|41.00|900409
11006|29.00|41.00|900410
11006|29.00|41.00|900411
11007|30.00|42.00|900408
11007|30.00|42.00|900409
11006|30.00|42.00|900410
11006|30.00|42.00|900411
11007|31.00|43.00|900408
11007|31.00|43.00|900409
11006|31.00|43.00|900410
11006|31.00|43.00|900411
11007|32.00|44.00|900408
11007|32.00|44.00|900409
11006|32.00|44.00|900410
11006|32.00|44.00|900411
11007|33.00|45.00|900408
11007|33.00|45.00|900409
11006|33.00|45.00|900410
11006|33.00|45.00|900411
11007|34.00|46.00|900408
11007|34.00|46.00|900409
11006|34.00|46.00|900410
11006|34.00|46.00|900411
11007|35.00|47.00|900408
11007|35.00|47.00|900409
11006|35.00|47.00|900410
11006|35.00|47.00|900411
11007|36.00|48.00|900408
11007|36.00|48.00|900409
11006|36.00|48.00|900410
11006|36.00|48.00|900411
11007|37.00|49.00|900408
11007|37.00|49.00|900409
11006|37.00|49.00|900410
11006|37.00|49.00|900411
11007|38.00|50.00|900408
11007|38.00|50.00|900409
11006|38.00|50.00|900410
11006|38.00|50.00|900411
11007|39.00|51.00|900408
11007|39.00|51.00|900409
11006|39.00|51.00|900410
11006|39.00|51.00|900411
11007|40.00|52.00|900408
11007|40.00|52.00|900409
11006|40.00|52.00|900410
11006|40.00|52.00|900411
11007|41.00|53.00|900408
11007|41.00|53.00|900409
11006|41.00|53.00|900410
11006|41.00|53.00|900411
11007|42.00|54.00|900408
11007|42.00|54.00|900409
11006|42.00|54.00|900410
11006|42.00|54.00|900411
11007|43.00|55.00|900408
11007|43.00|55.00|900409
11006|43.00|55.00|900410
11006|43.00|55.00|900411
11007|44.00|56.00|900408
11007|44.00|56.00|900409
11006|44.00|56.00|900410
11006|44.00|56.00|900411
11007|45.00|57.00|900408
11007|45.00|57.00|900409
11006|45.00|57.00|900410
11006|45.00|57.00|900411
11007|46.00|58.00|900408
11007|46.00|58.00|900409
11006|46.00|58.00|900410
11006|46.00|58.00|900411
11007|47.00|59.00|900408
11007|47.00|59.00|900409
11006|47.00|59.00|900410
11006|47.00|59.00|900411
11007|48.00|60.00|900408
11007|48.00|60.00|900409
11006|48.00|60.00|900410
11006|48.00|60.00|900411
11007|49.00|61.00|900408
11007|49.00|61.00|900409
11006|49.00|61.00|900410
11006|49.00|61.00|900411
11007|50.00|62.00|900408
11007|50.00|62.00|900409
11006|50.00|62.00|900410
11006|50.00|62.00|900411
11007|51.00|63.00|900408
11007|51.00|63.00|900409
11006|51.00|63.00|900410
11006|51.00|63.00|900411
11007|52.00|64.00|900408
11007|52.00|64.00|900409
11006|52.00|64.00|900410
11006|52.00|64.00|900411
11007|53.00|65.00|900408
11007|53.00|65.00|900409
11006|53.00|65.00|900410
11006|53.00|65.00|900411
11007|54.00|66.00|900408
11007|54.00|66.00|900409
11006|54.00|66.00|900410
11006|54.00|66.00|900411
11007|55.00|67.00|900408
11007|55.00|67.00|900409
11006|55.00|67.00|900410
11006|55.00|67.00|900411
11007|56.00|68.00|900408
11007|56.00|68.00|900409
11006|56.00|68.00|900410
11006|56.00|68.00|900411
11007|57.00|69.00|900408
11007|57.00|69.00|900409
11006|57.00|69.00|900410
11006|57.00|69.00|900411
11007|58.00|70.00|900408
11007|58.00|70.00|900409
11006|58.00|70.00|900410
11006|58.00|70.00|900411
