70
77228|0.00|30.00|1011213
16040|25.00|43.00|1010394
60118|40.00|70.00|1010463
11011|0.00|20.00|1003091
11011|0.00|20.00|1003182
11011|0.00|20.00|1003023
11011|0.00|20.00|1003174
11011|0.00|20.00|1003111
11011|0.00|20.00|1003162
11011|0.00|20.00|1003003
11011|0.00|20.00|1003044
11011|0.00|20.00|1003163
11011|2.00|22.00|1003051
11011|2.00|22.00|1003102
11011|2.00|22.00|1003083
11011|2.00|22.00|1003164
11011|2.00|22.00|1003011
11011|2.00|22.00|1003062
11011|2.00|22.00|1003053
11011|2.00|22.00|1003204
11011|2.00|22.00|1003141
11011|4.00|24.00|1003001
11011|4.00|24.00|1003192
11011|4.00|24.00|1003103
11011|4.00|24.00|1003154
11011|4.00|24.00|1003031
11011|4.00|24.00|1003032
11011|4.00|24.00|1003083
11011|4.00|24.00|1003034
11011|4.00|24.00|1003164
11011|6.00|26.00|1003091
11011|6.00|26.00|1003122
11011|6.00|26.00|1003113
11011|6.00|26.00|1003124
11011|6.00|26.00|1003051
11011|6.00|26.00|1003202
11011|6.00|26.00|1003063
11011|6.00|26.00|1003074
11011|6.00|26.00|1003051
11011|8.00|28.00|1003181
11011|8.00|28.00|1003032
11011|8.00|28.00|1003193
11011|8.00|28.00|1003024
11011|8.00|28.00|1003031
11011|8.00|28.00|1003072
11011|8.00|28.00|1003053
11011|8.00|28.00|1003164
11011|8.00|28.00|1003074
11011|10.00|30.00|1003031
11011|10.00|30.00|1003032
11011|10.00|30.00|1003113
11011|10.00|30.00|1003064
11011|10.00|30.00|1002991
11011|10.00|30.00|1003012
11011|10.00|30.00|1003073
11011|10.00|30.00|1003194
11011|10.00|30.00|1003113
11011|12.00|32.00|1003111
11011|12.00|32.00|1003182
11011|12.00|32.00|1003203
11011|12.00|32.00|1003164
11011|12.00|32.00|1003021
11011|12.00|32.00|1002992
11011|12.00|32.00|1003123
11011|12.00|32.00|1003014
11011|12.00|32.00|1003144
11011|14.00|34.00|1003201
11011|14.00|34.00|1003072
11011|14.00|34.00|1003043
11011|14.00|34.00|1003164
11011|14.00|34.00|1003081
11011|14.00|34.00|1003182
11011|14.00|34.00|1003053
11011|14.00|34.00|1003124
11011|14.00|34.00|1003113
11011|16.00|36.00|1003051
11011|16.00|36.00|1003182
11011|16.00|36.00|1003083
11011|16.00|36.00|1003014
11011|16.00|36.00|1003201
11011|16.00|36.00|1003192
11011|16.00|36.00|1003023
11011|16.00|36.00|1003064
11011|16.00|36.00|1003134
11011|18.00|38.00|1003001
11011|18.00|38.00|1003122
11011|18.00|38.00|1003003
11011|18.00|38.00|1003154
11011|18.00|38.00|1003031
11011|18.00|38.00|1003052
11011|18.00|38.00|1003033
11011|18.00|38.00|1003194
11011|18.00|38.00|1003031
11011|20.00|40.00|1003091
11011|20.00|40.00|1003002
11011|20.00|40.00|1003203
11011|20.00|40.00|1003134
11011|20.00|40.00|1003151
11011|20.00|40.00|1003162
11011|20.00|40.00|1003143
11011|20.00|40.00|1003164
11011|20.00|40.00|1003161
11011|22.00|42.00|1003031
11011|22.00|42.00|1003112
11011|22.00|42.00|1003113
11011|22.00|42.00|1003204
11011|22.00|42.00|1003201
11011|22.00|42.00|1003052
11011|22.00|42.00|1003083
11011|22.00|42.00|1003144
11011|22.00|42.00|1003164
11011|24.00|44.00|1002991
11011|24.00|44.00|1003132
11011|24.00|44.00|1003113
11011|24.00|44.00|1003134
11011|24.00|44.00|1002991
11011|24.00|44.00|1003172
11011|24.00|44.00|1003103
11011|24.00|44.00|1003094
11011|24.00|44.00|1003061
11011|26.00|46.00|1003001
11011|26.00|46.00|1003142
11011|26.00|46.00|1003133
11011|26.00|46.00|1003194
11011|26.00|46.00|1003021
11011|26.00|46.00|1003042
11011|26.00|46.00|1003163
11011|26.00|46.00|1003164
11011|26.00|46.00|1003014
11011|28.00|48.00|1003181
11011|28.00|48.00|1003082
11011|28.00|48.00|1003183
11011|28.00|48.00|1003154
11011|28.00|48.00|1003031
11011|28.00|48.00|1003112
11011|28.00|48.00|1003053
11011|28.00|48.00|1003184
11011|28.00|48.00|1003144
11011|30.00|50.00|1003101
11011|30.00|50.00|1003112
11011|30.00|50.00|1003163
11011|30.00|50.00|1003184
11011|30.00|50.00|1003081
11011|30.00|50.00|1003152
11011|30.00|50.00|1003053
11011|30.00|50.00|1003064
11011|30.00|50.00|1003084
11011|32.00|52.00|1003051
11011|32.00|52.00|1003172
11011|32.00|52.00|1003163
11011|32.00|52.00|1003164
11011|32.00|52.00|1003191
11011|32.00|52.00|1003152
11011|32.00|52.00|1003033
11011|32.00|52.00|1003184
11011|32.00|52.00|1003151
11011|34.00|54.00|1003151
11011|34.00|54.00|1003062
11011|34.00|54.00|1003153
11011|34.00|54.00|1003044
11011|34.00|54.00|1003031
11011|34.00|54.00|1003132
11011|34.00|54.00|1003133
11011|34.00|54.00|1003164
11011|34.00|54.00|1003004
11011|36.00|56.00|1003141
11011|36.00|56.00|1003012
11011|36.00|56.00|1003183
11011|36.00|56.00|1002994
11011|36.00|56.00|1003131
11011|36.00|56.00|1003112
11011|36.00|56.00|1003103
11011|36.00|56.00|1003014
11011|36.00|56.00|1002992
11011|38.00|58.00|1003091
11011|38.00|58.00|1003072
11011|38.00|58.00|1003133
11011|38.00|58.00|1003104
11011|38.00|58.00|1003111
11011|38.00|58.00|1003122
11011|38.00|58.00|1003163
11011|38.00|58.00|1003144
11011|38.00|58.00|1003174
11011|40.00|60.00|1003111
11011|40.00|60.00|1003122
11011|40.00|60.00|1003153
11011|40.00|60.00|1003084
11011|40.00|60.00|1003071
11011|40.00|60.00|1003152
11011|40.00|60.00|1003023
11011|40.00|60.00|1003084
11011|40.00|60.00|1003184
11011|42.00|62.00|1003161
11011|42.00|62.00|1003132
11011|42.00|62.00|1002993
11011|42.00|62.00|1003004
11011|42.00|62.00|1003121
11011|42.00|62.00|1003042
11011|42.00|62.00|1003203
11011|42.00|62.00|1003144
11011|42.00|62.00|1003191
11011|44.00|64.00|1003181
11011|44.00|64.00|1003032
11011|44.00|64.00|1003063
11011|44.00|64.00|1003044
11011|44.00|64.00|1003081
11011|44.00|64.00|1003102
11011|44.00|64.00|1003003
11011|44.00|64.00|1003124
11011|44.00|64.00|1002991
11011|46.00|66.00|1003011
11011|46.00|66.00|1003132
11011|46.00|66.00|1003143
11011|46.00|66.00|1003164
11011|46.00|66.00|1003191
11011|46.00|66.00|1003172
11011|46.00|66.00|1003073
11011|46.00|66.00|1003074
11011|46.00|66.00|1003013
11011|48.00|68.00|1003011
11011|48.00|68.00|1003162
11011|48.00|68.00|1003133
11011|48.00|68.00|1003164
11011|48.00|68.00|1003191
11011|48.00|68.00|1003102
11011|48.00|68.00|1003023
11011|48.00|68.00|1003014
11011|48.00|68.00|1003014
11011|50.00|70.00|1003101
11011|50.00|70.00|1003002
11011|50.00|70.00|1003103
11011|50.00|70.00|1003004
11011|50.00|70.00|1003031
11011|50.00|70.00|1003062
11011|50.00|70.00|1003083
11011|50.00|70.00|1002994
11011|50.00|70.00|1003152
