70
11085|0.00|16.00|900416
11085|0.00|16.00|900418
11085|0.00|16.00|900422
11085|0.00|16.00|900424
11085|1.00|17.00|900416
11085|1.00|17.00|900418
11085|1.00|17.00|900422
11085|1.00|17.00|900424
11085|2.00|18.00|900416
11085|2.00|18.00|900418
11085|2.00|18.00|900422
11085|2.00|18.00|900424
11085|3.00|19.00|900416
11085|3.00|19.00|900418
11085|3.00|19.00|900422
11085|3.00|19.00|900424
11085|4.00|20.00|900416
11085|4.00|20.00|900418
11085|4.00|20.00|900422
11085|4.00|20.00|900424
11085|5.00|21.00|900416
11085|5.00|21.00|900418
11085|5.00|21.00|900422
11085|5.00|21.00|900424
11085|6.00|22.00|900416
11085|6.00|22.00|900418
11085|6.00|22.00|900422
11085|6.00|22.00|900424
11085|7.00|23.00|900416
11085|7.00|23.00|900418
11085|7.00|23.00|900422
11085|7.00|23.00|900424
11085|8.00|24.00|900416
11085|8.00|24.00|900418
11085|8.00|24.00|900422
11085|8.00|24.00|900424
11085|9.00|25.00|900416
11085|9.00|25.00|900418
11085|9.00|25.00|900422
11085|9.00|25.00|900424
11085|10.00|26.00|900416
11085|10.00|26.00|900418
11085|10.00|26.00|900422
11085|10.00|26.00|900424
11085|11.00|27.00|900416
11085|11.00|27.00|900418
11085|11.00|27.00|900422
11085|11.00|27.00|900424
11085|12.00|28.00|900416
11085|12.00|28.00|900418
11085|12.00|28.00|900422
11085|12.00|28.00|900424
11085|13.00|29.00|900416
11085|13.00|29.00|900418
11085|13.00|29.00|900422
11085|13.00|29.00|900424
11085|14.00|30.00|900416
11085|14.00|30.00|900418
11085|14.00|30.00|900422
11085|14.00|30.00|900424
11085|15.00|31.00|900416
11085|15.00|31.00|900418
11085|15.00|31.00|900422
11085|15.00|31.00|900424
11085|16.00|32.00|900416
11085|16.00|32.00|900418
11085|16.00|32.00|900422
11085|16.00|32.00|900424
11085|17.00|33.00|900416
11085|17.00|33.00|900418
11085|17.00|33.00|900422
11085|17.00|33.00|900424
11085|18.00|34.00|900416
11085|18.00|34.00|900418
11085|18.00|34.00|900422
11085|18.00|34.00|900424
11085|19.00|35.00|900416
11085|19.00|35.00|900418
11085|19.00|35.00|900422
11085|19.00|35.00|900424
11085|20.00|36.00|900416
11085|20.00|36.00|900418
11085|20.00|36.00|900422
11085|20.00|36.00|900424
11085|21.00|37.00|900416
11085|21.00|37.00|900418
11085|21.00|37.00|900422
11085|21.00|37.00|900424
11085|22.00|38.00|900416
11085|22.00|38.00|900418
11085|22.00|38.00|900422
11085|22.00|38.00|900424
11085|23.00|39.00|900416
11085|23.00|39.00|900418
11085|23.00|39.00|900422
11085|23.00|39.00|900424
11085|24.00|40.00|900416
11085|24.00|40.00|900418
11085|24.00|40.00|900422
11085|24.00|40.00|900424
11085|25.00|41.00|900416
11085|25.00|41.00|900418
11085|25.00|41.00|900422
11085|25.00|41.00|900424
11085|26.00|42.00|900416
11085|26.00|42.00|900418
11085|26.00|42.00|900422
11085|26.00|42.00|900424
11085|27.00|43.00|900416
11085|27.00|43.00|900418
11085|27.00|43.00|900422
11085|27.00|43.00|900424
11085|28.00|44.00|900416
11085|28.00|44.00|900418
11085|28.00|44.00|900422
11085|28.00|44.00|900424
11085|29.00|45.00|900416
11085|29.00|45.00|900418
11085|29.00|45.00|900422
11085|29.00|45.00|900424
11085|30.00|46.00|900416
11085|30.00|46.00|900418
11085|30.00|46.00|900422
11085|30.00|46.00|900424
11085|31.00|47.00|900416
11085|31.00|47.00|900418
11085|31.00|47.00|900422
11085|31.00|47.00|900424
11085|32.00|48.00|900416
11085|32.00|48.00|900418
11085|32.00|48.00|900422
11085|32.00|48.00|900424
11085|33.00|49.00|900416
11085|33.00|49.00|900418
11085|33.00|49.00|900422
11085|33.00|49.00|900424
11085|34.00|50.00|900416
11085|34.00|50.00|900418
11085|34.00|50.00|900422
11085|34.00|50.00|900424
11085|35.00|51.00|900416
11085|35.00|51.00|900418
11085|35.00|51.00|900422
11085|35.00|51.00|900424
11085|36.00|52.00|900416
11085|36.00|52.00|900418
11085|36.00|52.00|900422
11085|36.00|52.00|900424
11085|37.00|53.00|900416
11085|37.00|53.00|900418
11085|37.00|53.00|900422
11085|37.00|53.00|900424
11085|38.00|54.00|900416
11085|38.00|54.00|900418
11085|38.00|54.00|900422
11085|38.00|54.00|900424
11085|39.00|55.00|900416
11085|39.00|55.00|900418
11085|39.00|55.00|900422
11085|39.00|55.00|900424
11085|40.00|56.00|900416
11085|40.00|56.00|900418
11085|40.00|56.00|900422
11085|40.00|56.00|900424
11085|41.00|57.00|900416
11085|41.00|57.00|900418
11085|41.00|57.00|900422
11085|41.00|57.00|900424
11085|42.00|58.00|900416
11085|42.00|58.00|900418
11085|42.00|58.00|900422
11085|42.00|58.00|900424
11085|43.00|59.00|900416
11085|43.00|59.00|900418
11085|43.00|59.00|900422
11085|43.00|59.00|900424
11085|44.00|60.00|900416
11085|44.00|60.00|900418
11085|44.00|60.00|900422
11085|44.00|60.00|900424
11085|45.00|61.00|900416
11085|45.00|61.00|900418
11085|45.00|61.00|900422
11085|45.00|61.00|900424
11085|46.00|62.00|900416
11085|46.00|62.00|900418
11085|46.00|62.00|900422
11085|46.00|62.00|900424
11085|47.00|63.00|900416
11085|47.00|63.00|900418
11085|47.00|63.00|900422
11085|47.00|63.00|900424
11085|48.00|64.00|900416
11085|48.00|64.00|900418
11085|48.00|64.00|900422
11085|48.00|64.00|900424
11085|49.00|65.00|900416
11085|49.00|65.00|900418
11085|49.00|65.00|900422
11085|49.00|65.00|900424
11085|50.00|66.00|900416
11085|50.00|66.00|900418
11085|50.00|66.00|900422
11085|50.00|66.00|900424
11085|51.00|67.00|900416
11085|51.00|67.00|900418
11085|51.00|67.00|900422
11085|51.00|67.00|900424
11085|52.00|68.00|900416
11085|52.00|68.00|900418
11085|52.00|68.00|900422
11085|52.00|68.00|900424
11085|53.00|69.00|900416
11085|53.00|69.00|900418
11085|53.00|69.00|900422
11085|53.00|69.00|900424
11085|54.00|70.00|900416
11085|54.00|70.00|900418
11085|54.00|70.00|900422
11085|54.00|70.00|900424
14013|0.00|16.00|900417
14013|0.00|16.00|900423
11021|3.00|19.00|900417
11021|3.00|19.00|900423
14013|6.00|22.00|900417
14013|6.00|22.00|900423
11021|9.00|25.00|900417
11021|9.00|25.00|900423
14013|12.00|28.00|900417
14013|12.00|28.00|900423
11021|15.00|31.00|900417
11021|15.00|31.00|900423
14013|18.00|34.00|900417
14013|18.00|34.00|900423
11021|21.00|37.00|900417
11021|21.00|37.00|900423
14013|24.00|40.00|900417
14013|24.00|40.00|900423
11021|27.00|43.00|900417
11021|27.00|43.00|900423
14013|30.00|46.00|900417
14013|30.00|46.00|900423
11021|33.00|49.00|900417
11021|33.00|49.00|900423
14013|36.00|52.00|900417
14013|36.00|52.00|900423
11021|39.00|55.00|900417
11021|39.00|55.00|900423
14013|42.00|58.00|900417
14013|42.00|58.00|900423
11021|45.00|61.00|900417
11021|45.00|61.00|900423
14013|48.00|64.00|900417
14013|48.00|64.00|900423
11021|51.00|67.00|900417
11021|51.00|67.00|900423
14013|54.00|70.00|900417
14013|54.00|70.00|900423
11017|0.00|16.00|900419
11017|0.00|16.00|900421
11017|2.00|18.00|900419
11017|2.00|18.00|900421
11027|4.50|20.50|900420
11017|7.00|23.00|900419
11017|7.00|23.00|900421
11017|9.00|25.00|900419
11017|9.00|25.00|900421
11027|11.50|27.50|900420
11017|14.00|30.00|900419
11017|14.00|30.00|900421
11017|16.00|32.00|900419
11017|16.00|32.00|900421
11027|18.50|34.50|900420
11017|21.00|37.00|900419
11017|21.00|37.00|900421
11017|23.00|39.00|900419
11017|23.00|39.00|900421
11027|25.50|41.50|900420
11017|28.00|44.00|900419
11017|28.00|44.00|900421
11017|30.00|46.00|900419
11017|30.00|46.00|900421
11027|32.50|48.50|900420
11017|35.00|51.00|900419
11017|35.00|51.00|900421
11017|37.00|53.00|900419
11017|37.00|53.00|900421
11027|39.50|55.50|900420
11017|42.00|58.00|900419
11017|42.00|58.00|900421
11017|44.00|60.00|900419
11017|44.00|60.00|900421
11027|46.50|62.50|900420
11017|49.00|65.00|900419
11017|49.00|65.00|900421
11017|51.00|67.00|900419
11017|51.00|67.00|900421
11027|53.50|69.50|900420
