72
11025|0.00|20.00|900405
11027|4.00|24.00|900405
11025|8.00|28.00|900405
11027|12.00|32.00|900405
11025|16.00|36.00|900405
11027|20.00|40.00|900405
11025|24.00|44.00|900405
11027|28.00|48.00|900405
11025|32.00|52.00|900405
11027|36.00|56.00|900405
11025|40.00|60.00|900405
11027|44.00|64.00|900405
11025|48.00|68.00|900405
11027|52.00|72.00|900405
11006|2.00|17.00|900406
11006|2.00|17.00|900407
11006|2.50|17.50|900406
11006|2.50|17.50|900407
11006|3.00|18.00|900406
11006|3.00|18.00|900407
11006|3.50|18.50|900406
11006|3.50|18.50|900407
11006|4.00|19.00|900406
11006|4.00|19.00|900407
11006|4.50|19.50|900406
11006|4.50|19.50|900407
11006|5.00|20.00|900406
11006|5.00|20.00|900407
11006|5.50|20.50|900406
11006|5.50|20.50|900407
11006|6.00|21.00|900406
11006|6.00|21.00|900407
11006|6.50|21.50|900406
11006|6.50|21.50|900407
11006|7.00|22.00|900406
11006|7.00|22.00|900407
11006|7.50|22.50|900406
11006|7.50|22.50|900407
11006|8.00|23.00|900406
11006|8.00|23.00|900407
11006|8.50|23.50|900406
11006|8.50|23.50|900407
11006|9.00|24.00|900406
11006|9.00|24.00|900407
11006|9.50|24.50|900406
11006|9.50|24.50|900407
11006|10.00|25.00|900406
11006|10.00|25.00|900407
11006|10.50|25.50|900406
11006|10.50|25.50|900407
11006|11.00|26.00|900406
11006|11.00|26.00|900407
11006|11.50|26.50|900406
11006|11.50|26.50|900407
11006|12.00|27.00|900406
11006|12.00|27.00|900407
11006|12.50|27.50|900406
11006|12.50|27.50|900407
11006|13.00|28.00|900406
11006|13.00|28.00|900407
11006|13.50|28.50|900406
11006|13.50|28.50|900407
11006|14.00|29.00|900406
11006|14.00|29.00|900407
11006|14.50|29.50|900406
11006|14.50|29.50|900407
11006|15.00|30.00|900406
11006|15.00|30.00|900407
11006|15.50|30.50|900406
11006|15.50|30.50|900407
11006|16.00|31.00|900406
11006|16.00|31.00|900407
11006|16.50|31.50|900406
11006|16.50|31.50|900407
11006|17.00|32.00|900406
11006|17.00|32.00|900407
11006|17.50|32.50|900406
11006|17.50|32.50|900407
11006|18.00|33.00|900406
11006|18.00|33.00|900407
11006|18.50|33.50|900406
11006|18.50|33.50|900407
11006|19.00|34.00|900406
11006|19.00|34.00|900407
11006|19.50|34.50|900406
11006|19.50|34.50|900407
11006|20.00|35.00|900406
11006|20.00|35.00|900407
11006|20.50|35.50|900406
11006|20.50|35.50|900407
11006|21.00|36.00|900406
11006|21.00|36.00|900407
11006|21.50|36.50|900406
11006|21.50|36.50|900407
11006|22.00|37.00|900406
11006|22.00|37.00|900407
11006|22.50|37.50|900406
11006|22.50|37.50|900407
11006|23.00|38.00|900406
11006|23.00|38.00|900407
11006|23.50|38.50|900406
11006|23.50|38.50|900407
11006|24.00|39.00|900406
11006|24.00|39.00|900407
11006|24.50|39.50|900406
11006|24.50|39.50|900407
11006|25.00|40.00|900406
11006|25.00|40.00|900407
11006|25.50|40.50|900406
11006|25.50|40.50|900407
11006|26.00|41.00|900406
11006|26.00|41.00|900407
11006|26.50|41.50|900406
11006|26.50|41.50|900407
11006|27.00|42.00|900406
11006|27.00|42.00|900407
11006|27.50|42.50|900406
11006|27.50|42.50|900407
11006|28.00|43.00|900406
11006|28.00|43.00|900407
11006|28.50|43.50|900406
11006|28.50|43.50|900407
11006|29.00|44.00|900406
11006|29.00|44.00|900407
11006|29.50|44.50|900406
11006|29.50|44.50|900407
11006|30.00|45.00|900406
11006|30.00|45.00|900407
11006|30.50|45.50|900406
11006|30.50|45.50|900407
11006|31.00|46.00|900406
11006|31.00|46.00|900407
11006|31.50|46.50|900406
11006|31.50|46.50|900407
11006|32.00|47.00|900406
11006|32.00|47.00|900407
11006|32.50|47.50|900406
11006|32.50|47.50|900407
11006|33.00|48.00|900406
11006|33.00|48.00|900407
11006|33.50|48.50|900406
11006|33.50|48.50|900407
11006|34.00|49.00|900406
11006|34.00|49.00|900407
11006|34.50|49.50|900406
11006|34.50|49.50|900407
11006|35.00|50.00|900406
11006|35.00|50.00|900407
11006|35.50|50.50|900406
11006|35.50|50.50|900407
11006|36.00|51.00|900406
11006|36.00|51.00|900407
11006|36.50|51.50|900406
11006|36.50|51.50|900407
11006|37.00|52.00|900406
11006|37.00|52.00|900407
11006|37.50|52.50|900406
11006|37.50|52.50|900407
11006|38.00|53.00|900406
11006|38.00|53.00|900407
11006|38.50|53.50|900406
11006|38.50|53.50|900407
11006|39.00|54.00|900406
11006|39.00|54.00|900407
11006|39.50|54.50|900406
11006|39.50|54.50|900407
11006|40.00|55.00|900406
11006|40.00|55.00|900407
11006|40.50|55.50|900406
11006|40.50|55.50|900407
11006|41.00|56.00|900406
11006|41.00|56.00|900407
11006|41.50|56.50|900406
11006|41.50|56.50|900407
11006|42.00|57.00|900406
11006|42.00|57.00|900407
11006|42.50|57.50|900406
11006|42.50|57.50|900407
11006|43.00|58.00|900406
11006|43.00|58.00|900407
11006|43.50|58.50|900406
11006|43.50|58.50|900407
11006|44.00|59.00|900406
11006|44.00|59.00|900407
11006|44.50|59.50|900406
11006|44.50|59.50|900407
11006|45.00|60.00|900406
11006|45.00|60.00|900407
11006|45.50|60.50|900406
11006|45.50|60.50|900407
11006|46.00|61.00|900406
11006|46.00|61.00|900407
11006|46.50|61.50|900406
11006|46.50|61.50|900407
11006|47.00|62.00|900406
11006|47.00|62.00|900407
11006|47.50|62.50|900406
11006|47.50|62.50|900407
11006|48.00|63.00|900406
11006|48.00|63.00|900407
11006|48.50|63.50|900406
11006|48.50|63.50|900407
11006|49.00|64.00|900406
11006|49.00|64.00|900407
11006|49.50|64.50|900406
11006|49.50|64.50|900407
11006|50.00|65.00|900406
11006|50.00|65.00|900407
11006|50.50|65.50|900406
11006|50.50|65.50|900407
11006|51.00|66.00|900406
11006|51.00|66.00|900407
11006|51.50|66.50|900406
11006|51.50|66.50|900407
11006|52.00|67.00|900406
11006|52.00|67.00|900407
11006|52.50|67.50|900406
11006|52.50|67.50|900407
11006|53.00|68.00|900406
11006|53.00|68.00|900407
11006|53.50|68.50|900406
11006|53.50|68.50|900407
11006|54.00|69.00|900406
11006|54.00|69.00|900407
11006|54.50|69.50|900406
11006|54.50|69.50|900407
11006|55.00|70.00|900406
11006|55.00|70.00|900407
