70
77228|0|30|1011253
16040|25|40|1010221
60118|38|68|1010424
11008|0|18|1001531
11008|0|18|1001342
11008|0|18|1001383
11008|0|18|1001394
11008|0|18|1001291
11008|0|18|1001422
11008|0|18|1001433
11008|0|18|1001434
11008|0|18|1001412
11008|2|20|1001411
11008|2|20|1001402
11008|2|20|1001523
11008|2|20|1001394
11008|2|20|1001291
11008|2|20|1001352
11008|2|20|1001353
11008|2|20|1001434
11008|2|20|1001451
11008|4|22|1001331
11008|4|22|1001362
11008|4|22|1001283
11008|4|22|1001304
11008|4|22|1001471
11008|4|22|1001332
11008|4|22|1001413
11008|4|22|1001284
11008|4|22|1001421
11008|6|24|1001351
11008|6|24|1001342
11008|6|24|1001343
11008|6|24|1001304
11008|6|24|1001441
11008|6|24|1001532
11008|6|24|1001563
11008|6|24|1001294
11008|6|24|1001532
11008|8|26|1001501
11008|8|26|1001442
11008|8|26|1001343
11008|8|26|1001374
11008|8|26|1001331
11008|8|26|1001292
11008|8|26|1001573
11008|8|26|1001354
11008|8|26|1001282
11008|10|28|1001311
11008|10|28|1001412
11008|10|28|1001493
11008|10|28|1001504
11008|10|28|1001321
11008|10|28|1001472
11008|10|28|1001443
11008|10|28|1001504
11008|10|28|1001514
11008|12|30|1001451
11008|12|30|1001562
11008|12|30|1001563
11008|12|30|1001504
11008|12|30|1001451
11008|12|30|1001292
11008|12|30|1001433
11008|12|30|1001404
11008|12|30|1001521
11008|14|32|1001571
11008|14|32|1001482
11008|14|32|1001473
11008|14|32|1001314
11008|14|32|1001481
11008|14|32|1001362
11008|14|32|1001293
11008|14|32|1001434
11008|14|32|1001493
11008|16|34|1001521
11008|16|34|1001442
11008|16|34|1001553
11008|16|34|1001484
11008|16|34|1001511
11008|16|34|1001292
11008|16|34|1001363
11008|16|34|1001284
11008|16|34|1001464
11008|18|36|1001421
11008|18|36|1001332
11008|18|36|1001543
11008|18|36|1001394
11008|18|36|1001561
11008|18|36|1001372
11008|18|36|1001563
11008|18|36|1001524
11008|18|36|1001313
11008|20|38|1001311
11008|20|38|1001532
11008|20|38|1001563
11008|20|38|1001344
11008|20|38|1001311
11008|20|38|1001422
11008|20|38|1001373
11008|20|38|1001414
11008|20|38|1001532
11008|22|40|1001301
11008|22|40|1001352
11008|22|40|1001493
11008|22|40|1001474
11008|22|40|1001351
11008|22|40|1001522
11008|22|40|1001433
11008|22|40|1001464
11008|22|40|1001542
11008|24|42|1001401
11008|24|42|1001572
11008|24|42|1001313
11008|24|42|1001454
11008|24|42|1001481
11008|24|42|1001322
11008|24|42|1001283
11008|24|42|1001574
11008|24|42|1001501
11008|26|44|1001541
11008|26|44|1001452
11008|26|44|1001383
11008|26|44|1001564
11008|26|44|1001291
11008|26|44|1001342
11008|26|44|1001303
11008|26|44|1001534
11008|26|44|1001383
11008|28|46|1001481
11008|28|46|1001362
11008|28|46|1001293
11008|28|46|1001554
11008|28|46|1001431
11008|28|46|1001422
11008|28|46|1001343
11008|28|46|1001444
11008|28|46|1001542
11008|30|48|1001351
11008|30|48|1001352
11008|30|48|1001353
11008|30|48|1001464
11008|30|48|1001351
11008|30|48|1001332
11008|30|48|1001413
11008|30|48|1001504
11008|30|48|1001451
11008|32|50|1001491
11008|32|50|1001332
11008|32|50|1001393
11008|32|50|1001404
11008|32|50|1001481
11008|32|50|1001482
11008|32|50|1001563
11008|32|50|1001554
11008|32|50|1001512
11008|34|52|1001481
11008|34|52|1001462
11008|34|52|1001493
11008|34|52|1001334
11008|34|52|1001441
11008|34|52|1001562
11008|34|52|1001293
11008|34|52|1001524
11008|34|52|1001404
11008|36|54|1001351
11008|36|54|1001512
11008|36|54|1001503
11008|36|54|1001434
11008|36|54|1001481
11008|36|54|1001482
11008|36|54|1001563
11008|36|54|1001504
11008|36|54|1001382
11008|38|56|1001441
11008|38|56|1001302
11008|38|56|1001483
11008|38|56|1001454
11008|38|56|1001511
11008|38|56|1001432
11008|38|56|1001343
11008|38|56|1001374
11008|38|56|1001481
11008|40|58|1001471
11008|40|58|1001322
11008|40|58|1001403
11008|40|58|1001534
11008|40|58|1001391
11008|40|58|1001482
11008|40|58|1001303
11008|40|58|1001504
11008|40|58|1001364
11008|42|60|1001571
11008|42|60|1001502
11008|42|60|1001483
11008|42|60|1001554
11008|42|60|1001411
11008|42|60|1001422
11008|42|60|1001363
11008|42|60|1001514
11008|42|60|1001424
11008|44|62|1001421
11008|44|62|1001292
11008|44|62|1001363
11008|44|62|1001344
11008|44|62|1001471
11008|44|62|1001382
11008|44|62|1001493
11008|44|62|1001494
11008|44|62|1001331
11008|46|64|1001541
11008|46|64|1001352
11008|46|64|1001463
11008|46|64|1001504
11008|46|64|1001371
11008|46|64|1001452
11008|46|64|1001453
11008|46|64|1001534
11008|46|64|1001502
11008|48|66|1001391
11008|48|66|1001512
11008|48|66|1001373
11008|48|66|1001454
11008|48|66|1001311
11008|48|66|1001362
11008|48|66|1001333
11008|48|66|1001374
11008|48|66|1001282
11008|50|68|1001491
11008|50|68|1001502
11008|50|68|1001463
11008|50|68|1001574
11008|50|68|1001301
11008|50|68|1001422
11008|50|68|1001453
11008|50|68|1001384
11008|50|68|1001564
11008|52|70|1001551
11008|52|70|1001482
11008|52|70|1001303
11008|52|70|1001344
11008|52|70|1001321
11008|52|70|1001492
11008|52|70|1001513
11008|52|70|1001474
11008|52|70|1001331
