70
11007|0.00|16.00|900416
11007|0.00|16.00|900418
11007|0.00|16.00|900422
11007|0.00|16.00|900424
11007|1.00|17.00|900416
11007|1.00|17.00|900418
11007|1.00|17.00|900422
11007|1.00|17.00|900424
11007|2.00|18.00|900416
11007|2.00|18.00|900418
11007|2.00|18.00|900422
11007|2.00|18.00|900424
11007|3.00|19.00|900416
11007|3.00|19.00|900418
11007|3.00|19.00|900422
11007|3.00|19.00|900424
11007|4.00|20.00|900416
11007|4.00|20.00|900418
11007|4.00|20.00|900422
11007|4.00|20.00|900424
11007|5.00|21.00|900416
11007|5.00|21.00|900418
11007|5.00|21.00|900422
11007|5.00|21.00|900424
11007|6.00|22.00|900416
11007|6.00|22.00|900418
11007|6.00|22.00|900422
11007|6.00|22.00|900424
11007|7.00|23.00|900416
11007|7.00|23.00|900418
11007|7.00|23.00|900422
11007|7.00|23.00|900424
11007|8.00|24.00|900416
11007|8.00|24.00|900418
11007|8.00|24.00|900422
11007|8.00|24.00|900424
11007|9.00|25.00|900416
11007|9.00|25.00|900418
11007|9.00|25.00|900422
11007|9.00|25.00|900424
11007|10.00|26.00|900416
11007|10.00|26.00|900418
11007|10.00|26.00|900422
11007|10.00|26.00|900424
11007|11.00|27.00|900416
11007|11.00|27.00|900418
11007|11.00|27.00|900422
11007|11.00|27.00|900424
11007|12.00|28.00|900416
11007|12.00|28.00|900418
11007|12.00|28.00|900422
11007|12.00|28.00|900424
11007|13.00|29.00|900416
11007|13.00|29.00|900418
11007|13.00|29.00|900422
11007|13.00|29.00|900424
11007|14.00|30.00|900416
11007|14.00|30.00|900418
11007|14.00|30.00|900422
11007|14.00|30.00|900424
11007|15.00|31.00|900416
11007|15.00|31.00|900418
11007|15.00|31.00|900422
11007|15.00|31.00|900424
11007|16.00|32.00|900416
11007|16.00|32.00|900418
11007|16.00|32.00|900422
11007|16.00|32.00|900424
11007|17.00|33.00|900416
11007|17.00|33.00|900418
11007|17.00|33.00|900422
11007|17.00|33.00|900424
11007|18.00|34.00|900416
11007|18.00|34.00|900418
11007|18.00|34.00|900422
11007|18.00|34.00|900424
11007|19.00|35.00|900416
11007|19.00|35.00|900418
11007|19.00|35.00|900422
11007|19.00|35.00|900424
11007|20.00|36.00|900416
11007|20.00|36.00|900418
11007|20.00|36.00|900422
11007|20.00|36.00|900424
11007|21.00|37.00|900416
11007|21.00|37.00|900418
11007|21.00|37.00|900422
11007|21.00|37.00|900424
11007|22.00|38.00|900416
11007|22.00|38.00|900418
11007|22.00|38.00|900422
11007|22.00|38.00|900424
11007|23.00|39.00|900416
11007|23.00|39.00|900418
11007|23.00|39.00|900422
11007|23.00|39.00|900424
11007|24.00|40.00|900416
11007|24.00|40.00|900418
11007|24.00|40.00|900422
11007|24.00|40.00|900424
11007|25.00|41.00|900416
11007|25.00|41.00|900418
11007|25.00|41.00|900422
11007|25.00|41.00|900424
11007|26.00|42.00|900416
11007|26.00|42.00|900418
11007|26.00|42.00|900422
11007|26.00|42.00|900424
11007|27.00|43.00|900416
11007|27.00|43.00|900418
11007|27.00|43.00|900422
11007|27.00|43.00|900424
11007|28.00|44.00|900416
11007|28.00|44.00|900418
11007|28.00|44.00|900422
11007|28.00|44.00|900424
11007|29.00|45.00|900416
11007|29.00|45.00|900418
11007|29.00|45.00|900422
11007|29.00|45.00|900424
11007|30.00|46.00|900416
11007|30.00|46.00|900418
11007|30.00|46.00|900422
11007|30.00|46.00|900424
11007|31.00|47.00|900416
11007|31.00|47.00|900418
11007|31.00|47.00|900422
11007|31.00|47.00|900424
11007|32.00|48.00|900416
11007|32.00|48.00|900418
11007|32.00|48.00|900422
11007|32.00|48.00|900424
11007|33.00|49.00|900416
11007|33.00|49.00|900418
11007|33.00|49.00|900422
11007|33.00|49.00|900424
11007|34.00|50.00|900416
11007|34.00|50.00|900418
11007|34.00|50.00|900422
11007|34.00|50.00|900424
11007|35.00|51.00|900416
11007|35.00|51.00|900418
11007|35.00|51.00|900422
11007|35.00|51.00|900424
11007|36.00|52.00|900416
11007|36.00|52.00|900418
11007|36.00|52.00|900422
11007|36.00|52.00|900424
11007|37.00|53.00|900416
11007|37.00|53.00|900418
11007|37.00|53.00|900422
11007|37.00|53.00|900424
11007|38.00|54.00|900416
11007|38.00|54.00|900418
11007|38.00|54.00|900422
11007|38.00|54.00|900424
11007|39.00|55.00|900416
11007|39.00|55.00|900418
11007|39.00|55.00|900422
11007|39.00|55.00|900424
11007|40.00|56.00|900416
11007|40.00|56.00|900418
11007|40.00|56.00|900422
11007|40.00|56.00|900424
11007|41.00|57.00|900416
11007|41.00|57.00|900418
11007|41.00|57.00|900422
11007|41.00|57.00|900424
11007|42.00|58.00|900416
11007|42.00|58.00|900418
11007|42.00|58.00|900422
11007|42.00|58.00|900424
11007|43.00|59.00|900416
11007|43.00|59.00|900418
11007|43.00|59.00|900422
11007|43.00|59.00|900424
11007|44.00|60.00|900416
11007|44.00|60.00|900418
11007|44.00|60.00|900422
11007|44.00|60.00|900424
11007|45.00|61.00|900416
11007|45.00|61.00|900418
11007|45.00|61.00|900422
11007|45.00|61.00|900424
11007|46.00|62.00|900416
11007|46.00|62.00|900418
11007|46.00|62.00|900422
11007|46.00|62.00|900424
11007|47.00|63.00|900416
11007|47.00|63.00|900418
11007|47.00|63.00|900422
11007|47.00|63.00|900424
11007|48.00|64.00|900416
11007|48.00|64.00|900418
11007|48.00|64.00|900422
11007|48.00|64.00|900424
11007|49.00|65.00|900416
11007|49.00|65.00|900418
11007|49.00|65.00|900422
11007|49.00|65.00|900424
11007|50.00|66.00|900416
11007|50.00|66.00|900418
11007|50.00|66.00|900422
11007|50.00|66.00|900424
11007|51.00|67.00|900416
11007|51.00|67.00|900418
11007|51.00|67.00|900422
11007|51.00|67.00|900424
11007|52.00|68.00|900416
11007|52.00|68.00|900418
11007|52.00|68.00|900422
11007|52.00|68.00|900424
11007|53.00|69.00|900416
11007|53.00|69.00|900418
11007|53.00|69.00|900422
11007|53.00|69.00|900424
11007|54.00|70.00|900416
11007|54.00|70.00|900418
11007|54.00|70.00|900422
11007|54.00|70.00|900424
11013|0.00|16.00|900417
11013|0.00|16.00|900423
11021|2.00|18.00|900417
11021|2.00|18.00|900423
11013|4.00|20.00|900417
11013|4.00|20.00|900423
11021|6.00|22.00|900417
11021|6.00|22.00|900423
11013|8.00|24.00|900417
11013|8.00|24.00|900423
11021|10.00|26.00|900417
11021|10.00|26.00|900423
11013|12.00|28.00|900417
11013|12.00|28.00|900423
11021|14.00|30.00|900417
11021|14.00|30.00|900423
11013|16.00|32.00|900417
11013|16.00|32.00|900423
11021|18.00|34.00|900417
11021|18.00|34.00|900423
11013|20.00|36.00|900417
11013|20.00|36.00|900423
11021|22.00|38.00|900417
11021|22.00|38.00|900423
11013|24.00|40.00|900417
11013|24.00|40.00|900423
11021|26.00|42.00|900417
11021|26.00|42.00|900423
11013|28.00|44.00|900417
11013|28.00|44.00|900423
11021|30.00|46.00|900417
11021|30.00|46.00|900423
11013|32.00|48.00|900417
11013|32.00|48.00|900423
11021|34.00|50.00|900417
11021|34.00|50.00|900423
11013|36.00|52.00|900417
11013|36.00|52.00|900423
11021|38.00|54.00|900417
11021|38.00|54.00|900423
11013|40.00|56.00|900417
11013|40.00|56.00|900423
11021|42.00|58.00|900417
11021|42.00|58.00|900423
11013|44.00|60.00|900417
11013|44.00|60.00|900423
11021|46.00|62.00|900417
11021|46.00|62.00|900423
11013|48.00|64.00|900417
11013|48.00|64.00|900423
11021|50.00|66.00|900417
11021|50.00|66.00|900423
11013|52.00|68.00|900417
11013|52.00|68.00|900423
11021|54.00|70.00|900417
11021|54.00|70.00|900423
11017|0.00|16.00|900419
11017|0.00|16.00|900421
11017|2.00|18.00|900419
11017|2.00|18.00|900421
11026|4.50|20.50|900420
11017|7.00|23.00|900419
11017|7.00|23.00|900421
11017|9.00|25.00|900419
11017|9.00|25.00|900421
11026|11.50|27.50|900420
11017|14.00|30.00|900419
11017|14.00|30.00|900421
11017|16.00|32.00|900419
11017|16.00|32.00|900421
11026|18.50|34.50|900420
11017|21.00|37.00|900419
11017|21.00|37.00|900421
11017|23.00|39.00|900419
11017|23.00|39.00|900421
11026|25.50|41.50|900420
11017|28.00|44.00|900419
11017|28.00|44.00|900421
11017|30.00|46.00|900419
11017|30.00|46.00|900421
11026|32.50|48.50|900420
11017|35.00|51.00|900419
11017|35.00|51.00|900421
11017|37.00|53.00|900419
11017|37.00|53.00|900421
11026|39.50|55.50|900420
11017|42.00|58.00|900419
11017|42.00|58.00|900421
11017|44.00|60.00|900419
11017|44.00|60.00|900421
11026|46.50|62.50|900420
11017|49.00|65.00|900419
11017|49.00|65.00|900421
11017|51.00|67.00|900419
11017|51.00|67.00|900421
11026|53.50|69.50|900420
