72
11027|0|42|1006721
11027|0.5|42.5|1006722
11027|1|43|1006663
11027|1.5|43.5|1006664
11027|10|52|1006641
11027|10.5|52.5|1006622
11027|11|53|1006723
11027|11.5|53.5|1006664
11027|20|62|1006601
11027|20.5|62.5|1006622
11027|21|63|1006683
11027|21.5|63.5|1006674
11027|30|72|1006701
11025|0|30|1005791
11025|0.5|30.5|1005812
11025|1|31|1005823
11025|1.5|31.5|1005694
11025|10|40|1005821
11025|10.5|40.5|1005692
11025|11|41|1005803
11025|11.5|41.5|1005724
11025|20|50|1005691
11025|20.5|50.5|1005752
11025|21|51|1005803
11025|21.5|51.5|1005714
11025|30|60|1005691
11025|30.5|60.5|1005792
11025|31|61|1005733
11025|31.5|61.5|1005714
11025|40|70|1005741
11025|40.5|70.5|1005692
11025|41|71|1005813
11025|41.5|71.5|1005724
