70
11002|0.00|15.00|900429
11002|0.00|15.00|900430
11002|0.00|15.00|900431
11002|0.00|15.00|900432
11002|0.00|15.00|900433
11002|0.00|15.00|900434
11002|0.00|15.00|900435
11002|0.00|15.00|900436
11002|0.00|15.00|900437
11002|0.00|15.00|900438
11002|0.00|15.00|900439
11002|0.00|15.00|900440
11002|0.00|15.00|900441
11002|0.00|15.00|900442
11002|0.00|15.00|900443
11002|0.00|15.00|900444
11002|0.00|15.00|900445
11002|0.00|15.00|900446
11002|0.00|15.00|900447
11002|0.00|15.00|900448
11002|0.00|15.00|900449
60118|0.00|15.00|900450
11004|5.00|20.00|900429
11004|5.00|20.00|900430
11004|5.00|20.00|900431
11004|5.00|20.00|900432
11004|5.00|20.00|900433
11004|5.00|20.00|900434
11004|5.00|20.00|900435
11004|5.00|20.00|900436
11004|5.00|20.00|900437
11004|5.00|20.00|900438
11004|5.00|20.00|900439
11004|5.00|20.00|900440
11004|5.00|20.00|900441
11004|5.00|20.00|900442
11004|5.00|20.00|900443
11004|5.00|20.00|900444
11004|5.00|20.00|900445
11004|5.00|20.00|900446
11004|5.00|20.00|900447
11004|5.00|20.00|900448
11004|5.00|20.00|900449
60118|5.00|20.00|900450
11002|10.00|25.00|900429
11002|10.00|25.00|900430
11002|10.00|25.00|900431
11002|10.00|25.00|900432
11002|10.00|25.00|900433
11002|10.00|25.00|900434
11002|10.00|25.00|900435
11002|10.00|25.00|900436
11002|10.00|25.00|900437
11002|10.00|25.00|900438
11002|10.00|25.00|900439
11002|10.00|25.00|900440
11002|10.00|25.00|900441
11002|10.00|25.00|900442
11002|10.00|25.00|900443
11002|10.00|25.00|900444
11002|10.00|25.00|900445
11002|10.00|25.00|900446
11002|10.00|25.00|900447
11002|10.00|25.00|900448
11002|10.00|25.00|900449
60118|10.00|25.00|900450
11004|15.00|30.00|900429
11004|15.00|30.00|900430
11004|15.00|30.00|900431
11004|15.00|30.00|900432
11004|15.00|30.00|900433
11004|15.00|30.00|900434
11004|15.00|30.00|900435
11004|15.00|30.00|900436
11004|15.00|30.00|900437
11004|15.00|30.00|900438
11004|15.00|30.00|900439
11004|15.00|30.00|900440
11004|15.00|30.00|900441
11004|15.00|30.00|900442
11004|15.00|30.00|900443
11004|15.00|30.00|900444
11004|15.00|30.00|900445
11004|15.00|30.00|900446
11004|15.00|30.00|900447
11004|15.00|30.00|900448
11004|15.00|30.00|900449
60118|15.00|30.00|900450
11002|20.00|35.00|900429
11002|20.00|35.00|900430
11002|20.00|35.00|900431
11002|20.00|35.00|900432
11002|20.00|35.00|900433
11002|20.00|35.00|900434
11002|20.00|35.00|900435
11002|20.00|35.00|900436
11002|20.00|35.00|900437
11002|20.00|35.00|900438
11002|20.00|35.00|900439
11002|20.00|35.00|900440
11002|20.00|35.00|900441
11002|20.00|35.00|900442
11002|20.00|35.00|900443
11002|20.00|35.00|900444
11002|20.00|35.00|900445
11002|20.00|35.00|900446
11002|20.00|35.00|900447
11002|20.00|35.00|900448
11002|20.00|35.00|900449
60118|20.00|35.00|900450
11004|25.00|40.00|900429
11004|25.00|40.00|900430
11004|25.00|40.00|900431
11004|25.00|40.00|900432
11004|25.00|40.00|900433
11004|25.00|40.00|900434
11004|25.00|40.00|900435
11004|25.00|40.00|900436
11004|25.00|40.00|900437
11004|25.00|40.00|900438
11004|25.00|40.00|900439
11004|25.00|40.00|900440
11004|25.00|40.00|900441
11004|25.00|40.00|900442
11004|25.00|40.00|900443
11004|25.00|40.00|900444
11004|25.00|40.00|900445
11004|25.00|40.00|900446
11004|25.00|40.00|900447
11004|25.00|40.00|900448
11004|25.00|40.00|900449
60118|25.00|40.00|900450
11002|30.00|45.00|900429
11002|30.00|45.00|900430
11002|30.00|45.00|900431
11002|30.00|45.00|900432
11002|30.00|45.00|900433
11002|30.00|45.00|900434
11002|30.00|45.00|900435
11002|30.00|45.00|900436
11002|30.00|45.00|900437
11002|30.00|45.00|900438
11002|30.00|45.00|900439
11002|30.00|45.00|900440
11002|30.00|45.00|900441
11002|30.00|45.00|900442
11002|30.00|45.00|900443
11002|30.00|45.00|900444
11002|30.00|45.00|900445
11002|30.00|45.00|900446
11002|30.00|45.00|900447
11002|30.00|45.00|900448
11002|30.00|45.00|900449
60118|30.00|45.00|900450
11004|35.00|50.00|900429
11004|35.00|50.00|900430
11004|35.00|50.00|900431
11004|35.00|50.00|900432
11004|35.00|50.00|900433
11004|35.00|50.00|900434
11004|35.00|50.00|900435
11004|35.00|50.00|900436
11004|35.00|50.00|900437
11004|35.00|50.00|900438
11004|35.00|50.00|900439
11004|35.00|50.00|900440
11004|35.00|50.00|900441
11004|35.00|50.00|900442
11004|35.00|50.00|900443
11004|35.00|50.00|900444
11004|35.00|50.00|900445
11004|35.00|50.00|900446
11004|35.00|50.00|900447
11004|35.00|50.00|900448
11004|35.00|50.00|900449
60118|35.00|50.00|900450
11002|40.00|55.00|900429
11002|40.00|55.00|900430
11002|40.00|55.00|900431
11002|40.00|55.00|900432
11002|40.00|55.00|900433
11002|40.00|55.00|900434
11002|40.00|55.00|900435
11002|40.00|55.00|900436
11002|40.00|55.00|900437
11002|40.00|55.00|900438
11002|40.00|55.00|900439
11002|40.00|55.00|900440
11002|40.00|55.00|900441
11002|40.00|55.00|900442
11002|40.00|55.00|900443
11002|40.00|55.00|900444
11002|40.00|55.00|900445
11002|40.00|55.00|900446
11002|40.00|55.00|900447
11002|40.00|55.00|900448
11002|40.00|55.00|900449
60118|40.00|55.00|900450
11004|45.00|60.00|900429
11004|45.00|60.00|900430
11004|45.00|60.00|900431
11004|45.00|60.00|900432
11004|45.00|60.00|900433
11004|45.00|60.00|900434
11004|45.00|60.00|900435
11004|45.00|60.00|900436
11004|45.00|60.00|900437
11004|45.00|60.00|900438
11004|45.00|60.00|900439
11004|45.00|60.00|900440
11004|45.00|60.00|900441
11004|45.00|60.00|900442
11004|45.00|60.00|900443
11004|45.00|60.00|900444
11004|45.00|60.00|900445
11004|45.00|60.00|900446
11004|45.00|60.00|900447
11004|45.00|60.00|900448
11004|45.00|60.00|900449
60118|45.00|60.00|900450
11002|50.00|65.00|900429
11002|50.00|65.00|900430
11002|50.00|65.00|900431
11002|50.00|65.00|900432
11002|50.00|65.00|900433
11002|50.00|65.00|900434
11002|50.00|65.00|900435
11002|50.00|65.00|900436
11002|50.00|65.00|900437
11002|50.00|65.00|900438
11002|50.00|65.00|900439
11002|50.00|65.00|900440
11002|50.00|65.00|900441
11002|50.00|65.00|900442
11002|50.00|65.00|900443
11002|50.00|65.00|900444
11002|50.00|65.00|900445
11002|50.00|65.00|900446
11002|50.00|65.00|900447
11002|50.00|65.00|900448
11002|50.00|65.00|900449
60118|50.00|65.00|900450
11004|55.00|70.00|900429
11004|55.00|70.00|900430
11004|55.00|70.00|900431
11004|55.00|70.00|900432
11004|55.00|70.00|900433
11004|55.00|70.00|900434
11004|55.00|70.00|900435
11004|55.00|70.00|900436
11004|55.00|70.00|900437
11004|55.00|70.00|900438
11004|55.00|70.00|900439
11004|55.00|70.00|900440
11004|55.00|70.00|900441
11004|55.00|70.00|900442
11004|55.00|70.00|900443
11004|55.00|70.00|900444
11004|55.00|70.00|900445
11004|55.00|70.00|900446
11004|55.00|70.00|900447
11004|55.00|70.00|900448
11004|55.00|70.00|900449
60118|55.00|70.00|900450
