70
11003|0.00|16.00|900416
11003|0.00|16.00|900418
11003|0.00|16.00|900422
11003|0.00|16.00|900424
11003|1.00|17.00|900416
11003|1.00|17.00|900418
11003|1.00|17.00|900422
11003|1.00|17.00|900424
11003|2.00|18.00|900416
11003|2.00|18.00|900418
11003|2.00|18.00|900422
11003|2.00|18.00|900424
11003|3.00|19.00|900416
11003|3.00|19.00|900418
11003|3.00|19.00|900422
11003|3.00|19.00|900424
11003|4.00|20.00|900416
11003|4.00|20.00|900418
11003|4.00|20.00|900422
11003|4.00|20.00|900424
11003|5.00|21.00|900416
11003|5.00|21.00|900418
11003|5.00|21.00|900422
11003|5.00|21.00|900424
11003|6.00|22.00|900416
11003|6.00|22.00|900418
11003|6.00|22.00|900422
11003|6.00|22.00|900424
11003|7.00|23.00|900416
11003|7.00|23.00|900418
11003|7.00|23.00|900422
11003|7.00|23.00|900424
11003|8.00|24.00|900416
11003|8.00|24.00|900418
11003|8.00|24.00|900422
11003|8.00|24.00|900424
11003|9.00|25.00|900416
11003|9.00|25.00|900418
11003|9.00|25.00|900422
11003|9.00|25.00|900424
11003|10.00|26.00|900416
11003|10.00|26.00|900418
11003|10.00|26.00|900422
11003|10.00|26.00|900424
11003|11.00|27.00|900416
11003|11.00|27.00|900418
11003|11.00|27.00|900422
11003|11.00|27.00|900424
11003|12.00|28.00|900416
11003|12.00|28.00|900418
11003|12.00|28.00|900422
11003|12.00|28.00|900424
11003|13.00|29.00|900416
11003|13.00|29.00|900418
11003|13.00|29.00|900422
11003|13.00|29.00|900424
11003|14.00|30.00|900416
11003|14.00|30.00|900418
11003|14.00|30.00|900422
11003|14.00|30.00|900424
11003|15.00|31.00|900416
11003|15.00|31.00|900418
11003|15.00|31.00|900422
11003|15.00|31.00|900424
11003|16.00|32.00|900416
11003|16.00|32.00|900418
11003|16.00|32.00|900422
11003|16.00|32.00|900424
11003|17.00|33.00|900416
11003|17.00|33.00|900418
11003|17.00|33.00|900422
11003|17.00|33.00|900424
11003|18.00|34.00|900416
11003|18.00|34.00|900418
11003|18.00|34.00|900422
11003|18.00|34.00|900424
11003|19.00|35.00|900416
11003|19.00|35.00|900418
11003|19.00|35.00|900422
11003|19.00|35.00|900424
11003|20.00|36.00|900416
11003|20.00|36.00|900418
11003|20.00|36.00|900422
11003|20.00|36.00|900424
11003|21.00|37.00|900416
11003|21.00|37.00|900418
11003|21.00|37.00|900422
11003|21.00|37.00|900424
11003|22.00|38.00|900416
11003|22.00|38.00|900418
11003|22.00|38.00|900422
11003|22.00|38.00|900424
11003|23.00|39.00|900416
11003|23.00|39.00|900418
11003|23.00|39.00|900422
11003|23.00|39.00|900424
11003|24.00|40.00|900416
11003|24.00|40.00|900418
11003|24.00|40.00|900422
11003|24.00|40.00|900424
11003|25.00|41.00|900416
11003|25.00|41.00|900418
11003|25.00|41.00|900422
11003|25.00|41.00|900424
11003|26.00|42.00|900416
11003|26.00|42.00|900418
11003|26.00|42.00|900422
11003|26.00|42.00|900424
11003|27.00|43.00|900416
11003|27.00|43.00|900418
11003|27.00|43.00|900422
11003|27.00|43.00|900424
11003|28.00|44.00|900416
11003|28.00|44.00|900418
11003|28.00|44.00|900422
11003|28.00|44.00|900424
11003|29.00|45.00|900416
11003|29.00|45.00|900418
11003|29.00|45.00|900422
11003|29.00|45.00|900424
11003|30.00|46.00|900416
11003|30.00|46.00|900418
11003|30.00|46.00|900422
11003|30.00|46.00|900424
11003|31.00|47.00|900416
11003|31.00|47.00|900418
11003|31.00|47.00|900422
11003|31.00|47.00|900424
11003|32.00|48.00|900416
11003|32.00|48.00|900418
11003|32.00|48.00|900422
11003|32.00|48.00|900424
11003|33.00|49.00|900416
11003|33.00|49.00|900418
11003|33.00|49.00|900422
11003|33.00|49.00|900424
11003|34.00|50.00|900416
11003|34.00|50.00|900418
11003|34.00|50.00|900422
11003|34.00|50.00|900424
11003|35.00|51.00|900416
11003|35.00|51.00|900418
11003|35.00|51.00|900422
11003|35.00|51.00|900424
11003|36.00|52.00|900416
11003|36.00|52.00|900418
11003|36.00|52.00|900422
11003|36.00|52.00|900424
11003|37.00|53.00|900416
11003|37.00|53.00|900418
11003|37.00|53.00|900422
11003|37.00|53.00|900424
11003|38.00|54.00|900416
11003|38.00|54.00|900418
11003|38.00|54.00|900422
11003|38.00|54.00|900424
11003|39.00|55.00|900416
11003|39.00|55.00|900418
11003|39.00|55.00|900422
11003|39.00|55.00|900424
11003|40.00|56.00|900416
11003|40.00|56.00|900418
11003|40.00|56.00|900422
11003|40.00|56.00|900424
11003|41.00|57.00|900416
11003|41.00|57.00|900418
11003|41.00|57.00|900422
11003|41.00|57.00|900424
11003|42.00|58.00|900416
11003|42.00|58.00|900418
11003|42.00|58.00|900422
11003|42.00|58.00|900424
11003|43.00|59.00|900416
11003|43.00|59.00|900418
11003|43.00|59.00|900422
11003|43.00|59.00|900424
11003|44.00|60.00|900416
11003|44.00|60.00|900418
11003|44.00|60.00|900422
11003|44.00|60.00|900424
11003|45.00|61.00|900416
11003|45.00|61.00|900418
11003|45.00|61.00|900422
11003|45.00|61.00|900424
11003|46.00|62.00|900416
11003|46.00|62.00|900418
11003|46.00|62.00|900422
11003|46.00|62.00|900424
11003|47.00|63.00|900416
11003|47.00|63.00|900418
11003|47.00|63.00|900422
11003|47.00|63.00|900424
11003|48.00|64.00|900416
11003|48.00|64.00|900418
11003|48.00|64.00|900422
11003|48.00|64.00|900424
11003|49.00|65.00|900416
11003|49.00|65.00|900418
11003|49.00|65.00|900422
11003|49.00|65.00|900424
11003|50.00|66.00|900416
11003|50.00|66.00|900418
11003|50.00|66.00|900422
11003|50.00|66.00|900424
11003|51.00|67.00|900416
11003|51.00|67.00|900418
11003|51.00|67.00|900422
11003|51.00|67.00|900424
11003|52.00|68.00|900416
11003|52.00|68.00|900418
11003|52.00|68.00|900422
11003|52.00|68.00|900424
11003|53.00|69.00|900416
11003|53.00|69.00|900418
11003|53.00|69.00|900422
11003|53.00|69.00|900424
11003|54.00|70.00|900416
11003|54.00|70.00|900418
11003|54.00|70.00|900422
11003|54.00|70.00|900424
11013|0.00|16.00|900417
11013|0.00|16.00|900423
14013|2.00|18.00|900417
14013|2.00|18.00|900423
11013|4.00|20.00|900417
11013|4.00|20.00|900423
14013|6.00|22.00|900417
14013|6.00|22.00|900423
11013|8.00|24.00|900417
11013|8.00|24.00|900423
14013|10.00|26.00|900417
14013|10.00|26.00|900423
11013|12.00|28.00|900417
11013|12.00|28.00|900423
14013|14.00|30.00|900417
14013|14.00|30.00|900423
11013|16.00|32.00|900417
11013|16.00|32.00|900423
14013|18.00|34.00|900417
14013|18.00|34.00|900423
11013|20.00|36.00|900417
11013|20.00|36.00|900423
14013|22.00|38.00|900417
14013|22.00|38.00|900423
11013|24.00|40.00|900417
11013|24.00|40.00|900423
14013|26.00|42.00|900417
14013|26.00|42.00|900423
11013|28.00|44.00|900417
11013|28.00|44.00|900423
14013|30.00|46.00|900417
14013|30.00|46.00|900423
11013|32.00|48.00|900417
11013|32.00|48.00|900423
14013|34.00|50.00|900417
14013|34.00|50.00|900423
11013|36.00|52.00|900417
11013|36.00|52.00|900423
14013|38.00|54.00|900417
14013|38.00|54.00|900423
11013|40.00|56.00|900417
11013|40.00|56.00|900423
14013|42.00|58.00|900417
14013|42.00|58.00|900423
11013|44.00|60.00|900417
11013|44.00|60.00|900423
14013|46.00|62.00|900417
14013|46.00|62.00|900423
11013|48.00|64.00|900417
11013|48.00|64.00|900423
14013|50.00|66.00|900417
14013|50.00|66.00|900423
11013|52.00|68.00|900417
11013|52.00|68.00|900423
14013|54.00|70.00|900417
14013|54.00|70.00|900423
11020|0.00|16.00|900419
11020|0.00|16.00|900421
11020|2.00|18.00|900419
11020|2.00|18.00|900421
11021|4.50|20.50|900420
11020|7.00|23.00|900419
11020|7.00|23.00|900421
11020|9.00|25.00|900419
11020|9.00|25.00|900421
11021|11.50|27.50|900420
11020|14.00|30.00|900419
11020|14.00|30.00|900421
11020|16.00|32.00|900419
11020|16.00|32.00|900421
11021|18.50|34.50|900420
11020|21.00|37.00|900419
11020|21.00|37.00|900421
11020|23.00|39.00|900419
11020|23.00|39.00|900421
11021|25.50|41.50|900420
11020|28.00|44.00|900419
11020|28.00|44.00|900421
11020|30.00|46.00|900419
11020|30.00|46.00|900421
11021|32.50|48.50|900420
11020|35.00|51.00|900419
11020|35.00|51.00|900421
11020|37.00|53.00|900419
11020|37.00|53.00|900421
11021|39.50|55.50|900420
11020|42.00|58.00|900419
11020|42.00|58.00|900421
11020|44.00|60.00|900419
11020|44.00|60.00|900421
11021|46.50|62.50|900420
11020|49.00|65.00|900419
11020|49.00|65.00|900421
11020|51.00|67.00|900419
11020|51.00|67.00|900421
11021|53.50|69.50|900420
