70
77228|0.00|70.00|900453
11002|0.00|40.00|900425
11002|0.00|40.00|900426
11003|0.00|40.00|900427
11003|0.00|40.00|900428
11002|0.50|40.50|900425
11002|0.50|40.50|900426
11003|0.50|40.50|900427
11003|0.50|40.50|900428
11002|1.00|41.00|900425
11002|1.00|41.00|900426
11003|1.00|41.00|900427
11003|1.00|41.00|900428
11002|1.50|41.50|900425
11002|1.50|41.50|900426
11003|1.50|41.50|900427
11003|1.50|41.50|900428
11002|2.00|42.00|900425
11002|2.00|42.00|900426
11003|2.00|42.00|900427
11003|2.00|42.00|900428
11002|2.50|42.50|900425
11002|2.50|42.50|900426
11003|2.50|42.50|900427
11003|2.50|42.50|900428
11002|3.00|43.00|900425
11002|3.00|43.00|900426
11003|3.00|43.00|900427
11003|3.00|43.00|900428
11002|3.50|43.50|900425
11002|3.50|43.50|900426
11003|3.50|43.50|900427
11003|3.50|43.50|900428
11002|4.00|44.00|900425
11002|4.00|44.00|900426
11003|4.00|44.00|900427
11003|4.00|44.00|900428
11002|4.50|44.50|900425
11002|4.50|44.50|900426
11003|4.50|44.50|900427
11003|4.50|44.50|900428
11002|5.00|45.00|900425
11002|5.00|45.00|900426
11003|5.00|45.00|900427
11003|5.00|45.00|900428
11002|5.50|45.50|900425
11002|5.50|45.50|900426
11003|5.50|45.50|900427
11003|5.50|45.50|900428
11002|6.00|46.00|900425
11002|6.00|46.00|900426
11003|6.00|46.00|900427
11003|6.00|46.00|900428
11002|6.50|46.50|900425
11002|6.50|46.50|900426
11003|6.50|46.50|900427
11003|6.50|46.50|900428
11002|7.00|47.00|900425
11002|7.00|47.00|900426
11003|7.00|47.00|900427
11003|7.00|47.00|900428
11002|7.50|47.50|900425
11002|7.50|47.50|900426
11003|7.50|47.50|900427
11003|7.50|47.50|900428
11002|8.00|48.00|900425
11002|8.00|48.00|900426
11003|8.00|48.00|900427
11003|8.00|48.00|900428
11002|8.50|48.50|900425
11002|8.50|48.50|900426
11003|8.50|48.50|900427
11003|8.50|48.50|900428
11002|9.00|49.00|900425
11002|9.00|49.00|900426
11003|9.00|49.00|900427
11003|9.00|49.00|900428
11002|9.50|49.50|900425
11002|9.50|49.50|900426
11003|9.50|49.50|900427
11003|9.50|49.50|900428
11002|10.00|50.00|900425
11002|10.00|50.00|900426
11003|10.00|50.00|900427
11003|10.00|50.00|900428
11002|10.50|50.50|900425
11002|10.50|50.50|900426
11003|10.50|50.50|900427
11003|10.50|50.50|900428
11002|11.00|51.00|900425
11002|11.00|51.00|900426
11003|11.00|51.00|900427
11003|11.00|51.00|900428
11002|11.50|51.50|900425
11002|11.50|51.50|900426
11003|11.50|51.50|900427
11003|11.50|51.50|900428
11002|12.00|52.00|900425
11002|12.00|52.00|900426
11003|12.00|52.00|900427
11003|12.00|52.00|900428
11002|12.50|52.50|900425
11002|12.50|52.50|900426
11003|12.50|52.50|900427
11003|12.50|52.50|900428
11002|13.00|53.00|900425
11002|13.00|53.00|900426
11003|13.00|53.00|900427
11003|13.00|53.00|900428
11002|13.50|53.50|900425
11002|13.50|53.50|900426
11003|13.50|53.50|900427
11003|13.50|53.50|900428
11002|14.00|54.00|900425
11002|14.00|54.00|900426
11003|14.00|54.00|900427
11003|14.00|54.00|900428
11002|14.50|54.50|900425
11002|14.50|54.50|900426
11003|14.50|54.50|900427
11003|14.50|54.50|900428
11002|15.00|55.00|900425
11002|15.00|55.00|900426
11003|15.00|55.00|900427
11003|15.00|55.00|900428
11002|15.50|55.50|900425
11002|15.50|55.50|900426
11003|15.50|55.50|900427
11003|15.50|55.50|900428
11002|16.00|56.00|900425
11002|16.00|56.00|900426
11003|16.00|56.00|900427
11003|16.00|56.00|900428
11002|16.50|56.50|900425
11002|16.50|56.50|900426
11003|16.50|56.50|900427
11003|16.50|56.50|900428
11002|17.00|57.00|900425
11002|17.00|57.00|900426
11003|17.00|57.00|900427
11003|17.00|57.00|900428
11002|17.50|57.50|900425
11002|17.50|57.50|900426
11003|17.50|57.50|900427
11003|17.50|57.50|900428
11002|18.00|58.00|900425
11002|18.00|58.00|900426
11003|18.00|58.00|900427
11003|18.00|58.00|900428
11002|18.50|58.50|900425
11002|18.50|58.50|900426
11003|18.50|58.50|900427
11003|18.50|58.50|900428
11002|19.00|59.00|900425
11002|19.00|59.00|900426
11003|19.00|59.00|900427
11003|19.00|59.00|900428
11002|19.50|59.50|900425
11002|19.50|59.50|900426
11003|19.50|59.50|900427
11003|19.50|59.50|900428
11002|20.00|60.00|900425
11002|20.00|60.00|900426
11003|20.00|60.00|900427
11003|20.00|60.00|900428
11002|20.50|60.50|900425
11002|20.50|60.50|900426
11003|20.50|60.50|900427
11003|20.50|60.50|900428
11002|21.00|61.00|900425
11002|21.00|61.00|900426
11003|21.00|61.00|900427
11003|21.00|61.00|900428
11002|21.50|61.50|900425
11002|21.50|61.50|900426
11003|21.50|61.50|900427
11003|21.50|61.50|900428
11002|22.00|62.00|900425
11002|22.00|62.00|900426
11003|22.00|62.00|900427
11003|22.00|62.00|900428
11002|22.50|62.50|900425
11002|22.50|62.50|900426
11003|22.50|62.50|900427
11003|22.50|62.50|900428
11002|23.00|63.00|900425
11002|23.00|63.00|900426
11003|23.00|63.00|900427
11003|23.00|63.00|900428
11002|23.50|63.50|900425
11002|23.50|63.50|900426
11003|23.50|63.50|900427
11003|23.50|63.50|900428
11002|24.00|64.00|900425
11002|24.00|64.00|900426
11003|24.00|64.00|900427
11003|24.00|64.00|900428
11002|24.50|64.50|900425
11002|24.50|64.50|900426
11003|24.50|64.50|900427
11003|24.50|64.50|900428
11002|25.00|65.00|900425
11002|25.00|65.00|900426
11003|25.00|65.00|900427
11003|25.00|65.00|900428
11002|25.50|65.50|900425
11002|25.50|65.50|900426
11003|25.50|65.50|900427
11003|25.50|65.50|900428
11002|26.00|66.00|900425
11002|26.00|66.00|900426
11003|26.00|66.00|900427
11003|26.00|66.00|900428
11002|26.50|66.50|900425
11002|26.50|66.50|900426
11003|26.50|66.50|900427
11003|26.50|66.50|900428
11002|27.00|67.00|900425
11002|27.00|67.00|900426
11003|27.00|67.00|900427
11003|27.00|67.00|900428
11002|27.50|67.50|900425
11002|27.50|67.50|900426
11003|27.50|67.50|900427
11003|27.50|67.50|900428
11002|28.00|68.00|900425
11002|28.00|68.00|900426
11003|28.00|68.00|900427
11003|28.00|68.00|900428
11002|28.50|68.50|900425
11002|28.50|68.50|900426
11003|28.50|68.50|900427
11003|28.50|68.50|900428
11002|29.00|69.00|900425
11002|29.00|69.00|900426
11003|29.00|69.00|900427
11003|29.00|69.00|900428
11002|29.50|69.50|900425
11002|29.50|69.50|900426
11003|29.50|69.50|900427
11003|29.50|69.50|900428
11002|30.00|70.00|900425
11002|30.00|70.00|900426
11003|30.00|70.00|900427
11003|30.00|70.00|900428
