71
14013|0.00|20.00|900405
11021|3.00|23.00|900405
14013|6.00|26.00|900405
11021|9.00|29.00|900405
14013|12.00|32.00|900405
11021|15.00|35.00|900405
14013|18.00|38.00|900405
11021|21.00|41.00|900405
14013|24.00|44.00|900405
11021|27.00|47.00|900405
14013|30.00|50.00|900405
11021|33.00|53.00|900405
14013|36.00|56.00|900405
11021|39.00|59.00|900405
14013|42.00|62.00|900405
11021|45.00|65.00|900405
14013|48.00|68.00|900405
11021|51.00|71.00|900405
11007|2.00|17.00|900406
11007|2.00|17.00|900407
11007|2.50|17.50|900406
11007|2.50|17.50|900407
11007|3.00|18.00|900406
11007|3.00|18.00|900407
11007|3.50|18.50|900406
11007|3.50|18.50|900407
11007|4.00|19.00|900406
11007|4.00|19.00|900407
11007|4.50|19.50|900406
11007|4.50|19.50|900407
11007|5.00|20.00|900406
11007|5.00|20.00|900407
11007|5.50|20.50|900406
11007|5.50|20.50|900407
11007|6.00|21.00|900406
11007|6.00|21.00|900407
11007|6.50|21.50|900406
11007|6.50|21.50|900407
11007|7.00|22.00|900406
11007|7.00|22.00|900407
11007|7.50|22.50|900406
11007|7.50|22.50|900407
11007|8.00|23.00|900406
11007|8.00|23.00|900407
11007|8.50|23.50|900406
11007|8.50|23.50|900407
11007|9.00|24.00|900406
11007|9.00|24.00|900407
11007|9.50|24.50|900406
11007|9.50|24.50|900407
11007|10.00|25.00|900406
11007|10.00|25.00|900407
11007|10.50|25.50|900406
11007|10.50|25.50|900407
11007|11.00|26.00|900406
11007|11.00|26.00|900407
11007|11.50|26.50|900406
11007|11.50|26.50|900407
11007|12.00|27.00|900406
11007|12.00|27.00|900407
11007|12.50|27.50|900406
11007|12.50|27.50|900407
11007|13.00|28.00|900406
11007|13.00|28.00|900407
11007|13.50|28.50|900406
11007|13.50|28.50|900407
11007|14.00|29.00|900406
11007|14.00|29.00|900407
11007|14.50|29.50|900406
11007|14.50|29.50|900407
11007|15.00|30.00|900406
11007|15.00|30.00|900407
11007|15.50|30.50|900406
11007|15.50|30.50|900407
11007|16.00|31.00|900406
11007|16.00|31.00|900407
11007|16.50|31.50|900406
11007|16.50|31.50|900407
11007|17.00|32.00|900406
11007|17.00|32.00|900407
11007|17.50|32.50|900406
11007|17.50|32.50|900407
11007|18.00|33.00|900406
11007|18.00|33.00|900407
11007|18.50|33.50|900406
11007|18.50|33.50|900407
11007|19.00|34.00|900406
11007|19.00|34.00|900407
11007|19.50|34.50|900406
11007|19.50|34.50|900407
11007|20.00|35.00|900406
11007|20.00|35.00|900407
11007|20.50|35.50|900406
11007|20.50|35.50|900407
11007|21.00|36.00|900406
11007|21.00|36.00|900407
11007|21.50|36.50|900406
11007|21.50|36.50|900407
11007|22.00|37.00|900406
11007|22.00|37.00|900407
11007|22.50|37.50|900406
11007|22.50|37.50|900407
11007|23.00|38.00|900406
11007|23.00|38.00|900407
11007|23.50|38.50|900406
11007|23.50|38.50|900407
11007|24.00|39.00|900406
11007|24.00|39.00|900407
11007|24.50|39.50|900406
11007|24.50|39.50|900407
11007|25.00|40.00|900406
11007|25.00|40.00|900407
11007|25.50|40.50|900406
11007|25.50|40.50|900407
11007|26.00|41.00|900406
11007|26.00|41.00|900407
11007|26.50|41.50|900406
11007|26.50|41.50|900407
11007|27.00|42.00|900406
11007|27.00|42.00|900407
11007|27.50|42.50|900406
11007|27.50|42.50|900407
11007|28.00|43.00|900406
11007|28.00|43.00|900407
11007|28.50|43.50|900406
11007|28.50|43.50|900407
11007|29.00|44.00|900406
11007|29.00|44.00|900407
11007|29.50|44.50|900406
11007|29.50|44.50|900407
11007|30.00|45.00|900406
11007|30.00|45.00|900407
11007|30.50|45.50|900406
11007|30.50|45.50|900407
11007|31.00|46.00|900406
11007|31.00|46.00|900407
11007|31.50|46.50|900406
11007|31.50|46.50|900407
11007|32.00|47.00|900406
11007|32.00|47.00|900407
11007|32.50|47.50|900406
11007|32.50|47.50|900407
11007|33.00|48.00|900406
11007|33.00|48.00|900407
11007|33.50|48.50|900406
11007|33.50|48.50|900407
11007|34.00|49.00|900406
11007|34.00|49.00|900407
11007|34.50|49.50|900406
11007|34.50|49.50|900407
11007|35.00|50.00|900406
11007|35.00|50.00|900407
11007|35.50|50.50|900406
11007|35.50|50.50|900407
11007|36.00|51.00|900406
11007|36.00|51.00|900407
11007|36.50|51.50|900406
11007|36.50|51.50|900407
11007|37.00|52.00|900406
11007|37.00|52.00|900407
11007|37.50|52.50|900406
11007|37.50|52.50|900407
11007|38.00|53.00|900406
11007|38.00|53.00|900407
11007|38.50|53.50|900406
11007|38.50|53.50|900407
11007|39.00|54.00|900406
11007|39.00|54.00|900407
11007|39.50|54.50|900406
11007|39.50|54.50|900407
11007|40.00|55.00|900406
11007|40.00|55.00|900407
11007|40.50|55.50|900406
11007|40.50|55.50|900407
11007|41.00|56.00|900406
11007|41.00|56.00|900407
11007|41.50|56.50|900406
11007|41.50|56.50|900407
11007|42.00|57.00|900406
11007|42.00|57.00|900407
11007|42.50|57.50|900406
11007|42.50|57.50|900407
11007|43.00|58.00|900406
11007|43.00|58.00|900407
11007|43.50|58.50|900406
11007|43.50|58.50|900407
11007|44.00|59.00|900406
11007|44.00|59.00|900407
11007|44.50|59.50|900406
11007|44.50|59.50|900407
11007|45.00|60.00|900406
11007|45.00|60.00|900407
11007|45.50|60.50|900406
11007|45.50|60.50|900407
11007|46.00|61.00|900406
11007|46.00|61.00|900407
11007|46.50|61.50|900406
11007|46.50|61.50|900407
11007|47.00|62.00|900406
11007|47.00|62.00|900407
11007|47.50|62.50|900406
11007|47.50|62.50|900407
11007|48.00|63.00|900406
11007|48.00|63.00|900407
11007|48.50|63.50|900406
11007|48.50|63.50|900407
11007|49.00|64.00|900406
11007|49.00|64.00|900407
11007|49.50|64.50|900406
11007|49.50|64.50|900407
11007|50.00|65.00|900406
11007|50.00|65.00|900407
11007|50.50|65.50|900406
11007|50.50|65.50|900407
11007|51.00|66.00|900406
11007|51.00|66.00|900407
11007|51.50|66.50|900406
11007|51.50|66.50|900407
11007|52.00|67.00|900406
11007|52.00|67.00|900407
11007|52.50|67.50|900406
11007|52.50|67.50|900407
11007|53.00|68.00|900406
11007|53.00|68.00|900407
11007|53.50|68.50|900406
11007|53.50|68.50|900407
11007|54.00|69.00|900406
11007|54.00|69.00|900407
11007|54.50|69.50|900406
11007|54.50|69.50|900407
11007|55.00|70.00|900406
11007|55.00|70.00|900407
