72
14015|0.00|20.00|900405
11024|3.00|23.00|900405
14015|6.00|26.00|900405
11024|9.00|29.00|900405
14015|12.00|32.00|900405
11024|15.00|35.00|900405
14015|18.00|38.00|900405
11024|21.00|41.00|900405
14015|24.00|44.00|900405
11024|27.00|47.00|900405
14015|30.00|50.00|900405
11024|33.00|53.00|900405
14015|36.00|56.00|900405
11024|39.00|59.00|900405
14015|42.00|62.00|900405
11024|45.00|65.00|900405
14015|48.00|68.00|900405
11024|51.00|71.00|900405
11003|5.00|20.00|900406
11003|5.00|20.00|900407
11003|5.50|20.50|900406
11003|5.50|20.50|900407
11003|6.00|21.00|900406
11003|6.00|21.00|900407
11003|6.50|21.50|900406
11003|6.50|21.50|900407
11003|7.00|22.00|900406
11003|7.00|22.00|900407
11003|7.50|22.50|900406
11003|7.50|22.50|900407
11003|8.00|23.00|900406
11003|8.00|23.00|900407
11003|8.50|23.50|900406
11003|8.50|23.50|900407
11003|9.00|24.00|900406
11003|9.00|24.00|900407
11003|9.50|24.50|900406
11003|9.50|24.50|900407
11003|10.00|25.00|900406
11003|10.00|25.00|900407
11003|10.50|25.50|900406
11003|10.50|25.50|900407
11003|11.00|26.00|900406
11003|11.00|26.00|900407
11003|11.50|26.50|900406
11003|11.50|26.50|900407
11003|12.00|27.00|900406
11003|12.00|27.00|900407
11003|12.50|27.50|900406
11003|12.50|27.50|900407
11003|13.00|28.00|900406
11003|13.00|28.00|900407
11003|13.50|28.50|900406
11003|13.50|28.50|900407
11003|14.00|29.00|900406
11003|14.00|29.00|900407
11003|14.50|29.50|900406
11003|14.50|29.50|900407
11003|15.00|30.00|900406
11003|15.00|30.00|900407
11003|15.50|30.50|900406
11003|15.50|30.50|900407
11003|16.00|31.00|900406
11003|16.00|31.00|900407
11003|16.50|31.50|900406
11003|16.50|31.50|900407
11003|17.00|32.00|900406
11003|17.00|32.00|900407
11003|17.50|32.50|900406
11003|17.50|32.50|900407
11003|18.00|33.00|900406
11003|18.00|33.00|900407
11003|18.50|33.50|900406
11003|18.50|33.50|900407
11003|19.00|34.00|900406
11003|19.00|34.00|900407
11003|19.50|34.50|900406
11003|19.50|34.50|900407
11003|20.00|35.00|900406
11003|20.00|35.00|900407
11003|20.50|35.50|900406
11003|20.50|35.50|900407
11003|21.00|36.00|900406
11003|21.00|36.00|900407
11003|21.50|36.50|900406
11003|21.50|36.50|900407
11003|22.00|37.00|900406
11003|22.00|37.00|900407
11003|22.50|37.50|900406
11003|22.50|37.50|900407
11003|23.00|38.00|900406
11003|23.00|38.00|900407
11003|23.50|38.50|900406
11003|23.50|38.50|900407
11003|24.00|39.00|900406
11003|24.00|39.00|900407
11003|24.50|39.50|900406
11003|24.50|39.50|900407
11003|25.00|40.00|900406
11003|25.00|40.00|900407
11003|25.50|40.50|900406
11003|25.50|40.50|900407
11003|26.00|41.00|900406
11003|26.00|41.00|900407
11003|26.50|41.50|900406
11003|26.50|41.50|900407
11003|27.00|42.00|900406
11003|27.00|42.00|900407
11003|27.50|42.50|900406
11003|27.50|42.50|900407
11003|28.00|43.00|900406
11003|28.00|43.00|900407
11003|28.50|43.50|900406
11003|28.50|43.50|900407
11003|29.00|44.00|900406
11003|29.00|44.00|900407
11003|29.50|44.50|900406
11003|29.50|44.50|900407
11003|30.00|45.00|900406
11003|30.00|45.00|900407
11003|30.50|45.50|900406
11003|30.50|45.50|900407
11003|31.00|46.00|900406
11003|31.00|46.00|900407
11003|31.50|46.50|900406
11003|31.50|46.50|900407
11003|32.00|47.00|900406
11003|32.00|47.00|900407
11003|32.50|47.50|900406
11003|32.50|47.50|900407
11003|33.00|48.00|900406
11003|33.00|48.00|900407
11003|33.50|48.50|900406
11003|33.50|48.50|900407
11003|34.00|49.00|900406
11003|34.00|49.00|900407
11003|34.50|49.50|900406
11003|34.50|49.50|900407
11003|35.00|50.00|900406
11003|35.00|50.00|900407
11003|35.50|50.50|900406
11003|35.50|50.50|900407
11003|36.00|51.00|900406
11003|36.00|51.00|900407
11003|36.50|51.50|900406
11003|36.50|51.50|900407
11003|37.00|52.00|900406
11003|37.00|52.00|900407
11003|37.50|52.50|900406
11003|37.50|52.50|900407
11003|38.00|53.00|900406
11003|38.00|53.00|900407
11003|38.50|53.50|900406
11003|38.50|53.50|900407
11003|39.00|54.00|900406
11003|39.00|54.00|900407
11003|39.50|54.50|900406
11003|39.50|54.50|900407
11003|40.00|55.00|900406
11003|40.00|55.00|900407
11003|40.50|55.50|900406
11003|40.50|55.50|900407
11003|41.00|56.00|900406
11003|41.00|56.00|900407
11003|41.50|56.50|900406
11003|41.50|56.50|900407
11003|42.00|57.00|900406
11003|42.00|57.00|900407
11003|42.50|57.50|900406
11003|42.50|57.50|900407
11003|43.00|58.00|900406
11003|43.00|58.00|900407
11003|43.50|58.50|900406
11003|43.50|58.50|900407
11003|44.00|59.00|900406
11003|44.00|59.00|900407
11003|44.50|59.50|900406
11003|44.50|59.50|900407
11003|45.00|60.00|900406
11003|45.00|60.00|900407
11003|45.50|60.50|900406
11003|45.50|60.50|900407
11003|46.00|61.00|900406
11003|46.00|61.00|900407
11003|46.50|61.50|900406
11003|46.50|61.50|900407
11003|47.00|62.00|900406
11003|47.00|62.00|900407
11003|47.50|62.50|900406
11003|47.50|62.50|900407
11003|48.00|63.00|900406
11003|48.00|63.00|900407
11003|48.50|63.50|900406
11003|48.50|63.50|900407
11003|49.00|64.00|900406
11003|49.00|64.00|900407
11003|49.50|64.50|900406
11003|49.50|64.50|900407
11003|50.00|65.00|900406
11003|50.00|65.00|900407
11003|50.50|65.50|900406
11003|50.50|65.50|900407
11003|51.00|66.00|900406
11003|51.00|66.00|900407
11003|51.50|66.50|900406
11003|51.50|66.50|900407
11003|52.00|67.00|900406
11003|52.00|67.00|900407
11003|52.50|67.50|900406
11003|52.50|67.50|900407
11003|53.00|68.00|900406
11003|53.00|68.00|900407
11003|53.50|68.50|900406
11003|53.50|68.50|900407
11003|54.00|69.00|900406
11003|54.00|69.00|900407
11003|54.50|69.50|900406
11003|54.50|69.50|900407
11003|55.00|70.00|900406
11003|55.00|70.00|900407
